addr,total,success,fail
0x16e5b9e85c438f743c7c4a858c2bfc24c637d184,50,2,48
0xac28f6d70c6c6d5089e506efb80624b8ecb666f8,258,0,258
0x3ef4cfb7f36830c7a6de299409131fc7b4dbacbe,57,9,48
0x43dfc4159d86f3a37a5a4b3d4580b888ad7d4ddd,263,236,27
0xa38db444a823290dbc1be346a475564abfacbadc,138,4,134
0x1afef6b252cc35ec061efe6a9676c90915a73f18,261,18,243
0xef0a7481c30d056aef9c075f5d48ead31ac52336,396,120,276
0x672ab08eaca5506e473798fbe982dcf50405d1be,240,15,225
0xf6832ea221ebfdc2363729721a146e6745354b14,106,2,104
0x38ca49b6dfa820bca917a60995cc07b88db7dc4d,251,0,251
0xed04915c23f00a313a544955524eb7dbd823143d,202,191,11
0x48da0766131fd6a099da1af852dc740e80b60e70,143,9,134
0xb0c7a3ba49c7a6eaba6cd4a96c55a1391070ac9a,132,126,6
0xa775a866407e78cb5f66d16e6f3a75f1430aa51d,98,10,88
0x77f649385ca963859693c3d3299d36dfc7324eb9,404,17,387
0xb060204e66bfc61e428d42a5aa58715051f3409c,81,0,81
0xe02f11277cfa84c696370c097c51848c6a6523b3,124,0,124
0x79e0f1936b3f15a9e8dd514a3ec01034c0d9fcc6,120,25,95
0xa9598333b99d14d90bc81cad8af82c4c70625e75,56,2,54
0xe47fd6eafb89abce67071a7739ff2018c218ba8a,168,6,162
0xb26c4b3ca601136daf98593feaeff9e0ca702a8d,96,2,94
0x9043c7aeafc7c4c5e4293a4bb924980c56c7dae3,157,7,150
0xa9fdb3f96fae7c12d70393659867c6115683ada0,365,37,328
0xddfecd15f89e174e9f01a5ece6c7fe6e811ccd33,240,10,230
0xf8a039669c2c13222d523bfbfc32381835342319,54,1,53
0xd64a6f3c0bc12a619ff7eef511b0258da913c5c3,39,39,0
0xfb67b3868d5fdcae0e93f254e50c4ac552eae270,63,34,29
0xc4219ce63cec2236a955655951aea9b6f8b2431b,117,1,116
0x0fa48014a47a2105876969389b0fc34c582e197f,58,0,58
0xbd6038c4bb496e0ea4d67115a927bdcfb99cdc11,73,10,63
0xd6c037be7fa60587e174db7a6710f7635d2971e7,178,175,3
0x9e8bfe46f9af27c5ea5c9c72b86d71bb86953a0c,65,63,2
0xdc6d986555be939d83e317e7534edc64ca81e7c6,15,5,10
0x7b86600211e62b597e7cea03476b9efeb6872962,395,1,394
0xaf691508ba57d416f895e32a1616da1024e882d2,83,7,76
0x030a868aa956ab97f6ed4431663ea0f7db0f9aed,122,11,111
0xb487a91382cd66076fc4c1af4d7d8ce7f929a9ba,280,39,241
0x37e83a94c6b1bdb816b59ac71dd02cf154d8111f,44,44,0
0x22de9912cd3d74953b1cd1f250b825133cc2c1b3,185,185,0
0xb4312305beefb7caef11432e74bcd5d9ebcdd992,379,14,365
0xbbfb6e466f376e493da35b5665dbfc19f7204231,127,6,121
0x1dfe7ca09e99d10835bf73044a23b73fc20623df,448,13,435
0xf5cfbc74057c610c8ef151a439252680ac68c6dc,75,9,66
0x455308652b44ac78def0f91149adfb834c0b3017,40,0,40
0x9d49bfc921f36448234b0efa67b5f91b3c691515,34,34,0
0x29e99baefeac4fe2b3dddbbfc18a517fb7d6ddf8,40,3,37
0x3333336d579a0107849eb68c9f1c0b92d48c2889,77,44,33
0x869e1f1bee079ba382b64bfecab476211d699845,108,0,108
0xc0a4df35568f116c370e6a6a6022ceb908eeddac,55,49,6
0x8e44ebb62ef1d1191eda8e5f1cb2ffc279182c5b,138,40,98
0xcb86c6a22cb56b6cf40cafedb06ba0df188a416e,91,91,0
0xc07a150ecadf2cc352f5586396e344a6b17625eb,86,28,58
0x94e496474f1725f1c1824cb5bdb92d7691a4f03a,65,2,63
0xf66cd2f8755a21d3c8683a10269f795c0532dd58,66,63,3
0xcf86a1122cb1540f3183ad5b1e8a488a4eae7f3b,193,10,183
0xdcd9ff86d4272ecb9cab26b5949a00bd02dfd931,57,2,55
0x7037843d739d846cdce3a6839a80f7d70b60b99a,71,15,56
0xbb126042235e6bd38b17744cb31a8bf4a206c045,122,121,1
0x2a8e1e676ec238d8a992307b495b45b3feaa5e86,359,357,2
0x64aa3364f17a4d01c6f1751fd97c2bd3d7e7f1d5,166,6,160
0x25c5515918f4281ef3efbd91a56e4700ab8cf893,111,7,104
0x98dfb360cbc65045a8415fa2514f549cd3000f02,494,494,0
0x74211ca76d4cdd26c143e8ffd74469a04ae4e43b,1185,6,1179
0x0d438f3b5175bebc262bf23753c1e53d03432bde,444,3,441
0x4dc6d9536b82552dd1f783fdf5810e517137e1e1,31,0,31
0xd4dd6074a4614b7f9bdfc721add6412a9d93005f,72,2,70
0x5b4130c81c3ae213e4cdfe32d568bbaa2fe80c26,172,0,172
0xee4458e052b533b1aabd493b5f8c4d85d7b263dc,222,222,0
0x02aa731631c6d7f8241d74f906f5b51724ab98f8,294,12,282
0xfd3fd9b793bac60e7f0a9b9fb759db3e250383cb,196,14,182
0x9c9502eac5781513405bab0345ba6cbb7e4756c5,26,25,1
0x1aba27d6a420feb25af6cf6b80b93b7526725a71,103,0,103
0xa336fbb3c26fc811c7375eda079aa0916d5e7ec3,18,0,18
0x61b5c3aee3a25f6f83531d548a4d2ee58450f5d9,65,1,64
0x84f4226af1eb4b5e76c5dd203eef7f1f3452fb9d,178,1,177
0x4dab23c0a529d1caf86f7a902d5340959d170c1e,235,26,209
0xdd43bc8a9116f0ab39ea5fc0b61f2521b7c23e28,323,2,321
0x2c974b2d0ba1716e644c1fc59982a89ddd2ff724,364,351,13
0x7d8820fa92eb1584636f4f5b8515b5476b75171a,193,9,184
0xfbbe9b1142c699512545f47937ee6fae0e4b0aa9,107,2,105
0x5b322514ff727253292637d9054301600c2c81e8,108,93,15
0xabe580e7ee158da464b51ee1a83ac0289622e6be,166,162,4
0x4ca4d3b5b01207ffce9bea2db9857d4804aa89f3,326,34,292
0x8af7abb1c69bf0a8d3b49b252fff2843596504a2,156,1,155
0xb1abd7aba7d99bbefb33d1dfc66b0dd522335350,43,0,43
0x6250b989ecf7cb82c7892e1cea604ed813423635,131,29,102
0xa2cd3d43c775978a96bdbf12d733d5a1ed94fb18,135,2,133
0xd77e17ecc3942b6e83f67c56999c5230c70a85a4,157,22,135
0xd55236d48606c295adebf129dad04fc74bfaa708,68,6,62
0xe7574b5b209d90eb04361da02bc2238f166ec985,231,231,0
0xdab1d2ffb0fc22c9dde2c4474220c50164ff124c,145,10,135
0xb3165abdfeb0a3779264aac5c71b81b1b9a4b705,182,1,181
0x45ebb5fe718f40052fb2dc2463c13717b7b72768,209,0,209
0x6f75beaa3d3d8a15e08a9f499464c696fc4d4cde,286,1,285
0xc94f2ad944c0c2f456d051010d5f0e69a4a33043,84,2,82
0x2781246fe707bb15cee3e5ea354e2154a2877b16,171,162,9
0x09f643dd754fc4effd1d2ddcf0143b54122f5aeb,371,21,350
0x10010078a54396f62c96df8532dc2b4847d47ed3,52,49,3
0x0b63128c40737b13647552e0c926bcfeccc35f93,136,10,126
0xea5f70faa03f5c30b96029635c8d431d1a3cd1b8,174,47,127
0xd487892bb4c57edbe7ab401d9fe801c8fe6473f5,70,13,57
0xa3a5c5a9494640b2c15b1ff328bb26809279fa1f,36,2,34
0x8b27a351690e62b623a7630c5294e7dac5371723,223,28,195
0x31fdd1c6607f47c14a2821f599211c67ac20fa96,71,71,0
0x01379a8c67466af8ce0cf1f99c3d8208b2a3af23,144,13,131
0x6ce9ee25a3942baab219c2ee6fadcb8abefaee52,119,4,115
0x97872eafd79940c7b24f7bcc1eadb1457347adc9,90,10,80
0x0b4b2ba334f476c8f41bfe52a428d6891755554d,170,1,169
0xa3e53fe692eeda3502cf5ccfd8a535e1f93d23dd,60,56,4
0xad22f63404f7305e4713ccbd4f296f34770513f4,268,264,4
0x853d955acef822db058eb8505911ed77f175b99e,330,4,326
0xa18c3352be081c47abd207b0361c09b74223a1fe,12,4,8
0xd794dd1cada4cf79c9eebaab8327a1b0507ef7d4,190,7,183
0xddfc15ec4a1d1f1cf15dc047dd4f0cc24de0fc34,167,1,166
0x7e655c4382633b9764ee2c63543ee9501c5ffc36,474,29,445
0x98ab7eaacb2f5157a40a9d1de6c2abd1a73ef9fa,79,7,72
0xaa462106da447c0440a4be29614c19387a59a331,197,31,166
0x91401cedcbfd9680ce193a5f54e716504233e998,391,122,269
0x17f5655c7d834e4772171f30e7315bbc3221f1ee,78,27,51
0x58519ea95cdfad3622c4c574e61a58fa257d9e77,348,0,348
0xb0f466cc45dc73d0a6ea889c63390aeea7b6dcc5,83,20,63
0x5c76ad4764a4607cd57644faa937a8ca16729e39,428,3,425
0x999e88075692bcee3dbc07e7e64cd32f39a1d3ab,126,11,115
0xed0439eacf4c4965ae4613d77a5c2efe10e5f183,176,112,64
0xd432e8611377e307d3e5710132515be1e6aa6156,111,3,108
0x3e5d9d8a63cc8a88748f229999cf59487e90721e,129,14,115
0x1c4853ec0d55e420002c5efabc7ed8e0ba7a4121,92,3,89
0x33d203fa03bb30b133de0fe2d6533c268ba286b6,159,1,158
0x97ca7fe0b0288f5eb85f386fed876618fb9b8ab8,345,4,341
0x5fc045f01a83bd0bfa755815cfc1238f6a0f7d1d,186,20,166
0x7ddc52c4de30e94be3a6a0a2b259b2850f421989,130,13,117
0xfe5f69dfa2d4501e78078266f6d430c079098f90,209,1,208
0x6399c842dd2be3de30bf99bc7d1bbf6fa3650e70,132,1,131
0x1afb69dbc9f54d08dab1bd3436f8da1af819e647,43,11,32
0xcc6c340b722fb9f4551ad45939fd1457f0e218c6,195,2,193
0x3bcf909d564bdac5d7ead28a99664643aabe961a,27,26,1
0x45348f717d9ed95e89ac081b03b7e3aea423cd98,34,0,34
0x9a534628b4062e123ce7ee2222ec20b86e16ca8f,277,17,260
0x01cecf7a8f0095fa622ff03d714fd2244548da35,69,21,48
0x9d418c2cae665d877f909a725402ebd3a0742844,256,21,235
0xbc7250c8c3eca1dfc1728620af835fca489bfdf3,241,5,236
0x805c09e9e312b5bc1b747cffe64e2d8926270d78,78,1,77
0x961c8c0b1aad0c0b10a51fef6a867e3091bcef17,182,4,178
0x3491ead95de2f4a945c2ead3c3afe7747f2ae373,57,18,39
0xa55d9ef16af921b70fed1421c1d298ca5a3a18f1,45,0,45
0x31429d1856ad1377a8a0079410b297e1a9e214c2,104,39,65
0xc5fd1f4dcc8678c5cf5820e096b6db0a10aeeed1,115,3,112
0x4a81f77c8bbca2cba8110279cdbc9f1a8d3eae6b,243,0,243
0x2de72ada48bdf7bac276256d3f016fe058490c34,165,2,163
0xd3a517536da3491db848d260c1f3d81883b1aa7a,212,5,207
0x8392f6669292fa56123f71949b52d883ae57e225,456,343,113
0x9b0a29e23d4f1c0fa692c5fc73e05debe60579d2,71,12,59
0x84c722e6f1363e8d5c6db3ea600bef9a006da824,94,85,9
0x438626ba0a4776cf5d27581bdfb03b9633dc0a92,258,19,239
0xb33440566865f4433e28f90f61f0a8ec334b761e,70,1,69
0x384b6066cd1e0aea770790b3162a754b26ac5f15,311,0,311
0x3a00c557a2a0b7d4c5e05679c7904a970e5caccd,283,7,276
0xfd5a48faf70433437079ec4da290556b187732c7,31,31,0
0x9f1bf310f74c9674bb3ceb538fcdb7f8dfba3f0d,53,2,51
0xdc193fa6f30635e569ae23f1bd61c9aa9f522044,144,0,144
0x3c03b4ec9477809072ff9cc9292c9b25d4a8e6c6,179,4,175
0xda30f261a962d5aae94c9ecd170544600d193766,26,2,24
0x0e42fb5f6c542a8a027e09ec71380cbb44dbbf5a,95,52,43
0xb9ef770b6a5e12e45983c5d80545258aa38f3b78,269,266,3
0x7f0693074f8064cfbcf9fa6e5a3fa0e4f58ccccf,49,49,0
0xeff3f1b9400d6d0f1e8805bdde592f61535f5ecd,63,56,7
0x6ae42c0242ec9a6960b89d5a88d9c3406be31bd1,449,7,442
0x06fcbf38e823efc1e609b9491aab546334c6ee69,96,52,44
0x4acf80143e386a2cf97a9ef9d6fb50103f20f087,36,0,36
0x5465a6f97b6c8b9016611de75508404fb5704ab6,126,1,125
0x5db3445c2c6ee45a2923ce96e17d9b7ed60b0e61,428,5,423
0x4d8161421e3794b987e83a0ee6371c17bff69348,39,2,37
0xe7623b874531eb96e049f9d5a47ad14bd25ce28d,130,0,130
0x7dfb72a2aad08c937706f21421b15bfc34cba9ca,71,70,1
0xeee01e9364c2bf5aff24328fb5bdfb98ff5ceee3,202,2,200
0xff80bd43e3f0e414afc70cb8ac1d3f0e6a303a2f,89,22,67
0x21a961f46d40085094a7d0e729c99141e68969eb,44,15,29
0xd2dda223b2617cb616c1580db421e4cfae6a8a85,251,116,135
0x5b31b8ca1770cf1f817146b4cd2078bf8629bf8a,26,24,2
0xc9da65931abf0ed1b74ce5ad8c041c4220940368,33,33,0
0x80d4914685ba4bca07a995bb160a8fc4cd4de5b6,200,35,165
0xbe50283a23cf952e78272d41adcf7ffad711b637,36,14,22
0x6c936d4ae98e6d2172db18c16c4b601c99918ee6,107,10,97
0xbd6442e65789bdc6a10f09bd13f7320337c5a38e,91,1,90
0xd478161c952357f05f0292b56012cd8457f1cfbf,210,107,103
0xf1a827c1fcbf26ac7c079039c50f633ab7a550bf,90,1,89
0xd30e98f68c1a42b1754ffe5de31841fb33d54870,94,3,91
0x5755ab845ddeab27e1cfce00cd629b2e135acc3d,146,3,143
0x53d690ac1c13e7ee2660fc31f7b36ffcdb7f2f42,20,0,20
0x5e30aaf41b0dff94672c8daf941a1fec5b8b6aaa,107,0,107
0xeba596f75b5b9f42ba75cf05912217134cb0d7c8,178,43,135
0xcd34bd199dd4cc11311ce62123081a83db6b44e2,210,1,209
0x47d748c9babd5cca642f9f98e07442c0b5b04d2f,410,0,410
0xac57de9c1a09fec648e93eb98875b212db0d460b,135,3,132
0x23ce9e926048273ef83be0a3a8ba9cb6d45cd978,12,12,0
0x419c4db4b9e25d6db2ad9691ccb832c8d9fda05e,485,485,0
0xf61f3c9cecb8d206dea1faed99a693e6d3baaef2,84,3,81
0x532e5efded726c6dde5228f35d805f531c14b0eb,110,2,108
0x8686525d6627a25c68de82c228448f43c97999f2,278,4,274
0x9f4909cc95fb870bf48c128c1fdbb5f482797632,142,0,142
0x8c9317a16fa01c0227a01e728d3069e0575a8d5c,137,7,130
0x4dfcad285ef39fed84e77edf1b7dbc442565e55e,100,44,56
0xa7e0719a65128b2f6cdbc86096753ff7d5962106,80,78,2
0x398aea1c9ceb7de800284bb399a15e0efe5a9ec2,58,55,3
0x085cc3b02a29d85c2cc314e1875d52c4e33386d7,87,0,87
0x4cd0ea8b1bdb5ab9249d96ccf3d8a0d3ada2bc76,152,6,146
0xdbbc658455c3fde5e5eabdcb2f0e53a585e9ed9d,39,1,38
0xe28b3b32b6c345a34ff64674606124dd5aceca30,281,30,251
0x39207d2e2feef178fbda8083914554c59d9f8c00,79,4,75
0x5f1cbe84d44e292fe3eae51b87f34bbdc8f04fc8,210,7,203
0x38ec27c6f05a169e7ed03132bca7d0cfee93c2c5,81,75,6
0xba100000625a3754423978a60c9317c58a424e3d,407,11,396
0x21381e026ad6d8266244f2a583b35f9e4413fa2a,111,14,97
0x31c823260528ba98e3bf797b2add2302af097392,165,31,134
0x74edaf28fc4b9e6a1618d613839daaf6a9d075db,128,1,127
0x47c6182b8afb58832b75f38dac2525e585fd7c59,140,79,61
0x429881672b9ae42b8eba0e26cd9c73711b891ca5,206,120,86
0x9b02dd390a603add5c07f9fd9175b7dabe8d63b7,235,4,231
0x88266e58a66cb5b1880814f6bfe5e12b68832b9d,10,10,0
0x0aa80dd6058d7730aeaea67c3525e7a61cda9725,28,2,26
0xd2877702675e6ceb975b4a1dff9fb7baf4c91ea9,437,87,350
0xbaf27074da56d208b4981305caf6b55c097f256b,47,1,46
0x60e4d786628fea6478f785a6d7e704777c86a7c6,480,5,475
0xa4e8c3ec456107ea67d3075bf9e3df3a75823db0,342,333,9
0x0dc56a3b08b8bf1545e08b840eeb085b9c123763,49,4,45
0xd3e4ba569045546d09cf021ecc5dfe42b1d7f6e4,132,62,70
0x89ab32156e46f46d02ade3fecbe5fc4243b9aaed,233,1,232
0xa36fdbbae3c9d55a1d67ee5821d53b50b63a1ab9,58,33,25
0x38d8b04ab6b9392c8e14f4745eb25dc3f4a49bb0,114,19,95
0x8d96b4ab6c741a4c8679ae323a100d74f085ba8f,52,52,0
0x575409f8d77c12b05fed8b455815f0e54797381c,291,7,284
0x3f2d1562c5e8109f697a19fa4eea6cca5ca138df,141,45,96
0x1abaea1f7c830bd89acc67ec4af516284b1bc33c,126,1,125
0x9acd29e52ccd4c20016b72fb816ee207c8de4d47,172,6,166
0x793b176a8b4833ea4aabcedfea55f2898bd6b753,30,2,28
0x510887c470ee8eebebff0104b54d24aef8c45368,190,13,177
0xc005204856ee7035a13d8d7cdbbdc13027afff90,78,78,0
0xc57d533c50bc22247d49a368880fb49a1caa39f7,142,2,140
0x52c840f129dfb42a30f46f567de3d0bf71d77e78,111,10,101
0x213fde8b7fbb8b9ecf7f34792e604eafb9bd292f,210,12,198
0x50de6856358cc35f3a9a57eaaa34bd4cb707d2cd,179,113,66
0x69a96059cc35da280af8005d165da1d040297696,461,5,456
0xa4fa96ddc3f0beed8c90e8ee32c5d674ae4f2f8e,21,0,21
0xee0ba89699a3dd0f08cb516c069d81a762f65e56,297,28,269
0xe0a189c975e4928222978a74517442239a0b86ff,240,18,222
0x7778360f035c589fce2f4ea5786cbd8b36e5396b,91,14,77
0x8d768fc1e3af47acc8d8ed5596379ae05310f470,127,14,113
0x480711809d2c4622fe3f7ef09ee6a7fe6b8649f1,202,9,193
0x5047aa3b10286fe2c9b98972ff4e352eefcf4dfe,23,5,18
0xcb54762349709374c3fc9763155165c5fe90e0eb,205,5,200
0xb009ed24a16c9658daf74c599365569b6ef27d4b,82,1,81
0x8cd8155e1af6ad31dd9eec2ced37e04145acfcb3,272,2,270
0xd6a152c351588eec72556bc9769d9b22f37bfbf1,133,17,116
0xcfb152e5b93fc2c9906d4ff41fc8407dfa5e8851,86,86,0
0x0e1f990d264a9818460dde1b81c0b04d8a88e751,36,11,25
0xa67d63e68715dcf9b65e45e5118b5fcd1e554b5f,253,17,236
0x6f6c8013f639979c84b756c7fc1500eb5af18dc4,260,0,260
0xa258c4606ca8206d8aa700ce2143d7db854d168c,264,264,0
0xc29eecf43c89071fa2e8febbbbad86c14d7f4c44,59,0,59
0xd23c25eb1bad8b1de60cbd313c09209055fd74c0,50,0,50
0x9b27dd5bb15d42dc224fcd0b7caebbe16161df42,7,7,0
0x2e2691819d3441994e9709e776bd77d08cd9e89b,63,20,43
0x491e136ff7ff03e6ab097e54734697bb5802fc1c,122,9,113
0x847e696ac0a0dff058cc34b04725fc3d2ed686cb,71,0,71
0x428dc22668e6f3468273634067e5545ed5417a3e,103,100,3
0x51fe2e572e97bfeb1d719809d743ec2675924edc,277,259,18
0xe0dbbd0a861fdc0bf9bd7dd5e56c0ca5a69aa090,467,141,326
0xe64966e62b7e8de5260983d4ae89ad75cc452a91,157,5,152
0x1a2f71468f656e97c2f86541e57189f59951efe7,287,3,284
0x0f4d9e6714991052c1970931ce5a4082335b2169,95,14,81
0x439cac149b935ae1d726569800972e1669d17094,284,7,277
0x42dddba609589322e5c6133939ddd20941f9abb2,379,170,209
0x72a06bf2a1ce5e39cba06c0cab824960b587d64c,427,17,410
0x4db1f25d3d98600140dfc18deb7515be5bd293af,175,17,158
0x89b69f2d1adffa9a253d40840b6baa7fc903d697,148,2,146
0xf859a1ad94bcf445a406b892ef0d3082f4174088,465,465,0
0x4f9254c83eb525f9fcf346490bbb3ed28a81c667,354,338,16
0x5691d95d42131742196b1d1ebd02fcfc7edae5c3,133,7,126
0x25d1eba8180982bb9b4f59108f11a777f728fb5f,82,2,80
0x82e8129dafb2d5f06aeded321fb04628f95ef654,487,0,487
0xfa3118b34522580c35ae27f6cf52da1dbb756288,114,114,0
0x66b5fbc506ef9b884b7d5496d37b109578288d7c,84,7,77
0x34b09150783499056b2e04a94c25814fe6ac1c7b,113,1,112
0x4cec571394ee433cd21390286284abecacc0e98f,245,245,0
0x797de1dc0b9faf5e25c1f7efe8df9599138fa09d,51,1,50
0xc0c0b077381cba887b368e1f06f658a6ab598929,68,7,61
0xcb8ca05ea094738f982037900c997672156416c2,23,4,19
0xae667177ca6793e402e57a392a336849d6885114,157,1,156
0x8f369ae35bce72a50f1188b96d516fab425511c9,186,17,169
0xf938424f7210f31df2aee3011291b658f872e91e,166,105,61
0x32d74896f05204d1b6ae7b0a3cebd7fc0cd8f9c7,128,127,1
0xa5e412ba6fca1e07b15defcaa4236ff7b5a7f086,89,3,86
0xa4eed63db85311e22df4473f87ccfc3dadcfa3e3,211,196,15
0xeafa25e962ee875f75fdc97e152d39bb4c8978ae,40,0,40
0x5067006f830224960fb419d7f25a3a53e9919bb0,69,36,33
0xb3ff6f6057e7aad2703b499057f2bd7d7eecf0cc,213,0,213
0x6e4c6d9b0930073e958abd2aba516b885260b8ff,120,9,111
0x42464cec487fe48591f5ad611cee426854ae01e9,224,10,214
0x7b8c062c9b8cbd756785e444fdcfca79342a8ee5,197,2,195
0xdc47f2ba852669b178699449e50682d6ceaf8c07,129,2,127
0x93b2fff814fcaeffb01406e80b4ecd89ca6a021b,126,2,124
0xc5bbae50781be1669306b9e001eff57a2957b09d,436,436,0
0x7645eec8bb51862a5aa855c40971b2877dae81af,131,5,126
0xdec7fffbebceb6a2cb57bfa8b203caffc0f61259,160,0,160
0x1f8a626883d7724dbd59ef51cbd4bf1cf2016d13,148,21,127
0x08705f4db62596ba6e2c374fdc3aea9492b4f48a,86,10,76
0x1a8ac67a1b64f7fd71bb91c21581f036abe6aec2,205,0,205
0xdf0770df86a8034b3efef0a1bb3c889b8332ff56,40,0,40
0x892a6f9df0147e5f079b0993f486f9aca3c87881,169,3,166
0xfa1a856cfa3409cfa145fa4e20eb270df3eb21ab,386,386,0
0x8259c9ee33c31f169c37ca34c3abcdf1a7bf32aa,36,4,32
0x751a86a2506bbf30e04fdb493017bebde5c0fef9,65,61,4
0x65ad6a2288b2dd23e466226397c8f5d1794e58fc,50,1,49
0x4b0f027d0b694aae2761ed2d426295d4f949f5d0,118,109,9
0xa8cd4a74f03a6115529b00ee2fe646e5e4100e75,38,18,20
0xfa4020b0064aacdbb0ed8becac28c0c95bb29840,382,17,365
0xbeb1d3357cd525947b16a9f7a2b3d50b50b977bd,266,0,266
0xddb149ae8e6635df01a530da1e46921bd78dc385,285,19,266
0xa5def515cfd373d17830e7c1de1639cb3530a112,83,64,19
0x85057ef13bfd8c1faf70768bfe870c0c2e8e61cc,167,0,167
0xb20217bf3d89667fa15907971866acd6ccd570c8,155,2,153
0x7f463b874ec264dc7bd8c780f5790b4fc371f11f,76,11,65
0xd2a97b7c23bbfa726cb95204ddddafe231a09b59,305,36,269
0x9ba2e40c3251d860ba90f9eab77663eec673af66,183,2,181
0xa80f2c8f61c56546001f5fc2eb8d6e4e72c45d4c,240,56,184
0x7e6bc952d4b4bd814853301bee48e99891424de0,303,145,158
0xe72e2222100be1b61a8203fe1beec1f7f3fb4094,320,32,288
0xe3234e57ac38890a9136247eadfe1860316ff6ab,222,22,200
0xdca9e0c6d45eeee6cbbeaae37ba2f310230d27d1,93,17,76
0xe8936a5ef3f3d7d24d46984fd9d0b06270442ab5,46,1,45
0xdbcab7a768ea9a00b2ffa5a2eb387cad609e2114,201,40,161
0x5403e89be8c4595c5d5eec8ed7be4949d15b5f9e,41,0,41
0x189b619e6c1d682e50f2a97c509508f01edac7e8,61,4,57
0x63b4f3e3fa4e438698ce330e365e831f7ccd1ef4,187,4,183
0xe66747a101bff2dba3697199dcce5b743b454759,169,155,14
0xabd510982e7e4dd8391ed2ef463496dff7be040c,89,10,79
0xe3a56e474892be0778038d53b9945f0f72fec628,203,26,177
0x75c24725d2874f12874d67b1e7e24b593f0f91c5,73,3,70
0x23e090493a4a95ad7f6fba267c9749558cfb13a0,152,0,152
0x6044e4c62ba46f0733f2f62bfd5259f365d572d4,16,10,6
0x38e4adb44ef08f22f5b5b76a8f0c2d0dcbe7dca1,281,3,278
0x253954d29386e174ed4bc69902391a8ed3fd51ca,34,0,34
0x6018e493558a0e6d6079762b52b4d88e14f0354e,18,0,18
0x5c1a0cc6dadf4d0fb31425461df35ba80fcbc110,396,30,366
0xdeadab7c1324c0614e1512e3034bddd44f7fface,204,1,203
0xfcd433977292f107aac6e30e7712d0e38eeb4a7c,158,28,130
0x00281dfce4cfd72c0b6fda2aaaf077258743f9e8,63,61,2
0xc3af7bb38999e8a1db7849e30706efbf8ffd57fa,39,27,12
0x4fac0ccd9e2ed9fd462d42b66fb81ba9a1f6f25e,92,0,92
0x5db11d7356aa4c0e85aa5b255ec2b5f81de6d4da,68,1,67
0x8447783298ac335afedcfe67978dc9e6689b28b3,49,10,39
0x903bef1736cddf2a537176cf3c64579c3867a881,151,4,147
0xe89c20096b636ffec9fd26d1a623f42a33ead309,48,46,2
0xf9afa20983e169879683582dbb60be9c354fa738,100,23,77
0xe65290fc72cd9445ecb98136324d9be58337d57c,114,1,113
0x3c6d92f1db872469c8dbc04ff6301b766214a712,69,6,63
0xc1bfccd4c29813ede019d00d2179eea838a67703,395,4,391
0xb4c1216b653dc657c043e347ce13bb9a620c2c29,229,169,60
0xc2b3daf1b51238bd13afcef6e713813e6c2574e8,154,14,140
0x0f3adc247e91c3c50bc08721355a41037e89bc20,130,34,96
0x9e85db9daef510856aac8ec66a5eed585796ab3e,74,0,74
0x5c9f8b00db5ae281e8f401789224fe0227f24d81,66,66,0
0xf40edf22e4ab146a32ecd8d659cedc7a2a55cd43,66,1,65
0x436cc556d9a9517d0808ace3ba1f52fe7a15d831,83,21,62
0xd7f0cc50ad69408ae58be033f4f85d2367c2e468,97,56,41
0x92e25faee4d7647618a85cef1d7748fdaabdb49c,321,7,314
0xe8bfe9e1ca49e7dc0c6d01bca8ae5ef5a30c8d3b,130,22,108
0xc51e5810a2c50c424998122f9ababfb2d5598d2d,172,0,172
0x537b2279d8f625a1b74cf3c1f0e2122fb047a6b0,177,5,172
0x5a35a6686db167b05e2eb74e1ede9fb5d9cdb3e0,107,45,62
0xed2647bbf875b2936aaf95a3f5bbc82819e3d3fe,158,14,144
0x469eda64aed3a3ad6f868c44564291aa415cb1d9,499,38,461
0xfd90cc48cc8da11ffeb36bb76c9b4bb91ca51904,39,4,35
0xd7c302fc3ac829c7e896a32c4bd126f3e8bd0a1f,54,54,0
0xc7f2723b64d88f4d14f0beb2e9ffce78795bbcc6,92,2,90
0x0f91b9accca2838dbeee53f3aa555d426ad16f29,5,5,0
0x3b612a5b49e025a6e4ba4ee4fb1ef46d13588059,266,7,259
0xe9db727f613774bbe5383b8d6203cb6ceb8c1631,36,6,30
0x2610f0bfc21ef389fe4d03cfb7de9ac1e6c99d6e,65,0,65
0x9040e237c3bf18347bb00957dc22167d0f2b999d,152,45,107
0x0fb69d1dc9954a7f60e83023916f2551e24f52fc,129,9,120
0x0b5ecbb411d8fe829e5eac253ee1f2dc05d8d1ae,38,1,37
0x5f944b0c4315cb7c3a846b025ab4045da44abf6c,88,2,86
0x44476ad83d2275e9dcf9bcb431004e77f65f10e1,235,2,233
0x7030d581c078911af286f28fdb99034395f4d403,14,2,12
0x3496681ef5e8ebbf01eeeebae10084343d65dbea,72,6,66
0x5075201cdff22c4f1ad049086168ae8a62cd9805,278,0,278
0x3b78ab6da605436715c80137d5e26cea728dd387,129,129,0
0xfc6fd61d2415ebfea98791517b6198d38bb4a659,95,6,89
0x7ad8bc51c917076e5652954943cf0a9991e5a9f9,97,2,95
0x7581f8e289f00591818f6c467939da7f9ab5a777,85,32,53
0x6f3aca0d7d5d8639e314bd20b79abb3e51c06f47,90,17,73
0x298d492e8c1d909d3f63bc4a36c66c64acb3d695,418,4,414
0x10c0f93f64e3c8d0a1b0f4b87d6155fd9e89d08d,140,2,138
0x5d843fa9495d23de997c394296ac7b4d721e841c,103,96,7
0x79a66c4b781add975f3858ffb2554f0c5e0ce9ef,97,17,80
0x1ffc950aa28f235a3245f88c4021b39160dc9294,104,41,63
0xab05cf7c6c3a288cd36326e4f7b8600e7268e344,34,34,0
0xc0cb81c1f89ab0873653f67eea42652f13cd8416,124,0,124
0xdc349913d53b446485e98b76800b6254f43df695,177,5,172
0x1d90d50d5dd04fa7c8bef89aa5872f0701be7982,140,136,4
0x123151402076fc819b7564510989e475c9cd93ca,99,0,99
0x27c70cd1946795b66be9d954418546998b546634,357,342,15
0x4508401bade71ae75fe70c97fe585d734f975502,20,20,0
0xe34139463ba50bd61336e0c446bd8c0867c6fe65,337,187,150
0x29af9d1d936955b17d850e09678022ba869f4ab8,295,20,275
0x08dc692fe528ffecf675ab3f76981553e060fd8a,85,3,82
0x89d0d027bd1e9e4449b8d7975c8cc8e6b0a58b59,54,2,52
0xbce0665b20164d6cd6d15e70fed1e094ad4a44f0,87,1,86
0x1a3043d23dc70aea1d9912725e2aa056be1a471e,138,69,69
0xafe7bb8c4cacbc8bd1a72318ada9e636aa6c9cca,62,3,59
0xf1005f6379f35fe681c7c458eb4f3704ead4f14a,86,86,0
0xf7875f0ff958270b7bd5fa7cfdb8f42c0cf5b11a,170,21,149
0xd34d2f953cfdbd16a62c764f6d60fcd57506cbe0,26,0,26
0x7b39917f9562c8bc83c7a6c2950ff571375d505d,31,31,0
0x2e59d147962e2bb3fbdc52dc18cfba2653c06ccc,30,30,0
0xe40fe41d5345ddfdd5ff8f9c9b191b675e471aad,43,1,42
0xa3f75e5b025a59beceeb30fdda2428fe4912f83d,51,0,51
0x13e1c9123dde5334e8c2b24db9f2dc16f5673de6,50,5,45
0x3a82d3111ab5faf39d847d46023d9090261a658f,80,1,79
0xe3c408bd53c31c085a1746af401a4042954ff740,92,12,80
0x04abeda201850ac0124161f037efd70c74ddc74c,356,348,8
0xc53aa1957ae91676620bbe8bb3919acf1ed49d15,149,6,143
0x37cf3904b3103497c422dbef23fc0b17e28d29a6,351,5,346
0xff69bcfce73699d530c8c6673a01001b09cb99db,124,3,121
0xcf8335727b776d190f9d15a54e6b9b9348439eee,240,117,123
0xd35b4d6b6f5807c552d7fdb79c7fab1d7a232c3a,180,80,100
0xee6b9cf11d968e0bac7bfff547577b8ae35b8065,118,2,116
0x96e61422b6a9ba0e068b6c5add4ffabc6a4aae27,77,67,10
0x2b89bf8ba858cd2fcee1fada378d5cd6936968be,81,1,80
0x55f3bc084da207b7347538b74cc388deeb3ab448,302,35,267
0x977dc06b51e14277a5ac047b44c78dbcc60a372b,266,48,218
0xbe223020724cc3e2999f5dceda3120484fdbfef7,302,0,302
0x6110c64219621ce5b02fb8e8e57b54c01b83bf85,69,1,68
0x3aada3e213abf8529606924d8d1c55cbdc70bf74,192,1,191
0xce4d3e893f060cb14b550b3e6b0ad512bef30995,405,8,397
0x9c38bc76f282eb881a387c04fb67e9fc60aecf78,167,29,138
0xb67812ce508b9fc190740871032237c24b6896a0,112,11,101
0x5eaeadda470245343249452e744e423f489abbc4,186,1,185
0x56f0f938d1a3fc8b35b1f14a87687264d2184d1c,189,2,187
0xa0b329ea79e09fa19ffdc781eca58cc8916ee855,90,3,87
0x7d5121505149065b562c789a0145ed750e6e8cdd,146,6,140
0xe80201a8e706a7ac353124c004960201c8b99f4b,97,3,94
0x8aeea4bf2d5a1d33c9a84c55430798bdeec6c8a6,50,0,50
0x1710d860034b50177d793e16945b6a25c7d92476,71,6,65
0x0c7d5ae016f806603cb1782bea29ac69471cab9c,195,64,131
0x8e6cd950ad6ba651f6dd608dc70e5886b1aa6b24,223,39,184
0x69a95185ee2a045cdc4bcd1b1df10710395e4e23,233,221,12
0xe624a29cb327b03350820ef98584d56083eaf392,114,0,114
0x9724f51e3afb6b2ae0a5d86fd3b88c73283bc38f,42,1,41
0x741d06382f00ff411c3996895bc6f4d40e0455de,93,12,81
0x6d0f5149c502faf215c89ab306ec3e50b15e2892,145,142,3
0xbe2c9c8a00951662df3a978b25f448968f0595ae,60,0,60
0x45d8f7db9b437efbc74ba6a945a81aaf62dceda7,224,4,220
0x7f280dac515121dcda3eac69eb4c13a52392cace,64,32,32
0x081fac886fdcacdc826c4135ed4ba5b65ececfb8,116,28,88
0x7127206a49824d693932f9edcb77c53fbb8443d7,304,27,277
0x744612bd6c29301a99ef2b19393eb95080926003,247,41,206
0xde5ea375ffbdc8b25a80fe13d631e8ba0ab4bb02,103,103,0
0x8f8b5a2b330957986afe7554431e425e37e7c951,41,3,38
0xa0008f510fe9ee696e7e320c9e5cbf61e27791ee,147,139,8
0x34bb16fcd733f8ee46d48206f7154f7cd585f97a,82,0,82
0x69068e88c3be34bfad1e12e8ebc604455d9a4e3b,47,47,0
0x9783b81438c24848f85848f8df31845097341771,83,83,0
0x56681458e00cafe1206313d2d033946f458fdefd,266,38,228
0x4f32ab778e85c4ad0cead54f8f82f5ee74d46904,189,14,175
0x97e41d5ce9c8cb1f83947ef82a86e345aed673f3,232,3,229
0x7ad940ed9308545990497dd04e76df7d3c127ed4,125,17,108
0xf169fdc02b9a4009a8307497e5fce2999024e0c7,175,12,163
0xf729f878f95548bc7f14b127c96089cf121505f8,290,10,280
0x0bd4d37e0907c9f564aaa0a7528837b81b25c605,93,32,61
0x66d592cc979d441a3e4dbb6e043c3bdad241dab7,73,13,60
0x1b1012f3df50cf3003699bcfa324c5125782aca5,187,1,186
0x73883743dd9894bd2d43e975465b50df8d3af3b2,251,2,249
0x152cc0b640fa85fecff43d2a417fa9b369661b97,162,3,159
0x70bef3bb2f001da2fddb207dae696cd9faff3f5d,107,51,56
0x5e9f35e8163c44cd7e606bdd716abed32ad2f1c6,225,1,224
0x064d54c858f884698ef34b1cae5d989a2414e1b6,208,3,205
0xfd31c7d00ca47653c6ce64af53c1571f9c36566a,270,146,124
0x71c99b3b2b2ca1e29eb05dfe0e12c75799c744cf,160,9,151
0x12c4f45ae12b7b8462db2409488d976995ab6fe9,90,8,82
0xda86006036540822e0cd2861dbd2fd7ff9caa0e8,79,74,5
0x7ba2016a901e1658a6f504e431c31545f43b9805,23,1,22
0xff3ac80c1caa08cbd43a7e90d20c398d54c7342f,150,39,111
0xb6ee9668771a79be7967ee29a63d4184f8097143,303,302,1
0xb61ed6e9776529aa29ce5b9afdf2c41857f47f59,36,3,33
0xa0205a8ac8f9a483a537b9e696822871e5017f6d,16,0,16
0x0b15727723690295a7981f12cf49b706a3eb555f,199,2,197
0x3684b581db1f94b721ee0022624329feb16ab653,137,135,2
0x49fdbfa1126638ce7ef2ca1a0f7759109f12595d,143,7,136
0x5754f44bc96f9f0fe1a568253452a3f40f5e9f59,75,20,55
0xdb042927c36791bd500698c7d1bd81b6864229b5,55,18,37
0x20086d92838c475fc3ade8b745efb33213793080,204,65,139
0x92925acf2771bc59143228499f9610fe5176eb9c,78,77,1
0x1272a84da0f7f89e9323cc9d6139f5dcec60171a,49,0,49
0x7447c7eb3a602aeacda7b7370cd96085d476d662,197,3,194
0x7a2e961c7adc05f8352818274687b3dda477dbaa,79,7,72
0xf03c4e6b6187aca96b18162cbb4468fc6e339120,197,7,190
0xf619e90052965e4c366c0c62af0f90216f35a5d8,154,27,127
0xf362aadf0037823cd9fdc6901e150b42a8a70297,43,7,36
0x98b60038edadad66f6b44065851182b597e0c22e,330,1,329
0x26eeb71350d60466ab18c8cbac1ea2d58c39c140,162,2,160
0x4d3a9807c4cf685d12d856fd41119de1fb579eb7,14,0,14
0x0563dce613d559a47877ffd1593549fb9d3510d6,148,24,124
0x1e4e46b7bf03ece908c88ff7cc4975560010893a,102,102,0
0xad1801d5d7a5f2ea3bc989a6540a81f46820fde3,94,7,87
0xa83ad73eed496fcd7adc5f4027cbad818d0075a0,286,5,281
0x546aed37d202d607f45cbd2b8c0cad0d25fbe339,125,2,123
0x3b4ddb48c74ad82ca1bc370479aecc9c2cfb204d,46,1,45
0x7ab2352b1d2e185560494d5e577f9d3c238b78c5,301,4,297
0x9f6f91078a5072a8b54695dafa2374ab3ccd603b,80,80,0
0x22d202872950782012bac53346ee3dae3d78e0cb,129,10,119
0xa70d15055d37e987a651381858a3646f111d5f5d,78,0,78
0x00000000000c2e074ec69a0dfb2997ba6c7d2e1e,363,363,0
0x103ffe3aee66a048e22821145a00c4cabc0ff05b,77,0,77
0xabf988fc071739c19b45cc1c8d2a3b8d146223bd,26,4,22
0x7ab062f22b119cd97fb6dbcc99782724dd4a9c81,164,1,163
0x47b9f01b16e9c9cb99191dca68c9cc5bf6403957,67,6,61
0xfa10661c28f309b88aecf14d9ab8f24764d6b10d,90,18,72
0xc6db556fd9ec09bab6dfea320e52d8476f61d424,76,52,24
0xcd4ee1110707d79704d6881a4fef158e5fdb334b,111,0,111
0xdb7ee2deabd9cdd10e723acbbb36b377d37ae037,39,0,39
0x13ab0e9348718f78a4c1f1e9a1fe33c027413658,109,4,105
0x0ada190c81b814548ddc2f6adc4a689ce7c1fe73,251,3,248
0xbc61ac336d5558ccb9c304f62a7433e866d1c7e9,70,12,58
0x266dd809387494fcbbb19c61ff9b0d6593e5fe50,384,51,333
0x15ee120fd69bec86c1d38502299af7366a41d1a6,76,0,76
0xb5fe099475d3030dde498c3bb6f3854f762a48ad,180,5,175
0xd3361608394f3832261ca62ddd7966a7a3ee6209,46,1,45
0x46e9fe43470fafd690100c86037f9e566e24d480,41,0,41
0x0b17cbf93a6bc286a2760ad206b03d4e42997382,135,15,120
0x4ce3f32c1091a57e2b475f660fba211ff7815c18,28,3,25
0x74ee68a33f6c9f113e22b3b77418b75f85d07d22,236,45,191
0x93c46751ec242eeb704cf1670385bb11c1e09521,54,2,52
0x6b3c2dd23251d95c34c4f5a3b20140e2881cc36d,179,2,177
0xed20be8fd0addbc4af850a3309893b3b499f802a,79,20,59
0xbaa4e7ada32ca16811dc775d3a2b8aa83d83f9d8,46,3,43
0x9e3382ca57f4404ac7bf435475eae37e87d1c453,349,69,280
0xe6a9826e3b6638d01de95b55690bd4ee7eff9441,174,22,152
0x3cabf160081387cd7dcb775434339c42c232e23a,128,7,121
0x862c9ed3efca72b7f4d6f13ebbc958de4129e2d5,18,2,16
0x4d4f3715050571a447fffa2cd4cf091c7014ca5c,168,37,131
0x0deaf87519d434dcf74551b2e907af18d2304946,208,73,135
0x0327112423f3a68efdf1fcf402f6c5cb9f7c33fd,334,10,324
0xc0e4c63e4eff9eb4af7444df4128645da4ec47d4,43,7,36
0xf8b0a49da21e6381f1cd3cf43445800abe852179,260,7,253
0x1e38e9ad28a526512af9b8689c50d91443b6c3db,196,11,185
0xd8723058f2b456484e3cde4ccfaea903116fa9e4,222,13,209
0xcb3738ff351d571d10ec416deeb1c05ec62a5b75,499,2,497
0x6cbf5ab650a7ccb12cf7a4c97e60600a989acfe1,265,3,262
0xb8981acbbf7da95a8ff6df79aab935ce63434fc8,30,30,0
0xe0a2e8a4d94e0c395e88aad7c9074d73a115885d,222,37,185
0x89568569da9c83cb35e59f92f5df2f6ca829eeee,84,2,82
0x657f49b422f98b3092f27add6210831bf2e56622,312,22,290
0xf75140376d246d8b1e5b8a48e3f00772468b3c0c,196,7,189
0x0bc529c00c6401aef6d220be8c6ea1667f6ad93e,491,18,473
0x43841d2bca77c13050ad3c6cbd5548b4042ce2c9,58,11,47
0x05745e72fb8b4a9b51118a168d956760e4a36444,290,3,287
0x395fc9db003e58b804188155dc7e0e609a062f61,127,11,116
0x04a3957635ab968c4b92681d6082fc61ff080c5f,157,1,156
0x3593d125a4f7849a1b059e64f4517a86dd60c95d,211,3,208
0x6f3b4226bb4bf60fc4d7ae93fc81f6d054dffb5c,24,4,20
0x326f09ffcdd200f1b110e6dda0d240635b89e507,27,0,27
0xd0318da435dbce0b347cc6faa330b5a9889e3585,156,22,134
0xb3767b2033cf24334095dc82029dbf0e9528039d,99,0,99
0x4b520c812e8430659fc9f12f6d0c39026c83588d,144,137,7
0xac27663e7b27da4fa969ddc990b504679a0d6f92,90,19,71
0x75b7d9fe942fb1c7d10885d5315081a63f89706d,59,0,59
0x95aa5d2dbd3c16ee3fdea82d5c6ec3e38ce3314f,176,4,172
0xebf56b58be8339a827f9e9bed5feae3a6c63a562,122,29,93
0x23d1bfe8fa50a167816fbd79d7932577c06011f4,130,8,122
0x8762db106b2c2a0bccb3a80d1ed41273552616e8,487,305,182
0x916c5de09cf63f6602d1e1793fb41f6437814a62,157,0,157
0x536384fcd25b576265b6775f383d5ac408ff9db7,176,1,175
0x83a8b5b4d7b92420b27e342dd2309aee20becae9,326,3,323
0x61107a409fffe1965126aa456af679719695c69c,70,67,3
0x7240ac91f01233baaf8b064248e80feaa5912ba3,154,10,144
0xd8133a158d4a45e230560656fe5cd2c209ef7a72,206,67,139
0x20210815fed2e691688d355031fe5b4fc7c241d4,84,0,84
0x866ebb7d3dc493ac0994719d4481341a3a678b0c,72,9,63
0x2b915b505c017abb1547aa5ab355fbe69865cc6d,104,2,102
0x8a6d4c8735371ebaf8874fbd518b56edd66024eb,296,6,290
0x24e89bdf2f65326b94e36978a7edeac63623dafa,130,124,6
0x7e5935ea00b69b0ac8978f35cb079ef38217e181,43,2,41
0x7715e21b1e705da64720b8089a93687ec10efa91,92,4,88
0x41ef41011e9394b26b424b0ccd13eacf58ac04ab,70,3,67
0xf03f082bf49fe71c2ab8dfaf4f8d0aeaa1d3de14,144,2,142
0x28c5805b64d163588a909012a628b5a03c1041f9,210,0,210
0xba319f6f6ac8f45e556918a0c9ecdde64335265c,242,0,242
0xd037af68df72725a82b62aee9fd70aa958801cb1,30,1,29
0xcc88d23e7dddcf3dde3fce532f65500ab762069d,201,9,192
0xa53e7fd6abc0fe9769690af55f19c2b4a13f2bc3,58,11,47
0x877bec43dd0e3555eda424e0e0601ed0750aa3cc,144,0,144
0xa17f63bcd85fd3b01c5996da0327f84c6ae86a82,31,1,30
0xbbc7f7a6aadac103769c66cbc69ab720f7f9eae3,328,3,325
0x9a44c846221322e8c114525dac3f8b34ee138bfe,212,0,212
0xfe0be00f15ac95f6a2d1b8bea07bfa42e1b81389,104,23,81
0xfd957f21bd95e723645c07c48a2d8acb8ffb3794,144,144,0
0x2bb935b5e09e577e54c69ae448cd0582884b4b8e,108,3,105
0x19c10a47c9356efd0e4377411db627636ee9e3c6,9,0,9
0x0b68be2e1072204e68c6c0b8b46ac108e3e3ddd0,225,16,209
0x0d8f1817c644101a915852841a3b5933b0b8dcc7,133,4,129
0x3249c4c8e4ee09b82560dfc19c5962b9d49b6c1f,164,17,147
0x28462739c3eb65a571bf92689e8257c806bd275d,92,20,72
0x43b31fa35672c844f5dab60f2fb72474955292cd,140,15,125
0x2f57430a6ceda85a67121757785877b4a71b8e6d,138,48,90
0x03be5c903c727ee2c8c4e9bc0acc860cca4715e2,250,8,242
0x2f81533eeff5b9f6bf8159cee874a2a968db0305,149,149,0
0x20945ca1df56d237fd40036d47e866c7dccd2114,140,2,138
0x8052327f1baf94a9dc8b26b9100f211ee3774f54,126,3,123
0x25c65721e26fa5f3c97f129f4e24972482327bc9,167,2,165
0xf78296dfcf01a2612c2c847f68ad925801eeed80,211,7,204
0xd79b945c14b4803de79d662e55afc56e6a6a6796,53,15,38
0x9176e11a412b6ef5e8ddb045909a14112f7782b2,89,23,66
0x7da96a3891add058ada2e826306d812c638d87a7,304,304,0
0x0f667b08e583631f50df85537dc567ab90433b08,138,8,130
0xcad011b3b79a3a83c576e6b2682049e296be9374,79,78,1
0x21d21fcd93cebf13317fc0cc2a64c01f98e5f749,91,2,89
0x63af02a2a14945b28799696e0f45d6321fb2eee5,67,1,66
0x71e7afa8b3ab8e83011ce7bbbdcd76ccd7cb0660,119,0,119
0xa20c9604f8e64f812a5eb7b727c328f670389378,70,0,70
0x6f40d4a6237c257fff2db00fa0510deeecd303eb,147,147,0
0x50d1c9771902476076ecfc8b2a83ad6b9355a4c9,338,271,67
0x3c88e8db6c13840f6377a5ec9de71b3f789eef17,27,0,27
0x2cd1ff726277c087722d029435c948eceb345302,54,0,54
0x67421c8622f8e38fe9868b4636b8dc855347d570,463,18,445
0x090e53c44e8a9b6b1bca800e881455b921aec420,338,338,0
0x441c1266e6fb13c38c2752eab0d11a99905ffef4,90,0,90
0x07edbd02923435fe2c141f390510178c79dbbc46,48,48,0
0xd33eb0dc95aff1a5f6ca04ba6cc33acdf85e7f62,65,1,64
0x5375fd52707ab7c8d1b088e07169fa74b0999732,70,1,69
0x22be9a505dfec44a39a0734c1424d67ef528cdb8,85,2,83
0x8abfc9689827db7b00f67b7ebc90ee707bc07437,194,2,192
0x6144d927ee371de7e7f8221b596f3432e7a8e6d9,45,5,40
0x19100691b3559b586b9dae5bc0166b89a63170c7,83,1,82
0x780002ebfbaaaa03b0c7971f0464c8509d616fa1,69,1,68
0xbd3de9a069648c84d27d74d701c9fa3253098b15,114,20,94
0x69af81e73a73b40adf4f3d4223cd9b1ece623074,248,8,240
0xe785e82358879f061bc3dcac6f0444462d4b5330,321,3,318
0x716039ab9ce2780e35450b86dc6420f22460c380,107,4,103
0x99b539af3af904e257142ac8ed700453f47499b7,95,6,89
0xeeab9ab9e2c30bbedba61758dc669f44a651a57d,168,0,168
0xc091b26352bfe14bf543be52defe50bd7963d49e,263,63,200
0xc1a1e381389cb927f1d57511e144b644ef0c6385,191,15,176
0x264d1e3c5739de2ea7fd9429c4335b0a994cfeb3,103,18,85
0xf25c91c87e0b1fd9b4064af0f427157aab0193a7,342,158,184
0xe1bad922f84b198a08292fb600319300ae32471b,185,184,1
0xd5c3240062819d34ed3aa2bd6a36d503b3744bab,188,15,173
0xeca82185adce47f39c684352b0439f030f860318,170,1,169
0x94e816f5acd7a3754fa5515bcc5aacc6a2a71d28,107,1,106
0xb3cb8d5aeff0f4d1f432f353309f47b885e404e3,56,5,51
0x08d7c0242953446436f34b4c78fe9da38c73668d,120,22,98
0x40cf6a63c35b6886421988871f6b74cc86309940,201,15,186
0x1c41e878268af6efff922cec80c47f8104b32ba8,49,2,47
0x39057da7512ea480a487034e78d5fb4525795f9a,25,0,25
0x9c354503c38481a7a7a51629142963f98ecc12d0,82,0,82
0xb2469a7dd9e154c97b99b33e88196f7024f2979e,102,11,91
0x44571ef5f31ef014acb68f4aca7b0707fad93886,25,3,22
0x52f761908cc27b4d77ad7a329463cf08baf62153,190,190,0
0x77f400a7af20d22f387503dba3979ba28d8af48b,179,1,178
0xedb171c18ce90b633db442f2a6f72874093b49ef,100,48,52
0x6dfcb04b7d2ab2069d9ba81ac643556429eb2d55,135,12,123
0x3113a3c04aebec2b77eb38eabf6a2257b580c54b,325,0,325
0xa25590a72150517ff3a0f6c960e4fdd8e34bf165,78,0,78
0x07bac35846e5ed502aa91adf6a9e7aa210f2dcbe,161,6,155
0x11739d7bd793543a6e83bd7d8601fcbcde04e798,161,4,157
0x68cb58532e31ea6fa5c46c1db5d55279d6385afa,129,0,129
0x1575f4b5364ddbd6c9c77d1fe603e2d76432aa6a,219,7,212
0xe4a3cbfa0b27db2def20bfba80905515b0855e54,438,2,436
0x4f5fa8f2d12e5eb780f6082dd656c565c48e0f24,163,5,158
0xaaca86b876ca011844b5798eca7a67591a9743c8,86,8,78
0x4bedc9e2c8e442e4cf5087c2860bef4f22baa809,206,1,205
0x8270fc3b2d23de703b265b2abe008883954fea8e,95,8,87
0x804b95789aed9f1a8e6907625c90f0d4a7b4c75d,101,1,100
0x899336a2a86053705e65db61f52c686dcfaef548,28,3,25
0x18d9125f53316b32131651ebcdcd18af4984f485,232,1,231
0x319e0e6a5c93c218e987a48ed3f98b23712db4d8,225,65,160
0x1045f5ccb01daea4f8eab055f5fcbb7c0e7c89f0,57,51,6
0x7a631cbe065c2699a07e20f608aba213b6e55db6,279,13,266
0x65d8b2bf930a0015028efcaee5af7bf61b90b76f,87,14,73
0xa130e3a33a4d84b04c3918c4e5762223ae252f80,84,9,75
0xba353c71360243fae0e06d72e564279ea2a6181c,42,14,28
0x28cb7e841ee97947a86b06fa4090c8451f64c0be,192,5,187
0x2e541cec5cb41e7678ac3c8e91acb3fc1db0da07,358,28,330
0x73b4170a60ab6e720edff760af95c3f6b428c0e0,114,0,114
0xcc12532e95c2a6a4c53af153b9b739a3cc9218a7,309,12,297
0x8287c7b963b405b7b8d467db9d79eec40625b13a,71,2,69
0x390416ae4324494338293974ee6388e777fac34b,191,27,164
0x99654fd49c0e51b8029d2ba7de5b99734ab7afec,179,35,144
0xb49fa25978abf9a248b8212ab4b87277682301c0,50,50,0
0xe216c25124da07aeed48bfc160387624bd28c726,50,8,42
0xdeef1d17f55deec1ae29e2839029eb5733e2425b,190,4,186
0x3218a02f8f8b5c3894ce30eb255f10bcba13e654,110,3,107
0x6327f6305331f7e0ccfcac2bca4a4a8b87afda32,475,1,474
0x469788fe6e9e9681c6ebf3bf78e7fd26fc015446,142,142,0
0x6583228ee5a616b0d7ab675d8f19fc5c9b8649d6,57,9,48
0x6bf7835eccb7ea74bbd816aad6ea6215a51e8d35,38,8,30
0xc608c683defa32a45f07f60e0bbb4cdf57ff6ff9,32,0,32
0xa6653bec60234562d3b453d10314d8762de51405,125,0,125
0x5077e8a1f40b7b9e7826dfd6db100b8e16881196,101,0,101
0x2f109021afe75b949429fe30523ee7c0d5b27207,170,4,166
0x26aede53a9a3a533c4ee341922d84bc9c19dcd13,144,16,128
0xbecf19657579eb17698dcb8f56e7d52f731fa7f8,73,1,72
0x63511ef6c94e749918718e0ba667724204135fa6,91,10,81
0x0a913bead80f321e7ac35285ee10d9d922659cb7,226,120,106
0xfa5047c9c78b8877af97bdcb85db743fd7313d4a,273,2,271
0x0144b7e66993c6bfab85581e8601f96bfe50c9df,150,40,110
0xadd2d989abf1c50c8f03d89a8912ad2ac412b803,46,0,46
0x553e9c9ff5d7c45ae49ed5edfddca441d2272bc8,69,3,66
0x21d486f6b7eb7b556978c5a0c96c79a08eb841de,62,8,54
0xc2535dfb210121227609a15506d3a4b94da6bece,209,15,194
0xcab988394304d9a61aa8b61fb32b8130e3f6f68f,210,21,189
0x5ea82c27efc7634f1c5ad20a3561c453433a2f3a,48,45,3
0xe86eb3f48c9d5bd16dae6d3833ecc355abfb948b,477,1,476
0xbe83f11d3900f3a13d8d12fb62f5e85646cda45e,407,266,141
0xc8f7e62532b19a3ffce589c0047d29d492e03835,29,4,25
0x34950ff2b487d9e5282c5ab342d08a2f712eb79f,191,163,28
0x1db61fc42a843bad4d91a2d788789ea4055b8613,357,5,352
0xec7726b20f93e7a5e8c4306e1850ca9c0310254a,125,23,102
0xcb264e46f558876fb73f23349073c7d51076d605,102,0,102
0x7815bda662050d84718b988735218cffd32f75ea,77,11,66
0xa849eaae994fb86afa73382e9bd88c2b6b18dc71,483,478,5
0xd9917441c1ed53d5a8bcf4b94d26d02609944bdf,174,1,173
0xf32e1bde889ecf672ffae863721c8f7d280f853b,155,6,149
0x04e9a79e9ee24a47f35d9249cff70d882b758fa8,52,2,50
0xd4275e04dbe82526e4a17ac0fb8f509b6080a455,210,210,0
0x9ba658650884fb36f3423d1ce2ee6d2a51361a99,113,10,103
0xc77b230f31b517f1ef362e59c173c2be6540b5e8,180,158,22
0x9940bb667f64fca06fc4127861855696def7c69d,275,33,242
0x26cbc7008cd879f4b63b69a915378f2d9b17bbf0,112,112,0
0x9301d43f0a751cecf7240b76716c25d9f744a2ab,200,16,184
0x9f77ec684bebd3389170855051e4737166438b35,65,12,53
0x9fc8f0ca1668e87294941b7f627e9c15ea06b459,161,32,129
0x330ceed8e9fc1c5051389fe435c8574a22efd6b2,53,4,49
0xb6e438f96381253b233c40c7a5cedcaed77f4398,25,0,25
0xddac9c604ba6bc4acec0fbb485b83f390ecf2f31,188,1,187
0x38bc3dfcb02e62011095bd79536673303552a799,371,371,0
0x7a0543d5ff06c42c8fb17e58b8c2a51b68ed0c79,25,1,24
0x64f1f2f88349e6a256b5fa582d3547350e099e81,219,9,210
0x3b5932c43f345d422a4dbf6e7ae486cafb85f1d5,74,18,56
0xff3dc68e39313a874e1aa21183c94b1da73fbf98,115,115,0
0xeedcd8448bc38a6f43a3aa18651f44782c318fd0,70,44,26
0x4bd70556ae3f8a6ec6c4080a0c327b24325438f3,295,295,0
0xbb0e17ef65f82ab018d8edd776e8dd940327b28b,345,345,0
0x9f4a06774b30177206685840e31269ac1ef234e7,52,3,49
0x3cf57cc9cf5263748c6f926ff498ac0c6f95b26e,237,1,236
0xcc15b249f8ac06b4a56deb5627afcef061df45a4,43,4,39
0x2c33b28527a63cdf13c0b24ce4cf5bf9c9fb3bc6,132,1,131
0xe182af6be923b29f6a53855d5571fdd96b21d93a,324,5,319
0xff2351228add6cb04e6694af4258368435eb0ce3,111,5,106
0x2c2f7e7c5604d162d75641256b80f1bf6f4dc796,82,76,6
0x94e9eb8b5ab9fd6b9ea3169d55ffade62a01702e,73,8,65
0x0546f6d538a2abf964ae4d537a131b226eba9285,233,11,222
0x77fba179c79de5b7653f68b5039af940ada60ce0,270,5,265
0xf40b0395a45b82044178b6f9cf308a052d20088a,75,1,74
0xbe3026082402c7bb344729ce3a51b259bf1e5915,332,9,323
0x19062190b1925b5b6689d7073fdfc8c2976ef8cb,147,135,12
0x33ec109543f41c9d7b01fcc054c9d779f11f758a,113,113,0
0xb59490ab09a0f526cc7305822ac65f2ab12f9723,173,21,152
0x5de7cc4bcbca31c473f6d2f27825cfb09cc0bb16,84,1,83
0x0d87d35dc73056484e4e41300a810dc58ad1d668,41,16,25
0x41a70a616a35cbfa00cc0319748f281396366736,148,0,148
0x92ec47df1aa167806dfa4916d9cfb99da6953b8f,119,119,0
0x7b75e328829f66bb1da0b3bcbe7e8123751a05f7,36,33,3
0xa32210529c69cca8cfc58dbfdbf06654288462f5,186,18,168
0x178c820f862b14f316509ec36b13123da19a6054,368,2,366
0x066d498c64faf49c265ccfc522b8b3a37449c177,71,1,70
0xbc396689893d065f41bc2c6ecbee5e0085233447,268,4,264
0xeae8dd0b39e81e90b60cabc48e4de0b2df649bc9,49,4,45
0x6e1404a557850551edaa9fd1311c9297baf7bd52,405,7,398
0x659a00c33263d9254fed382de81349426c795bb6,84,84,0
0xd13e468e0a526b5042521b0fd658454242472ea7,143,28,115
0xc7c962e44316e0c052448a0fdd1da15ea24fa9a9,149,0,149
0xc7c5f14d8b33607b349d6a6022d280ef46dd9568,275,40,235
0xd7d8f3b8bc8bc48d3acc37879eaba7b85889fa52,59,2,57
0x63ab6f1fee7a46ab7baceb152f7b39a899b2c056,70,2,68
0x6a8e8ea5533170c2b5dbef1e44544d57349eff56,155,19,136
0xa65ba71d653f62c64d97099b58d25a955eb374a0,329,18,311
0xdf290b162a7d3e0a328cf198308d421954f08b94,77,2,75
0x7dbe40ac6bb41a5fe4fa2c74f31d7defbc793b58,450,31,419
0xb852c6b5892256c264cc2c888ea462189154d8d7,441,33,408
0x127e479ac59a1ea76afdedf830fecc2909aa4cae,269,26,243
0x8f693ca8d21b157107184d29d398a8d082b38b76,107,11,96
0x40b1c0fc7c9849298ce4fe57d06aa44b03588ffc,124,4,120
0x0ff5a8451a839f5f0bb3562689d9a44089738d11,71,0,71
0x5dfeb75abae11b138a16583e03a2be17740eaded,197,18,179
0xe83dd605b70b47c8af86580bdd4fcb987ff36e60,95,7,88
0xfdf27d7c95eac62d86979e2d73fffbcf380fa9fe,86,1,85
0xe41c7e05838f180938ad08643d7a2fe0a9e5f4e4,132,10,122
0xee573a945b01b788b9287ce062a0cfc15be9fd86,224,213,11
0x441761326490cacf7af299725b6292597ee822c2,281,278,3
0xe8342f37a8bebe07a2c6f7f7409539650e2ccce3,43,0,43
0x7a6edcf89f9b543158bbca5c8983cae6cdbb5053,408,2,406
0xf1b99e3e573a1a9c5e6b2ce818b617f0e664e86b,74,2,72
0xbd2fbaf2dc95bd78cf1cd3c5235b33d1165e6797,136,12,124
0x6f2ddd6417bc575390166edbcb7bbc8278e443e4,73,0,73
0x4377120e5690b579b08a07f7164c9a4dbd540ed8,88,9,79
0x947872ad4d95e89e513d7202550a810ac1b626cc,85,3,82
0x501804b374ef06fa9c427476147ac09f1551b9a0,177,175,2
0x4c0c7a2d85be0fc70d44a0f69e1d1baed93ed820,105,1,104
0xc1339cf4c27d29b5bd1faa90739ad1e2d4a8b9cb,426,426,0
0x1321f1f1aa541a56c31682c57b80ecfccd9bb288,115,5,110
0x7d8d74b44b433ca6f134e43eec1e63b0c43eeafa,60,4,56
0x4c1f922ec4c18312efc384bf58cf72271af260ce,36,1,35
0x984eea281bf65638ac6ed30c4ff7977ea7fe0433,148,0,148
0x2a9bdcff37ab68b95a53435adfd8892e86084f93,176,63,113
0xd0c3cd7ac1109593e31150098ef77abe3ff18f98,109,8,101
0x3cbb7f5d7499af626026e96a2f05df806f2200dc,74,70,4
0xc2faa7cf625b8adadbe423738c269558dc909d41,151,2,149
0xd779eea9936b4e323cddff2529eb6f13d0a4d66e,55,55,0
0xa333f9722b4980f4aca6e897f97193b25a719bf5,200,8,192
0x1485297e942ce64e0870ece60179dfda34b4c625,252,3,249
0xf5c6376d88033cfa67a442893f77cbc27a563dd1,179,21,158
0xbae401c0e6bf3bb3f128c774c9bc1e29e74ed8f8,238,0,238
0xc8bcbe0e8ae36d8f9238cd320ef6de88784b1734,173,3,170
0xcf8896d28b905cefd5ffbddd5dbfa0eeff8d938b,436,1,435
0x49a470186e3704424e2a044e5a8adc637815b3ec,156,8,148
0x537edd52ebcb9f48ff2f8a28c51fcdb9d6a6e0d4,100,34,66
0x84845c3b92656c3459f8d704dfbc6a3830a94fe3,141,11,130
0x52bbfadd3a0d24f76a9e78a5e6fd08dab65daa14,36,7,29
0xb5893a75b74f9caccd3c23b4a974db5f53b4e9d2,252,13,239
0xe4ee205af5113e479a0f2fbd25be2ef0c17f952d,302,0,302
0x06b3e0f4674474232b6cee01e14d7ddb08a04fbf,379,5,374
0xd501900646641eaf5755758e11eeaa43df691924,107,20,87
0x3e27ac534fa21504dbceb0ca45d6822f1d02c5fe,214,55,159
0x383518188c0c6d7730d91b2c03a03c837814a899,277,8,269
0x22b04a99ae8cf14248eeb6ceeb6b6b536673cc71,89,0,89
0x36f17bd0f7028c784b2e0c9b5a65dbe071a902d7,52,0,52
0xdd01a768ac00814325c0fa6d3314f0ef3fc19ac0,39,4,35
0xcfef8857e9c80e3440a823971420f7fa5f62f020,83,83,0
0x863f7abaf3d279d301a1d5c6e1f321e2cd2b428d,145,14,131
0xee467844905022d2a6cc1da7a0b555608faae751,180,16,164
0xaa792d94af4743b8b299cafbf07d6e832af48616,136,11,125
0xc1830ab819941dd996567981d35f6e82162d44f0,408,1,407
0x4a9271911a7fcdef1159a8e6bf9874b28dced5c6,79,16,63
0x12632d6e11c6bbc0c53f3e281ea675e5899a5df5,428,33,395
0xd0c37cda48fe5d6ee7132181a90dc58206db5404,108,1,107
0x53e8ed5311d4815cb39007a5eadbea42d6d1046c,60,10,50
0x43f11c02439e2736800433b4594994bd43cd066d,409,6,403
0xde7d85157d9714eadf595045cc12ca4a5f3e2adb,215,210,5
0xd8537b0ea5b21ca39af493525a3c54b6fa8f32b3,146,27,119
0xde67d5219e7e660204f7dbd448b801d9fe700e13,32,0,32
0x262fa0f6a1d7d0a4b74463d38e0dd4de51d55b40,45,0,45
0x6b1bff72f00cc147b5dc7a5b156fe7a6fd206dda,252,252,0
0xd0d42005e7b3c0812b1268f0e5faf97ff2423651,321,1,320
0x5216db4d4cb22d1ba38866867c38d8e862974e82,266,90,176
0x991a546a167ceb2a6a7c344c9d85269ac03035d9,73,2,71
0xd9c036e9eef725e5aca4a22239a23feb47c3f05d,254,22,232
0xfc1e1fd1d25d915c7eae1ece7112eb141dca540d,317,317,0
0x3acce66cd37518a6d77d9ea3039e00b3a2955460,297,101,196
0x12bb890508c125661e03b09ec06e404bc9289040,134,5,129
0x83677aa1068b453c0b2b7e9b0e0df499af5f71e0,18,4,14
0x3702f4c46785bbd947d59a2516ac1ea30f2babf2,265,2,263
0xafcdd4f666c84fed1d8bd825aa762e3714f652c9,101,2,99
0xf8c3527cc04340b208c854e985240c02f7b7793f,253,4,249
0x9c86c3f09406395d2cdac14e1415dc88a4a1806b,88,3,85
0x0ec73b8ae55076877c149c9c3de513ed51021781,144,14,130
0x4e76fc610da679c9d07c7d640831ad6ff81e0252,65,18,47
0x837704ec8dfec198789baf061d6e93b0e1555da6,249,249,0
0x379ef659d6324803ebe07ca367038f644d50c00c,158,0,158
0x934cdc04c434b8dbf3e1265f4f198d70566f7355,113,22,91
0x3818eff63418e0a0ba3980aba5ff388b029b6d90,72,14,58
0xabc207502ea88d9bca29b95cd2eee5f0d7936418,130,7,123
0xc55c2175e90a46602fd42e931f62b3acc1a013ca,148,1,147
0x6e4785c6d10c8d5069f58be330862ef77ccf0f92,79,1,78
0x744cb7dfd307d09d00a6e2b536ee616f3f897bdd,153,5,148
0x97c3522f1900b9a075aeb513d956127627b5f86c,13,1,12
0xd5525d397898e5502075ea5e830d8914f6f0affe,182,4,178
0x534d37c630b7e4d2a6c1e064f3a2632739e9ee04,182,47,135
0x4758f5189cecb2384e54389d1439cb8ebaf15565,187,77,110
0x17b8ef727a48c47a3dd545435fdaba9194cf3899,96,14,82
0x7bc7adff8ff3521297a33fed5df169955e27543d,160,0,160
0x5edd5f803b831b47715ad3e11a90dd244f0cd0a9,319,0,319
0x92491c8871ef7e06921f29238674caf54652f218,143,4,139
0x5abc7358d287c26f07e4b8760ea0c8be4483234e,145,3,142
0x27013d274aa60c6e6883aa2130e8b01249eb11d4,155,3,152
0x47d182f57202af56d19d85a351cb18afb8b7ac16,183,1,182
0x4c11249814f11b9346808179cf06e71ac328c1b5,271,264,7
0x3bf99d504e67a977f88b417ab68d34915f3a1209,93,3,90
0xf49f43c1e8b0c8ac13e63ec7921692a199029d49,51,5,46
0xa0c7f1ae5b5a317b04e5b060c8fc1cfacab03f85,326,2,324
0xd40631f897b0d9bde80b27785a94e5f908548af1,83,9,74
0x87821c7fe32753ce37a293ed6e05bef789bb968b,100,0,100
0xf3eb8b90c763b8b2b53e7819ac27eca8f94c8ec2,73,2,71
0x738e19cbe9f0443772b0ccce45d9fd8f98057850,334,3,331
0x70e8de73ce538da2beed35d14187f6959a8eca96,158,1,157
0x96cc3c13fe49c463fbc5ef020d277778fa84fe7d,67,7,60
0x77372f52b61d8a2946a73ca3a00c02e8c7b588de,52,0,52
0xaf4dce16da2877f8c9e00544c93b62ac40631f16,364,354,10
0x3c48ca59bf2699e51d4974d4b6d284ae52076e5e,51,45,6
0x16dfc67641218a1d6404b2b91350ac78110d56ac,16,1,15
0x64de91f5a373cd4c28de3600cb34c7c6ce410c85,304,304,0
0x2026fa4824470429f20a12655325428bdcc4db6a,41,0,41
0x9c066824f00b9f444f6d56f29c949a07eaab39fc,85,2,83
0x4717b54e2f36e62d0cb55495196ff13943e86d81,21,0,21
0x7887f40763ace5f0e8320181fd5b42776d35b1ff,306,5,301
0xaae9df0f50d53f9ac50651bf69590ab7b1091451,83,7,76
0x464fdb8affc9bac185a7393fd4298137866dcfb8,83,78,5
0x7ea61250bc132cfa1ac90b266241038376406e5b,28,1,27
0xa1f60f41473b40b2fb894a17fe3f8e62ae8d3289,285,7,278
0x88cb253d4c8cab8cdf7948a9251db85a13669e23,83,80,3
0x3a0916f7a5b1abbc468805358546667e186c8d7c,56,5,51
0xd5bf9e015755489d7f8e1465ce3d82cc550efec8,65,65,0
0x3019227b2b8493e45bf5d25302139c9a2713bf15,93,0,93
0x0c684b8c37bbd3e58dfde822025591d15c030cd9,289,11,278
0x6d0683ed0f79411bd6bd1f5d517ede248ead34ad,81,9,72
0xc146b7cdbaff065090077151d391f4c96aa09e0c,158,1,157
0x3bf254b6e2c616a72e1540cdfd17533ac9f57891,143,9,134
0xa5d9a0247b75353f3d756d321e3f4db59528c82c,229,0,229
0xc6e9bc3acd4121dd4fab8f440dacb854b0ea86f0,19,0,19
0xee37e56f3a47d7c752c92407064f96077338fd5d,100,16,84
0x5a7c2faf1f08314a1c24f4e09f452d4eb11f6eec,324,4,320
0x839e73a4f3826702332d807abfcfe417211dc192,37,4,33
0x849ba2278cdae7fa7006c0661fea1c35d5af3336,63,1,62
0x3266724e4e58e5891eb30e6d329ba119a192483c,116,116,0
0xd3c4163e18aaebe43b4fc8b1a53dc3241fb3d017,42,1,41
0x65f9f7f4a4ddd517b35c9357f575f0f1df431cbc,81,12,69
0xcafe001067cdef266afb7eb5a286dcfd277f3de5,130,3,127
0x04969cd041c0cafb6ac462bd65b536a5bdb3a670,178,3,175
0xf1d13c4045a345df643e930f3c1a041262e9a143,77,5,72
0x72b886d09c117654ab7da13a14d603001de0b777,130,130,0
0x5d95c4c73e152727750df27ff7da1c7169430dd6,147,9,138
0x7ff4169a6b5122b664c51c95727d87750ec07c84,337,6,331
0x4f225aade82ab59d19808a6b4a04562d562cbaa9,187,5,182
0x1b890fd37cd50bea59346fc2f8ddb7cd9f5fabd5,61,1,60
0x9192249b95d0d3dacb3a0b0cd93560f4209c7493,3,1,2
0xff36ca1396d2a9016869274f1017d6c2139f495e,50,2,48
0xe3155db13b2be4866b7723b1458eb9611b838930,92,12,80
0xadb0739822374a05653f513683ddbeba3cc81f2e,187,1,186
0xf50a07e4ff052a14f3f608da8936d8ae0ed5be50,65,2,63
0x00fa82ea9be4e24ec6d7ed86ef93bfe85b9a3e68,74,9,65
0x28d4a32e275ebb5f16d14ef924281ddcade9a683,24,1,23
0x4c19596f5aaff459fa38b0f7ed92f11ae6543784,443,439,4
0xac43f1c3dec807ceab45e9ab3327126aa69b7a26,191,6,185
0x8b3dc8d4edd8944bb8ef11913af9c3b55140805d,249,4,245
0x96f98ed74639689c3a11daf38ef86e59f43417d3,389,128,261
0x34b6f5aa05d2bf9e524d5f0f5fa8cea6dbef2bcd,447,8,439
0xb9b2fae0086a14f626af91da173ec48233b7ab89,159,2,157
0x9e04f519b094f5f8210441e285f603f4d2b50084,60,7,53
0x2f71f82d082cf7ece361f5992679fadd52b645a9,118,10,108
0x765df6da33c1ec1f83be42db171d7ee334a46df5,177,12,165
0xf2bca53f401c0f53ca78e9270efd1f7b5330b522,87,7,80
0xd633587a06e396d8bab8083bb70e0bda31911408,71,0,71
0x63f88a2298a5c4aee3c216aa6d926b184a4b2437,340,3,337
0xf04ceb03901cb0ff4cc423a270f42898194c65fa,121,1,120
0x2a036569dbbe7730d69ed664b74412e49f43c2c0,124,9,115
0xc4c75f2a0cb1a9acc33929512dc9733ea1fd6fde,217,2,215
0x43835ca7646c07b6933d0c1c16ddc41c4cb5600e,179,3,176
0xb7bceb36c5f0f8ec1fb67aaeeed2d7252112ea21,326,116,210
0x9c99d7f09d4a7e23ea4e36aec4cb590c5bbdb0e2,165,33,132
0xee8ba81d3aab92ff5592652f32028078f919af8a,104,8,96
0x4d93224bd835296da871043349f6f58e820bd9cc,24,24,0
0xc67f5e3a5b697ae004edd8f84925189a81c6dc4b,79,18,61
0x2dff22dcb59d6729ed543188033ce102f14ef0d1,238,3,235
0x32ddbb0fc65bb53e1f7d6dc1c2a713e9a695b75b,196,42,154
0x809826cceab68c387726af962713b64cb5cb3cca,433,431,2
0x66f73d0fd4161cfad4302dc145ff994375c13475,57,47,10
0x13e7d08ed191346d9fee3b46a91c1596393dcd66,190,0,190
0x6f2235864cf897078fcdcc2854b76c482cd16874,210,210,0
0xda0c94c73d127ee191955fb46bacd7ff999b2bcd,44,2,42
0xfb5c6815ca3ac72ce9f5006869ae67f18bf77006,146,3,143
0x12770beb72920bcdff7b132e207040691dd27213,111,8,103
0x274e920503d5abfc8113a273bdbf2069c729c9cd,31,0,31
0x883ba661fd9824778ff14a97f3a03eb324540201,170,0,170
0x5a1912749d2b7c3cdb832b81601c8c3f437a0de8,32,0,32
0xcf8918df752ad873b79f8ea05a80ad8fd02a64e6,257,31,226
0xc2c0fb5194cd13f282005f49c40613040ef685a4,48,1,47
0x785433d8b06d77d68df6be63944742130a4530d1,368,101,267
0xa93a4c25bc4c5395c66adfb53e264bd870ca2876,431,59,372
0xf0f9d895aca5c8678f706fb8216fa22957685a13,338,1,337
0xe1c7e30c42c24582888c758984f6e382096786bd,206,196,10
0xbd4b2dd8fbcecb2af5904ff5f218037b0f693275,39,39,0
0x2c9c19ce3b15ae77c6d80aec3c1194cfd6f7f3fa,88,86,2
0x1fd389ac8e6c958b0f01067540fdff8a11488201,27,0,27
0xc89c55c62128b8ae7cb1c4923733585ca709ea74,24,0,24
0x64a1c0937728d8d2fa8cd81ef61a9c860b7362db,162,42,120
0x1788430620960f9a70e3dc14202a3a35dde1a316,191,61,130
0x318f6a35547696848cb0c251c46de67ee1511296,438,12,426
0xd5eab5726bcd05a62becc74bdac5df9c7fa93622,445,445,0
0x56b391339615fd0e88e0d370f451fa91478bb20f,136,11,125
0x79f3421e4ee96b4a0da649214f5ff6a2285970f3,174,0,174
0xcdefd353ba028a77c1cfbbf9571e7a19df582380,63,26,37
0xfa956c57f5c07daf9552a3e062204e009e2d2e76,70,12,58
0x1a300c5a5639c4605c1b47f6e079e8b4056a9376,76,4,72
0x742e8ffa4f7c7e1f07ae576e2d2fc712bc925653,343,19,324
0x626e8036deb333b408be468f951bdb42433cbf18,202,175,27
0xdfeda9c39b3571fe1d403e381ebc06e9d5d85fb5,76,0,76
0x4d67edef87a5ff910954899f4e5a0aaf107afd42,87,2,85
0x2656754e71f063889ecf3e17bb7dfd0975dc3c87,50,0,50
0xbbd900e05b4af2124390d206f70bc4e583b1be85,124,6,118
0x7eaa96d48380802a75ed6d74b91e2b30c3d474c1,193,34,159
0x4cdee5bb342bf336b092f42b40ee23f6ba2bbc7a,185,1,184
0x2edf094db69d6dcd487f1b3db9febe2eec0dd4c5,183,4,179
0x1c60841b70821dca733c9b1a26dbe1a33338bd43,167,5,162
0x1e725bcc09ad221d35af5adeda404fb2147b43fa,110,10,100
0x9ca8887d13bc4591ae36972702fdf9de2c97957f,164,1,163
0x232d0620fe7f5f383740cf2880782d80b22e3b0a,151,21,130
0x0f18d9e6111fadf9151f769a9ebd47d093ad2899,35,21,14
0x8eb24319393716668d768dcec29356ae9cffe285,420,405,15
0x89c70cb6d7afa7a7c9373771031c3ccb899a8d14,48,0,48
0xe6d1cf4945c90409963227caf95cfab0dcd61537,43,6,37
0x5b4c617e689a711cf7338dae7dcd02bdac49c1f9,115,11,104
0x54e142d6bd03dbc5ea4365e326c8dfecfcb71fb2,184,9,175
0x903e2f5d42ee23156d548dd46bb84b7873789e44,206,26,180
0x15b363ceb7688a727b8406aed009d70f7704cd34,267,62,205
0x8a2279d4a90b6fe1c4b30fa660cc9f926797baa2,190,177,13
0xb184b9414e7d7c436b7097ed2c774bb56fae392f,190,55,135
0x0a57e26e480355510028b5310fd251df96e2274b,230,0,230
0x049bddf5c1aa5ec3edae66525379e3c30cdf88a7,33,19,14
0x1482d014aacbeabe40e81aaecfa53c1b226a059f,18,17,1
0x2aa297c3208bd98a9a477514d3c80ace570a6dee,215,3,212
0x0ee1fb382caf98e86e97e51f9f42f8b4654020f3,39,13,26
0xa2ea5cb0614f6428421a39ec09b013cc3336efbe,44,13,31
0x64a2ae6d69f6c6ff2efcd99b00476f61f5dfb7ef,63,3,60
0x63f421b24cea6765b326753f6d4e558c21ea8f76,242,25,217
0x22c594c42fcd0b9dfde27aa8976a510c9d044356,299,20,279
0xd38ea4423086ecbc3080e876ae435ce6544dc553,103,4,99
0xab1c28adb2c720386cda577fa7643ad4a6f56bb8,89,8,81
0x96ff741d07a856f69527fbe07cb4f67640e97ee4,23,23,0
0xcf8009f8e3446296d02b63d43e8066d130ce27b3,276,18,258
0x7abc458a355beb1866bbf3563d48ad5a1c904621,333,126,207
0x01b23286ff60a543ec29366ae8d6b6274ca20541,80,78,2
0xeed10864e9fd813d12a0f40eb5f73ff2d31b2abb,50,7,43
0xb895192f5a49914ae760f01ef92db285d94c783e,99,0,99
0x6f5e77cea0abdda40013a8ef53639c96972fb745,74,67,7
0x22c36bfdcef207f9c0cc941936eff94d4246d14a,107,8,99
0xc65ef668114a1d0446f960ac4caa8c080efab786,453,0,453
0x5a775dd40782bd0238472a57b3780ff54da6e669,285,24,261
0xcf5997c7a314ae624c6f2f4a6ddc373efd23b276,486,20,466
0x249c3a9839c27a6a79820a24e7a6fec6b5992423,28,7,21
0x23223eed5b998c784690d7d2ded01a65f42ac1a9,75,1,74
0xaac41ec512808d64625576eddd580e7ea40ef8b2,147,2,145
0xd417144312dbf50465b1c641d016962017ef6240,172,3,169
0x7898accc83587c3c55116c5230c17a6cd9c71bad,169,0,169
0xc22f6c6f04c24fac546a43eb2e2eb10b1d2953da,71,0,71
0xc6065b9fc8171ad3d29bad510709249681758972,42,42,0
0x4d928fada59f3446627c5bea707a81e006cf676f,223,7,216
0xb14ebf566511b9e6002bb286016ab2497b9b9c9d,71,1,70
0x0fbee24a11f7ba72149bfb131eaf29233a135fc6,194,7,187
0xefe58f3ace7d7dac903b2cc2e18ef1858d4e2675,419,10,409
0x0cdf9acd87e940837ff21bb40c9fd55f68bba059,165,7,158
0xf9365d61350739e5128926d277375868e7119201,99,8,91
0xf527d24391c767b86b8e91385e1ce9c54d230a2b,128,2,126
0x02da3ad430ee4a1ee9e1103f6692d3f67bcb581e,68,4,64
0x8419721412da63076b4556247a028e93ab51f9f4,89,8,81
0x9416ba76e88d873050a06e5956a3ebf10386b863,27,1,26
0x87cdc02f0812f08cd50f946793706fad9c265e2d,70,70,0
0x85522a73cb3fd47d3616e5e82b4988b05a5b8576,57,0,57
0x3ba207c25a278524e1cc7faaea950753049072a4,239,0,239
0xd60917e1abde5c9e3395cfba5688c735a89b3281,165,4,161
0x3e52dd75ebb13077fc0eb3eefd8a69fb5ad39aa9,55,16,39
0x3eeb21a41025d9ec8d9540aa6d17d6900eec6957,84,0,84
0xfcb1315c4273954f74cb16d5b663dbf479eec62e,263,39,224
0x71772beff1fb348eb7d5f9f1e0b5f11bc49ab5e4,498,10,488
0x130cfab3817467f532c179d4e6502f5a7e7d44c7,80,0,80
0x663afbbff0e1e7b2126f4ef7c727fb0c44120b2a,24,0,24
0xd92494cb921e5c0d3a39ea88d0147bbd82e51008,311,0,311
0x3943cf9bd3aca41a66ec911a6395727db274856e,152,9,143
0x8a854288a5976036a725879164ca3e91d30c6a1b,364,353,11
0x5bf844122db21ae6f787ddda9806aa7dd6489998,34,34,0
0x6d06aa1e471de7d7b4d7810d1ef57fba6c35d898,98,1,97
0x681c4f8f69cf68852bad092086ffeab31f5b812c,349,349,0
0x905f39d647d1ac1f9bf1e31444737a9881a71168,56,0,56
0xdd510ce28dfd085d9cf58f5402ca6d63985e83c0,386,67,319
0x038a68ff68c393373ec894015816e33ad41bd564,207,112,95
0x9294b5bce53c444eb78b7bd9532d809e9b9cd123,260,21,239
0x08d967bb0134f2d07f7cfb6e246680c53927dd30,208,175,33
0xfe459828c90c0ba4bc8b42f5c5d44f316700b430,76,62,14
0x6632a9d63e142f17a668064d41a21193b49b41a0,209,39,170
0x9048de699869385756939a7bb0a22b6d6cb63a83,128,5,123
0x215de37f364801c2306cc4a4ed63780e614979e7,128,22,106
0xd4f8b4826847ca01652acaaf09e48b3cb96f72df,224,12,212
0xbba10c994e2780b459cf6511d9ad3d4f5d38b5a1,144,8,136
0x0f2d719407fdbeff09d87557abb7232601fd9f29,167,167,0
0x87c22615435998d69aca34889d03155b694a94fc,66,53,13
0xf661d58cfe893993b11d53d11148c4650590c692,194,3,191
0x6cbe9edec134b9d750f4f515dc02a9bd656ed512,100,14,86
0x3aadc3bce49724ce299fd9f3850211211c399c8c,49,49,0
0xe3feb315ae49491900e34763d7d5aecc4277d843,147,12,135
0x6f24a2a5ecfffb0610f69929e9aa7fcef441897a,82,13,69
0x18aaa7115705e8be94bffebde57af9bfc265b998,496,496,0
0x11ce3c5ecfa4cc788eaa94157a63a1ca4863a90c,97,1,96
0x5c523d6abe17e98eaa58c2df62a6ec9162f3b9a1,125,125,0
0x09891c6de679cb9752a1040c2ed48bd76412e91b,147,2,145
0x5995383373decbd673c2d3ab92e6118508f9b83e,131,78,53
0x72519fa6cd095c99d5d67e31ddc117409bc5c047,41,41,0
0x4e13607c0777e86dfac61748c18b44595d23c9d6,107,21,86
0x4e8e2a120423ad588f96914a7d68f3e7f9d5149f,115,18,97
0x4a8f5f96d5436e43112c2fbc6a9f70da9e4e16d4,35,1,34
0x548c407d35cdd3c812458d9ef6d135963f9f7ece,227,33,194
0x8690f1f031dd0d1c7083f12a79c956fc72c5abcd,65,9,56
0x10d97d524577ae4df2724c83aab184c23fdf5d0c,60,4,56
0x9b5161a41b58498eb9c5febf89d60714089d2253,160,49,111
0xf8417de025933ed54d39f8a4f67bcc9d83c13665,41,41,0
0x366e3b64ef9060eb4b2b0908d7cd165c26312a23,316,8,308
0x9d6acd34d481512586844fd65328bd358d306752,299,88,211
0xd1b624f07a4d9b3e3746e33cb58f42df079b5444,43,39,4
0xf5b5efc906513b4344ebabcf47a04901f99f09f3,143,143,0
0xad6dc35442d766f87f9296f17ba45e23518bc5f3,68,6,62
0x734f5d723f27963ba48589170fbd39453196cb0f,131,18,113
0xaea3f88b62e87f7bf5e99972a22439071b3a0135,81,77,4
0xdc59ac4fefa32293a95889dc396682858d52e5db,49,1,48
0xd7a7bcf3b166e89e8c7d4eef54f976854e44612b,93,7,86
0xb83104c3659703803454de8c736e207af05c0a9d,87,0,87
0x08389495d7456e1951ddf7c3a1314a4bfb646d8b,140,139,1
0x3ab6ed69ef663bd986ee59205ccad8a20f98b4c2,108,108,0
0xaf77af48e73e8f087a8478ef31dcc7f7f0752822,60,3,57
0x0586d61c978acbf8bd793649d7f33158a1d8fc93,47,4,43
0xa02120696c7b8fe16c09c749e4598819b2b0e915,93,11,82
0x32666b64e9fd0f44916e1378efb2cfa3b3b96e80,252,252,0
0x7995ab36bb307afa6a683c24a25d90dc1ea83566,242,125,117
0x13927739076014913a3a7c207ef84c5be4780014,114,2,112
0x49aac71bb0ca59feff7900dc5d15c81efd354ce0,32,0,32
0x861334dec28b3ba71dffb1abf4e57d4ad3964b5f,354,123,231
0xc50ef449171a51fbeafd7c562b064b6471c36caa,422,3,419
0x8df62bdc215bcf5f1acffccb206fe01e63c3dfff,78,1,77
0xdb15a26827a6bab43aa6d99994f96c61138d68db,216,80,136
0x1337def16f9b486faed0293eb623dc8395dfe46a,198,127,71
0x7d0e63736aeb136acd44c70d6e1a0f27fb897679,390,15,375
0x0dd56271f1b4ecd8d6ce970b065d6c1f0680543a,39,0,39
0xd291e7a03283640fdc51b121ac401383a46cc623,388,388,0
0x91cc3844b8271337679f8c00cb2d238886917d40,226,21,205
0xcb6aeeccef4fa3683cdf47dbd2b7b5bea3dc85d8,88,1,87
0x993864e43caa7f7f12953ad6feb1d1ca635b875f,249,5,244
0x66d28cb58487a7609877550e1a34691810a6b9fc,203,5,198
0x0405b21bc88af1fa4f7ac9cc311da0748ca8f31e,59,17,42
0x72630b1e3b42874bf335020ba0249e3e9e47bafc,148,2,146
0x321864ddb3066d8268073ecee591da52c308eb40,71,71,0
0xc67b12049c2d0cf6e476bc64c7f82fc6c63cffc5,96,91,5
0x8e21ead95de5d5f765cf6d1444b9e773cbf52b6a,125,1,124
0x846c66cf71c43f80403b51fe3906b3599d63336f,237,235,2
0x0839f043ece52658d99cdc9173d5b116608802d8,117,11,106
0x602f65bb8b8098ad804e99db6760fd36208cd967,59,58,1
0x52daf33dac423ca3d63e53b098e3edab3acfdb0e,121,19,102
0x634a44a4dd2ceda44ecf1902b3502336558826db,35,3,32
0x3a8d5bc8a8948b68dfc0ce9c14ac4150e083518c,93,0,93
0x6d4530149e5b4483d2f7e60449c02570531a0751,275,2,273
0x3acadf037d6f2e13252031ddd44df1400f115d58,67,2,65
0xab58f4ad6eb4300745fb7ab728609f96c3d8d1e4,114,3,111
0x6bb61215298f296c55b19ad842d3df69021da2ef,108,3,105
0x76a34d72b9cf97d972fb0e390eb053a37f211c74,101,21,80
0xdb7b094fdc04f51560a03a99f747044951b73727,111,17,94
0x67b6d479c7bb412c54e03dca8e1bc6740ce6b99c,248,4,244
0x5181af2c5cd19aaecada5d8a7afb7856b7643aca,165,13,152
0xba6b0dbb2ba8daa8f5d6817946393aef8d3a4487,41,41,0
0x2c9023bbc572ff8dc1228c7858a280046ea8c9e5,254,254,0
0xb7c9e99da8a857ce576a830a9c19312114d9de02,127,41,86
0x2e66dfa3baeb48d1ef97862fd27bc2bb6eaef8f4,124,9,115
0x94bccfcbefd6102b953a85afb81236958c10feed,297,24,273
0xc8d9b60d79cad803eb165a95ede37fd0d372920c,76,8,68
0xaf2f7aecfc0152ee05af78b756e46ecbaadc5b61,176,0,176
0x275f5ad03be0fa221b4c6649b8aee09a42d9412a,129,12,117
0x805c2077f3ab224d889f9c3992b41b2f4722c787,104,49,55
0x73f16f0c0cd1a078a54894974c5c054d8dc1a3d7,379,379,0
0xec7f8a34b97ac65caad3841659f2cd54285a3950,141,1,140
0xd9d74a29307cc6fc8bf424ee4217f1a587fbc8dc,32,18,14
0x8740540363ecd1e426333b2af89b5d8bd3606002,205,39,166
0x564207a9cfb374157bfc6ac7472d8782bbc0f4d9,51,42,9
0x8e75d7d78c81ae4fbf1e4fe2f6104237a5e6f2a5,74,0,74
0x2a2550e0a75acec6d811ae3930732f7f3ad67588,84,83,1
0x25990c664d53bb17a175050170043ed4b983a221,15,15,0
0x8b5967b5e370666acce559e7b7bec52c63ef0f89,52,21,31
0x25a1de1c3ee658fe034b8914a1d8d34110423af8,146,59,87
0xd45eb82de0f33d4d2261c46b03a6000dd2366480,234,17,217
0x42bbfa2e77757c645eeaad1655e0911a7553efbc,117,57,60
0x825b8d4e1432ccbc5ab2bc24c9e65f0434dcaf37,125,1,124
0xda19f6959c47fd207746808adb04c79e3b358997,34,34,0
0xeb4c2781e4eba804ce9a9803c67d0893436bb27d,257,2,255
0x5cdb6298e9546aab02558a0419e6556e6b822ad8,85,2,83
0x513ef3f0d5259a0819370459a86930d047bf8e9d,79,79,0
0x1c48f86ae57291f7686349f12601910bd8d470bb,164,164,0
0xce17f8ef13cf67da6eab86e31360102eea8609ff,187,1,186
0x66290793c75abe25f4edb91eda3ebd0a221c30e3,82,2,80
0x5f7cedf538262661f06f9f5a0d9230c7b65a3f3f,48,4,44
0xffc14a3b26708545bccf8e915e2e8348123f5460,326,96,230
0x5dc60c4d5e75d22588fa17ffeb90a63e535efce0,175,1,174
0x0a0d164a2e7e0423f5f61533dccfab1b6efd6b4b,34,12,22
0x7f3141c4d6b047fb930991b450f1ed996a51cb26,62,60,2
0x0cec1a9154ff802e7934fc916ed7ca50bde6844e,304,3,301
0xdb298285fe4c5410b05390ca80e8fbe9de1f259b,81,8,73
0xa56d1b415cb4b23e76910bb8c2f5a0a5b2c86a87,107,1,106
0xadd3bcad41124026e300991e862621419e96b626,34,34,0
0xf16e81dce15b08f326220742020379b855b87df9,193,165,28
0x8a94dbfb613958e0cd78b4461edcfc9c97d9b708,119,10,109
0x3eacf2d8ce91b35c048c6ac6ec36341aae002fb9,247,2,245
0xe0a450b095266e97a2fe1f3a22259600ce6b5210,85,7,78
0xc308e9f442e56a05e61bb785d7e048f0e52bec5f,70,10,60
0xd10ea170fcfd4d6f2c9fd7a596d7b0ba10a52648,393,18,375
0x01ff50f8b7f74e4f00580d9596cd3d0d6d6e326f,203,59,144
0x82a8f334a4b6e7d62cca189d44c295a293dce631,28,1,27
0xbe9b9c6356303006903bf81cd25d9943ecd77976,104,1,103
0xfa0b8feca230818439afe23a0da24579338cbda3,36,6,30
0xad2fd18932c39fa5085429853e1f0d39a65a438e,131,2,129
0x05fee3b8e939acbb4e8073d784e3ec0977509770,312,43,269
0x486be2be480aed1e21ba884b0b559fdd0eb14153,52,10,42
0x2070f7821d9c8ebfdecc1bc981d1308cc0d93843,181,13,168
0x894e37f02249b922b14561f234d228410cf754e2,123,13,110
0x89ac26c0afcb28ec55b6cd2f6b7dad867fa24639,160,160,0
0x87e7a2d41c7a0d041e158266f50291e4e3dfd7b3,249,10,239
0x75ecb52e403c617679fbd3e77a50f9d10a842387,56,17,39
0xc88fde79aaa8ecf8175d5a1e197d75623ea27fd0,79,10,69
0x8e0fe2947752be0d5acf73aae77362daf79cb379,61,61,0
0x0e42ffbac75bcc30cd0015f8aaa608539ba35fbb,104,16,88
0xe6295201cd1ff13ced5f063a5421c39a1d236f1c,177,6,171
0xf1268733c6fb05ef6be9cf23d24436dcd6e0b35e,302,76,226
0x4f89cd0cae1e54d98db6a80150a824a533502eea,156,17,139
0x19dba0122555555a3e2b1343d0738eddfab5b4f4,114,1,113
0x7bebd226154e865954a87650faefa8f485d36081,83,3,80
0x7c41e89e299b1af7c549d42e1483b25bf84b1a11,44,1,43
0x125afee79b96da4c3f58b119788085fdadd279e6,79,3,76
0x02f74badce458387ecaef9b1f229afb5678e9aad,151,0,151
0xd46814b736db3c6feed576a59e3ff140075c9e0a,143,13,130
0x26b925eef82525f514c0414db5cf65953d30a4ca,120,18,102
0x05febf6a40a672854b3549f2b814e9a9946e6cc7,145,23,122
0xdc0327d50e6c73db2f8117760592c8bbf1cdcf38,144,27,117
0xb19dd661f076998e3b0456935092a233e12c2280,61,1,60
0x5d01663be95186409129eb4696b6a9d2be8c825e,378,23,355
0xccc8cb5229b0ac8069c51fd58367fd1e622afd97,182,26,156
0xc322cdd03f34b6d25633c2abbc8716a058c7fe9e,171,76,95
0xc7c9567bd3020e8148e43d0831c33d4843f0b0e1,139,16,123
0x0c6822ca73de6871f27acd9ca05a05b99294b805,306,7,299
0x77271813bd9167e75b5df9c230cf58d64f0a58fd,34,0,34
0x5dbfde4d8162b23a4496a11ad1a71a6e37bb6bd8,105,22,83
0x98e5790f343b83e850c20fb2d100b28de5e8aeeb,407,11,396
0x69690fa25f3c2d4ccbf0e4395b098951f7473ccb,62,23,39
0x059c12ed5aaf25adbc6e15f9cc9bab2dde031215,238,1,237
0xdf6e32d85d17e907e0da157fab7c12788e7161da,107,1,106
0x2af38cf18ef071fd806cbc0b66a74da66d3e33b3,140,9,131
0x851d6f58f2e5f425da765453054a39c93f5d940a,41,0,41
0xe8f8d4bc6ebb10b29a1331c80c567b1a308afe47,28,0,28
0x119fc177f4acfd85b7c02b7c645caa869aec2e89,114,11,103
0xe803178b48a0e560c2b19f3b3d4e504f79d229ce,60,8,52
0x399bd363426dfdd7f84fe8b917e1a3525b039309,38,14,24
0x3121c26bd9749cd1951dec16e0d22dc68879173c,198,3,195
0xeab695a8f5a44f583003a8bc97d677880d528248,490,490,0
0xf34960d9d60be18cc1d5afc1a6f012a723a28811,154,4,150
0x056354f3ff20743aa4c0da365603871c7000b081,109,105,4
0xcf0c122c6b73ff809c693db761e7baebe62b6a2e,371,175,196
0xe2e9db4e10bcf46ea3ed4b30aef7703fb81c4324,80,2,78
0x6f02a5b6d9633d4dab833a42b7f13e6ec91a6c87,31,0,31
0x8bb6f9463524af5c248d085d37c91b96d8aaff80,57,56,1
0x134460d32fc66a6d84487c20dcd9fdcf92316017,320,33,287
0x921fa0f0fe7e01e861b2cf583a54a8c3e9b40b1e,58,6,52
0xf418588522d5dd018b425e472991e52ebbeeeeee,263,2,261
0x9cc26d6c68af6c7b7316dea943f059441a54d68a,81,17,64
0x9e32b13ce7f2e80a01932b42553652e053d6ed8e,210,9,201
0x4463e6a3ded0dbe3f6e15bc8420dfc55e5fea830,99,3,96
0x3c2eb40d25a4b2b5a068a959a40d57d63dc98b95,51,22,29
0x3a880652f47bfaa771908c07dd8673a787daed3a,216,5,211
0x4e962d488412a14aa37eacadcb83f18c7e2271a7,194,12,182
0xb1dc55ef244365b490fd742ffef3f1f76f754c72,41,1,40
0x2cac916b2a963bf162f076c0a8a4a8200bcfbfb4,28,2,26
0xf4dd946d1406e215a87029db56c69e1bcf3e1773,48,3,45
0xf0d33beda4d734c72684b5f9abbebf715d0a7935,122,2,120
0xa64dfe8d86963151e6496bee513e366f6e42ed79,169,4,165
0xc314d734eae9b3926c15bc2c89596822b541effd,131,5,126
0x38b7e06eb1a6b8af8b3a06ecc0f673d9f8421ebb,58,7,51
0xc782ab25dac76565d3fdede36fcf87227c9217da,177,27,150
0xbe38cdeb8a95e78b3209c80c9c251d47e5ac8756,3,1,2
0xb0eea59e9e1c55039b431795cb2229f0588464a9,103,1,102
0xb4dff5da3c48d6411f6ac633ca634454d77c9353,10,5,5
0xee29700134aab4f45b113e43e29ff06ce10687b7,341,23,318
0x940a2db1b7008b6c776d4faaca729d6d4a4aa551,240,235,5
0xd5af737470e963f40f9e681b2e9d12acdbbb5492,252,20,232
0x21663c006603f43a40c638fcd2406940aa96da19,105,8,97
0x42476f744292107e34519f9c357927074ea3f75d,174,1,173
0x56694577564fdd577a0abb20fe95c1e2756c2a11,61,6,55
0xe12a2a0fb3fb5089a498386a734df7060c1693b8,150,2,148
0x7f39c581f595b53c5cb19bd0b3f8da6c935e2ca0,463,3,460
0x71dc7a1e6bc6b91a6000c6adfba9eb4cfffd7b9a,22,0,22
0x4e0fca55a6c3a94720ded91153a27f60e26b9aa8,399,9,390
0x3ea8ea4237344c9931214796d9417af1a1180770,56,25,31
0x031ac90dcb0f59ac3a73a4a4dfaf1d88ad03ef0c,223,1,222
0xf05e0a149e4ab0253aa5e1575302e721d02369c0,116,12,104
0xef89e9b452950d81ba4d24ad48df3f82eaed22bb,81,3,78
0xa23c1194d421f252b4e6d5edcc3205f7650a4ebe,50,3,47
0xfef0a62409f745e0dc7740918eca0887617e6018,55,1,54
0x0dc55e87741bf7c62b4fb05479868b0751e5b80d,73,4,69
0xc666081073e8dff8d3d1c2292a29ae1a2153ec09,196,1,195
0x8e1b448ec7adfc7fa35fc2e885678bd323176e34,240,240,0
0x488fb59d73669d5a1cdf0960214563756594c528,79,5,74
0x506a286a6bb78c9e5d189f436619a87a90aab088,122,12,110
0x80d2f4321d5fcbae61d06b8a716b1b1ef49471df,54,14,40
0x54442d0a5849ac1cfedd78f892154328f2c5b238,148,8,140
0x795dbf627484f8248d3d6c09c309825c1563e873,139,3,136
0xf6e2c197e96b63b982ca639262cdf0a5f296d528,191,4,187
0x0c1cf1d2a2ec13adbb919e1c2d42d6b732a4ce11,57,1,56
0xb7f7f6c52f2e2fdb1963eab30438024864c313f6,235,149,86
0x73da73ef3a6982109c4d5bdb0db9dd3e3783f313,363,363,0
0x7effbc54d8066e3717230fff5d245d7c11ad4d22,206,1,205
0x36b00c4c6ce3653a091c7940fc98c3acb0043871,91,1,90
0x2302021087377a9e6fced6e478d8714598eb2f2b,66,0,66
0x632136be55a41a11478e9fa5077cce734b777f67,159,1,158
0xa1f7c9c6d19e2d0bf20729cb0bf03338a90bed9b,128,2,126
0xe796d6ca1ceb1b022ece5296226bf784110031cd,130,2,128
0xb1cc77e701de60fe246607565cf7edc9d9b6b963,75,10,65
0x52b235b46cacae41ee701015995ba0ac08e750d3,36,1,35
0x36d582ea65f98a087767028a0ef469ada276ffe7,41,7,34
0x3496b523e5c00a4b4150d6721320cddb234c3079,132,3,129
0xfd2043f00450ed34589dffedc85875b9ee9855d9,41,16,25
0x062c74e593ce3c6574f126a1a35ab55dffdd63a6,179,27,152
0x35156b404c3f9bdaf45ab65ba315419bcde3775c,153,1,152
0x6123b0049f904d730db3c36a31167d9d4121fa6b,138,125,13
0x72d7b17bf63322a943d4a2873310a83dcdbc3c8d,141,1,140
0xc744df3419a8c9bd4d6b9852a503eb1c5308a326,37,37,0
0xbcbcc7cbf50344ed4445512b30897d6bad76f166,174,4,170
0xf2bda964ec2d2fcb1610c886ed4831bf58f64948,342,58,284
0x95ddf26d73dfbbffc5a3d008bfdb3fef71fb8a84,348,26,322
0xcecad69d7d4ed6d52efcfa028af8732f27e08f70,215,214,1
0xc00fc5b71a8b889efbc9e985fe05b51e873219cd,64,2,62
0x878e06b10573e1d09864a9ab2641a91eda5bcbe1,67,16,51
0xfd3c3717164831916e6d2d7cdde9904dd793ec84,378,80,298
0x06245be6757526641b7cf1e05cdbc1176184dfcb,289,2,287
0x1e52f7a450b08b1b249a4f4f54518fc5278c2285,108,21,87
0x65032604dab202aff9adf89300cdb4bd0d059f55,67,4,63
0xf30547ff2df1f1cbe5c8dd758b3dd098c856e38f,91,91,0
0x2da719db753dfa10a62e140f436e1d67f2ddb0d6,122,108,14
0xb36f6289626f4fe5a364c32194bb915421f25e76,21,0,21
0xd8f2eefed38f10e9b53952125cfe66d6d1511559,140,3,137
0xb5ce127420788f5ebb9255626235ee2c4f4aa832,42,1,41
0x4621f7789179808114c5685fd5e2847a0f7b2246,189,4,185
0x3c0417900f5231d448c32c7f4cad40e1efad36fc,180,16,164
0xede5b530498f8810537d9b64c3f857d06ac09585,219,31,188
0x75d7d7e9dc084a18410f652b794574f91692a3aa,169,0,169
0xfe56e974c1c85e9351325fb2d62963a022ad624f,167,1,166
0x9ca3a9a3aa59c7ddd61c29f6b0540ad9988aede6,60,1,59
0x8328f8d228450a9662bfedd526c25278dfbf5e9d,420,32,388
0x23427dea2dd52b13630f2757ff2cd734c5c42174,24,0,24
0xe6333fce83a1c1ba4bff1661267bd256c94723fd,36,36,0
0xd42df66453989b61ced12dd6c957ee01a74ba78c,25,6,19
0x3c54b798b3aad4f6089533af3bdbd6ce233019bb,464,37,427
0x996346c601e15c12e2b253e93b0a883b7e2f2dd8,86,1,85
0xdc3e252b1d872c780f2aa44ddd6e49baf07bb970,266,0,266
0x945520a9f9f9a6a7679ceec5ed28ee19d2ac18b9,127,13,114
0x201414c33648572e848419f7f692afd587af1d06,36,11,25
0xc2544a32872a91f4a553b404c6950e89de901fdb,67,61,6
0x77c7f7dc1b592e884966f0dc4ae0ffb93cba1a7e,80,39,41
0x708da3646cfa5ab8835672ecb5ae2f2494b7fa81,124,1,123
0xce0659d7f444eeb208c2b0b86107e6a654518593,25,0,25
0x33bfd20660eeaf952e8d5bc3236e1918701f17d0,141,141,0
0xf0bb34a3816d020cdc97fe824792c3866c04578a,210,43,167
0x666d875c600aa06ac1cf15641361dec3b00432ef,94,1,93
0xd98f75b1a3261dab9eed4956c93f33749027a964,343,116,227
0xc1caf0c19a8ac28c41fe59ba6c754e4b9bd54de9,302,94,208
0xbd82cd2f7c2b8710a879580399cfbff61c5020b9,179,179,0
0xd7dcd9b99787c619b4d57979521258d1a7267ad7,37,1,36
0xe4462eb568e2dfbb5b0ca2d3dbb1a35c9aa98aad,180,24,156
0xfaaa7460ed59c12e204349766ce73cf5202e6ad6,268,85,183
0xa6916545a56f75acd43fb6a1527a73a41d2b4081,265,27,238
0xf9fb1c508ff49f78b60d3a96dea99fa5d7f3a8a6,10,10,0
0x94dfd4e2210fa5b752c3cd0f381edad9da6640f8,109,2,107
0x192f212de38d73fa536ff57e613d03071383dc43,96,6,90
0x3ffaec27b2d94fb5fb41f5bf2eea0f04ad6704e3,97,1,96
0x48601815f9924a244afe3b0c53b5501ef204b0bc,67,1,66
0xf17dce6438e18bdbe51117cf4318b9b3f8b04513,83,2,81
0xc60136888d270a74c78c347438c1ef11507087ee,94,2,92
0xdf2c7238198ad8b389666574f2d8bc411a4b7428,375,366,9
0xa93546947f3015c986695750b8bbea8e26d65856,7,7,0
0x080e92b26a1d93546d2f5a8ef05a8b823306c146,269,12,257
0xb5d5ba5a8cb511a2344d94ef432472f8b7773d7c,87,3,84
0x897249fef87fa6d1e7fedcb960c2a01ec99ecc6c,219,31,188
0xdd6a643bbde396191f14d720570b8d546dfec2b6,431,9,422
0x83ddafaa7f037c4fa7e1c47f91adac2f0eaf1bb5,124,1,123
0x8e5ca0f1cf1f0936572b814f1985aeab37e58193,27,4,23
0xb753b59caf85c2755150857ee4919c22ae71926c,88,4,84
0x4a621d9f1b19296d1c0f87637b3a8d4978e9bf82,276,175,101
0x8329d2ddac106e0f2c804fe6d9c1c6a0c465ef57,87,17,70
0x888f98efcffb7822e6eebd249262853db960dead,45,15,30
0x05a46f1e545526fb803ff974c790acea34d1f2d6,135,9,126
0x1e2f15302b90edde696593607b6bd444b64e8f02,242,4,238
0x6e845be4ea601b4dbe98ed1f52b371dca1dbb2b6,213,0,213
0xdd301bb7734d0e269a614766c00509df735b254c,101,3,98
0x808ed7a55b133f64069318da0b173b71bbe44414,19,19,0
0xde0282a9775cdfee15fc5308b78e4f9c8ac3ea9b,34,7,27
0x9e1076cc0d19f9b0b8019f384b0a29e48ee46f7f,392,1,391
0x88ef27e69108b2633f8e1c184cc37940a075cc02,239,78,161
0x362bc666e88898092a72d5ec8a2f8dfa971f5742,2,0,2
0xfc979087305a826c2b2a0056cfaba50aad3e6439,182,173,9
0x9af839687f6c94542ac5ece2e317daae355493a1,208,207,1
0xab5041d720ab0cdb3342f5bc7ac6cc14b6c70727,308,0,308
0xe2ef3b60b0b3087cf1d1179d899a7cd7a11a9fca,107,5,102
0x4d34e61caf7a3622759d69e48ccdeb8dee5021e8,59,59,0
0xc7e76248bd47dda22db50a1743032082821f6172,200,45,155
0x33349b282065b0284d756f0577fb39c158f935e6,132,3,129
0x79986af15539de2db9a5086382daeda917a9cf0c,303,124,179
0x7f896a5f3f99c8c4f9e4944619458ca4710a1824,67,0,67
0x63d48ed3f50aba950c17e37ca03356ccd6b6a280,438,2,436
0x320623b8e4ff03373931769a31fc52a4e78b5d70,353,153,200
0xf12f0fd99e913fde707c449e488e67687ec1a7c4,300,25,275
0x1aaddcf6749e6a56b1c704cd30221df00a08659c,230,12,218
0xee77b16200014161d4abf857a37e7ac7e265c84d,155,19,136
0x40bca1eddf13b5ffa8f6f1d470cabc78ec2fc3bb,169,5,164
0xe12edaab53023c75473a5a011bdb729ee73545e8,243,11,232
0xc5351f93b67895f6dd0df0e0c2be0fc6fec89c4c,190,6,184
0xb525ecee288b99216cd481c56b6efbdbe9bf90b5,125,23,102
0x14d7c1ffe0581e766696ea99e62448de09270339,26,4,22
0xd1258db6ac08eb0e625b75b371c023da478e94a9,116,6,110
0x06fd60173bf869b8ce4439e3477223c013bad466,229,46,183
0xcfe4e6dd48c6f1271708c0311047293c0c20ea56,19,6,13
0x33d0568941c0c64ff7e0fb4fba0b11bd37deed9f,253,5,248
0x29cbd0510eec0327992cd6006e63f9fa8e7f33b7,166,4,162
0xd5c5927c9db9da82acfb29ed51554d25f2ef7b7e,332,38,294
0xcfc912c945d634dc2c24d4c848d9a9f4046f9b11,221,2,219
0x38a6fd7148c4900338e903258b5e289dfa995e2e,67,19,48
0xac0968a3e2020ac8ca83e60ccf69081ebc6d3bc3,45,45,0
0xd0f0c40fcd1598721567f140ebf8af436e7b97cf,153,20,133
0xb4d930279552397bba2ee473229f89ec245bc365,221,6,215
0x4a615bb7166210cce20e6642a6f8fb5d4d044496,117,2,115
0x0a0211973587a837491f0abe8bd1ec8d442efac8,162,57,105
0x90b831fa3bebf58e9744a14d638e25b4ee06f9bc,93,4,89
0xcaace84b015330c0ab4bd003f6fa0b84ec6c64ac,101,20,81
0xfb5aceff3117ac013a387d383fd1643d573bd5b4,145,22,123
0x8e19be131d16afd9c00cfff6a8a60b098e6ab24f,38,1,37
0xa4c1135f0c0123f6683f98a8177f4c51f3179107,173,0,173
0x8d18f53a54b55d6cc23528d9a80824c7dd3ec494,35,9,26
0x9b8e9d523d1d6bc8eb209301c82c7d64d10b219e,90,0,90
0xc97a20bfc3f9755763648c5171b6763230954b7b,46,2,44
0x8ec9c306d203fe7e2fa596d1b19790a9db05ccd2,51,3,48
0xa844b918f0c362068e3894c68af5b2adbd37ed2c,80,4,76
0x6cc462bc49cecfe943bc4f477b23b92906e6074f,221,19,202
0xe7ae6d0c56cacaf007b7e4d312f9af686a9e9a04,95,12,83
0x1ffe11b9fb7f6ff1b153ab8608cf403ecaf9d44a,151,3,148
0x4b1d0b9f081468d780ca1d5d79132b64301085d1,89,16,73
0x108a850856db3f85d0269a2693d896b394c80325,115,107,8
0x75cdc17e42e1d82a3fdb38c1b8509842f0fcbe20,77,0,77
0xb14b87790643d2dab44b06692d37dd95b4b30e56,187,1,186
0xe8524434131bfde8ead553859ad42c8798c68a91,75,29,46
0x60c6b5dc066e33801f2d9f2830595490a3086b4e,115,10,105
0x06af447c72e18891fb65450f41134c00cf7ac28c,162,5,157
0x46c5098f73fa656e82d7e9afbf3c00b32b7b1ee2,106,0,106
0x66c0dded8433c9ea86c8cf91237b14e10b4d70b7,106,2,104
0x6fc355d4e0ee44b292e50878f49798ff755a5bbc,192,3,189
0x02444be2f00d08a8b12f19ed7dd9c3f3e0f6e684,17,1,16
0xd4f417cfd29ae83a303b6d75f88b62a696de47e1,105,6,99
0x8642a849d0dcb7a15a974794668adcfbe4794b56,187,5,182
0xeac6403e1db546edc25179eb403085212600bb3d,51,0,51
0x3e7b38e7f6c089345ccca785b18890c528636673,211,0,211
0x74232704659ef37c08995e386a2e26cc27a8d7b1,151,1,150
0x4b16d95ddf1ae4fe8227ed7b7e80cf13275e61c9,122,21,101
0x6a47f2e78e6a594e594fd3e318f301e987b60d55,81,18,63
0x94d4a314fc718adfb3e9e25d3e3a984862ec7f1b,75,10,65
0x8971f9fd7196e5cee2c1032b50f656855af7dd26,211,210,1
0x470ebf5f030ed85fc1ed4c2d36b9dd02e77cf1b7,85,4,81
0xe1d7c7a4596b038ced2a84bf65b8647271c53208,80,11,69
0x9bf17e99b3ae8cfb39466cbfc3bbcfe511270e1c,40,0,40
0x12ce8670bf6a071a9d1a6518ef96923dd1c070d9,129,9,120
0x0eb65b4c3d3de340e1b15384f8f211784247a37a,148,1,147
0x31c2415c946928e9fd1af83cdfa38d3edbd4326f,101,4,97
0x557b933a7c2c45672b610f8954a3deb39a51a8ca,245,144,101
0x5218e472cfcfe0b64a064f055b43b4cdc9efd3a6,212,5,207
0xddd616648446da56821df1e1606161ab44b09507,149,14,135
0xa7206d878c5c3871826dfdb42191c49b1d11f466,373,33,340
0x4c6cedf93a6c7572516b503f122eb1cfc0955037,115,10,105
0x3f5dd1a1538a4f9f82e543098f01f22480b0a3a8,85,4,81
0x6443132a9623b67f77537901f23528237923a70d,48,6,42
0x3b9be07d622accaed78f479bc0edabfd6397e320,265,5,260
0x5c0920476efe00f0a00c40c4c546d228f0c652d0,51,35,16
0x0c20c04a60e8ebb844220c31c06caf769968e1ab,90,5,85
0xc8d3dcb63c38607cb0c9d3f55e8ecce628a01c36,56,56,0
0xac6a6388691f564cb69e4082e2bd4e347a978bf6,145,0,145
0xc221b7e65ffc80de234bbb6667abdd46593d34f0,123,123,0
0xd0888b57f3b760129ad6b2f750e30f3f7760ade9,49,9,40
0xbcc3d1b4ddf3b9d38e7591c917d4db9501ecc3d6,55,6,49
0xb51f64a297122d44822fcceecea3ae63b98f4297,47,47,0
0x48fb253446873234f2febbf9bdeaa72d9d387f94,162,99,63
0x5caf0010a824319a64aca8afec402574dbed2d99,82,0,82
0x7cba74d0b16c8e18a9e48d3b7404d7739bb24f23,272,31,241
0x0c51c3c7f8c40b56edc8ca421a4891d4ad023fa2,12,12,0
0x8fa6a34aa6a246f3e7f60d43f3596a5e61bed879,280,17,263
0x145ac4edffae802d8260d64e5720e4b210039c71,337,0,337
0x61e90a50137e1f645c9ef4a0d3a4f01477738406,116,14,102
0xd26a6b1fd73c3575969d1a50d7f2908d53af411e,28,4,24
0xa73a3a74c7044b5411bd61e1990618a1400da379,28,28,0
0xbbab3bdb291b0f22bc9881895ff488a5db67bec8,52,10,42
0x02beed1404c69e62b76af6dbdae41bd98bca2eab,396,18,378
0xd151bbc88db8a7803a2ca7a9722037abdaca9b8e,125,48,77
0x15b7c0c907e4c6b9adaaaabc300c08991d6cea05,103,3,100
0x5499ee597543f528675dd23dcff05440dc3b1c6e,390,0,390
0x0d241ef213b2cd6f546b9116a6dd4060477e3596,200,11,189
0x966731dfd9b9925dd105ff465687f5aa8f54ee9f,82,19,63
0x1bd460f46a62503837b8853a089f941df515fe1a,58,8,50
0xfb9e9e7150ccebfe42d58de1989c5283d0eaab2e,183,2,181
0x5cd2fac9702d68dde5a94b1af95962bcfb80fc7d,93,61,32
0x418cbb82f7472b321c2c5ccf76b8d9b6df47daba,126,0,126
0x589b89164ce781475df59db280b42b13a640100d,227,50,177
0xc2237cd641ef6015714ce254e98afaeef48867d6,18,1,17
0xe48814b0569b744e6e75ef28403bdd7a6e7b5237,254,14,240
0x6fc981d119fce9f7d266548a88031bee44056209,27,0,27
0x382f0160c24f5c515a19f155bac14d479433a407,276,5,271
0xc656b2279b0fdf761e832133b06ce607fbbcbceb,74,1,73
0x0af55d5ff28a3269d69b98680fd034f115dd53ac,124,4,120
0xafbf03181833ab4e8dec24d708a2a24c2baaa4a4,77,1,76
0x75f52e1a6062bf46e125feeb6f16812c838dc07e,101,4,97
0xe84389ec084def478cd64bf9f101390b436bd364,64,0,64
0x2b56a2e62cc69a4c19c90868abc75751b94d7b36,130,1,129
0x4d05e3d48a938db4b7a9a59a802d5b45011bde58,101,13,88
0x99e9b0a9dc965361c2cbc07525ea591761aeaa53,17,0,17
0x11eef04c884e24d9b7b4760e7476d06ddf797f36,184,184,0
0x5f758581590c45a308f7a66dfd679a80f83c4b52,29,3,26
0x41231dadda96380c114e75e0da8a2b207d9232c2,86,7,79
0x8db253a1943dddf1af9bcf8706ac9a0ce939d922,48,4,44
0x50f7517029c505933cb5d6e9c897245226f4317b,65,61,4
0xd4048be096f969f51fd5642a9c744ec2a7eb89fe,115,10,105
0xf38c3e836be9cd35072055ff6a9ba570e0b70797,132,24,108
0xc05d14442a510de4d3d71a3d316585aa0ce32b50,203,186,17
0x788defd1ae1e2299d54cf9ac3658285ab1da0900,55,0,55
0xed94ea1aecdbf56e1fb49d90f348f15b4043e6b5,150,0,150
0x4aa15e87afa6740fe8e2472da142584da5189be4,45,1,44
0x0aacfbec6a24756c20d41914f2caba817c0d8521,395,395,0
0x995020804986274763df9deb0296b754f2659ca1,367,91,276
0x007029dfb0bc69df0303e48d3e458efa3db6d98f,415,2,413
0xce3c0bbe70110b5d557dedc9c364c9e8cee4c37b,159,1,158
0x27d270b7d58d15d455c85c02286413075f3c8a31,49,11,38
0xe9291902485bd6f9e70e00a077c20308d1798dd6,23,5,18
0x6f3b255efa6b2d4133c4f208e98e330e8caf86f3,124,1,123
0x9445ed604399b1559e240bae2917fc2185184b8d,59,37,22
0x8b7832b70400c84f6ac4e707e70939f6a92e9646,244,26,218
0x508ffd6a182e90532b9b6cbca47010dc4ad411c6,257,113,144
0xdb05ea0877a2622883941b939f0bb11d1ac7c400,138,1,137
0x7f3edcdd180dbe4819bd98fee8929b5cedb3adeb,134,1,133
0xc13f4f0f865bac08f62654b57e38669ebc4747a3,153,2,151
0x20a8cec5fffea65be7122bcab2ffe32ed4ebf03a,108,21,87
0xe89c80a76a66f26f6149d270b88d3bfc4ec07056,86,6,80
0xe4b679400f0f267212d5d812b95f58c83243ee71,160,1,159
0x2ab03a6eebfa9b7aa51d3e883e4780b482b609fd,42,3,39
0x1e988ba4692e52bc50b375bcc8585b95c48aad77,277,13,264
0xed91879919b71bb6905f23af0a68d231ecf87b14,303,3,300
0x6c28aef8977c9b773996d0e8376d2ee379446f2f,167,5,162
0x6494749445bd95f81cd880439460195432279552,41,0,41
0xbca5d4f9c1b6d5c8e0bffc8a5937948112ce3f19,74,0,74
0xd58434f33a20661f186ff67626ea6bdf41b80bca,92,20,72
0xd08b02a76552fa54d8616f8d42c3cf0de3c0a9ec,221,24,197
0xa6f7645ed967faf708a614a2fca8d4790138586f,71,64,7
0x8052a3765df60dff44eb911982c8ef1ca107ba1a,178,27,151
0xf5d669627376ebd411e34b98f19c868c8aba5ada,187,179,8
0x2e6f4e6c24043e2089ddb8a8f84273b5c26ec639,152,8,144
0x3644c53703d7f7b85678ffa14edfee49bc84f5c5,180,15,165
0x4ee54bea7966bf21bec4fd96816a95a3610f2e45,55,55,0
0x67ed645ec1994c60d7e3664ca2bed0a56b48595f,297,19,278
0x36be66704b4ef4d07867c38ac295cc876af7f981,67,2,65
0x83e9f223e1edb3486f876ee888d76bfba26c475a,86,8,78
0xeccae88ff31e9f823f25beb404cbf2110e81f1fa,154,1,153
0x27702a26126e0b3702af63ee09ac4d1a084ef628,299,299,0
0xc98d64da73a6616c42117b582e832812e7b8d57f,122,68,54
0x5af15da84a4a6edf2d9fa6720de921e1026e37b7,213,0,213
0x549aa38949b479def938bea22aba1d81fe28352f,108,9,99
0xc7926bae96dcfecfbe44e0bcfbe19f0be2dbdb1b,80,9,71
0x3c7f662b19327ea4d30561b515536472f4c8435a,25,25,0
0x65f2e558ce981a15541571be8188524ad75cad8a,215,1,214
0x8d5ac44f019fa9d233d9f0c0a42d4d113edf0c09,70,0,70
0x144e3b02e08e644ffbb7ff652763f5b72ee22701,42,2,40
0xb753428af26e81097e7fd17f40c88aaa3e04902c,232,6,226
0x7cf7f5383496e17cf742464606aeea24f715dbde,122,15,107
0x86f7692569914b5060ef39aab99e62ec96a6ed45,217,1,216
0x251457b7c5d85251ca1ab384361c821330be2520,144,92,52
0xf1026716ef967bdac62321d98eb8dea9943d3ca2,128,4,124
0x3106a0a076bedae847652f42ef07fd58589e001f,136,101,35
0x612e1726435fe38dd49a0b35b4065b56f49c8f11,45,1,44
0xd1ba9bac957322d6e8c07a160a3a8da11a0d2867,69,69,0
0x4f2ab9d03ce5b8d0d3bca09259c78005d2775e08,138,45,93
0x0b5c9081e818e3b2cf677e7f42391de34d6ab2f3,110,0,110
0xae788f80f2756a86aa2f410c651f2af83639b95b,62,57,5
0x956f1595ea549c5a91a56d28e7c1a3009c8157e7,29,0,29
0x3b09b9adfe11f92225b4c55de89fa81456595cd9,220,4,216
0x449d33175a6074ab6ca1fb5dde89a4224e0a9177,75,6,69
0xdef1ca1fb7fbcdc777520aa7f396b4e015f497ab,81,71,10
0x249e38ea4102d0cf8264d3701f1a0e39c4f2dc3b,258,227,31
0x4ddc6d77c37c6c11dd5dbde85d96290ff3b2cab5,95,18,77
0xff7e285b87e7f9247f0953cf8cf5cb24eede4b9c,211,1,210
0x4f8ab77e9a839f624d5b00cf227bd61d17957840,175,11,164
0x44709a920fccf795fbc57baa433cc3dd53c44dbe,173,158,15
0x91673149ffae3274b32997288395d07a8213e41f,165,3,162
0xc6e145421fd494b26dcf2bfeb1b02b7c5721978f,61,59,2
0x88aea52b2118635cab3a9ae9becac382845bfd7a,63,0,63
0x3efe5b89110dc566d47b4a30e90462ba76968e5a,138,3,135
0xe8ff5c9c75deb346acac493c463c8950be03dfba,295,283,12
0xe028509230bdf46383288bc98959f9db52ff7fcd,53,25,28
0x86e345d4113e1105053a81240c75b56b437da6ef,124,37,87
0xbace7e22f06554339911a03b8e0ae28203da9598,216,44,172
0x90bc95fe1b65df5db9ecb12f2dc0a555b05ad7f2,312,4,308
0x9c48aaee3243a2e0c3b991386dc39f0027cf2ad7,17,17,0
0xb57420fad6731b004309d5a0ec7c6c906adb8df7,78,1,77
0x7761af11c8dff84e72d8208d9dd86330ae3d0827,19,1,18
0xf6ee484f82f28d69688f37fe90af514ce212b7c3,470,24,446
0x3b6893ee6dcc9c108a9b7f67f9431aadac580649,15,0,15
0x653430560be843c4a3d143d0110e896c2ab8ac0d,197,197,0
0x6fc5af63990aa9e5c5543f5cd8ed148bfa6d9d19,79,1,78
0x1cecfdba1aebc9f400fcbe1a16c02de29024ae1c,24,0,24
0x4eca3d3d8148a181226861bb3ec3514706360362,87,6,81
0x1cc29ee9dd8d9ed4148f6600ba5ec84d7ee85d12,180,0,180
0xaae71bbbaa359be0d81d5cbc9b1e88a8b7c58a94,145,2,143
0x0d685869cf9ce4a6bda2380ca76f504dd18eab8c,255,1,254
0x8b3870df408ff4d7c3a26df852d41034eda11d81,87,87,0
0xbaa9af8a83500ac4137c555b9e58ccb3e1f2269d,108,1,107
0xec67005c4e498ec7f55e092bd1d35cbc47c91892,312,284,28
0x6755630c583f12ffbd10568eb633c0319db34922,269,7,262
0x3b58c52c03ca5eb619eba171091c86c34d603e5f,95,40,55
0x85eee30c52b0b379b046fb0f85f4f3dc3009afec,497,9,488
0xed040c7dbb44fed124d8cbf4b68deab715de1db7,18,18,0
0x448f3219cf2a23b0527a7a0158e7264b87f635db,157,35,122
0xfc2068c3d47b575a60f6a4a7bf60dea0ac368e01,282,12,270
0x9d5963ba32e877871dff3e2e697283dc64066271,134,33,101
0x60eb332bd4a0e2a9eeb3212cfdd6ef03ce4cb3b5,117,1,116
0x19fdc290974b574065ff8db4303a0b76aecf223e,66,66,0
0x3d84cbdc126b1d9dca50bffe0c7bb1940a4d029d,146,25,121
0xc744c8f5d1c5b289e9505b46ccc76c7070d9b858,47,3,44
0xb03b865f060f82400d31705c035e5c2f2b1c1951,80,1,79
0x6be69b2a9b153737887cfcdca7781ed1511c7e36,122,8,114
0x8564653879a18c560e7c0ea0e084c516c62f5653,169,4,165
0xc0840ec5527d3e70d66ae6575642916f3fd18adf,170,170,0
0x5dd57da40e6866c9fcc34f4b6ddc89f1ba740dfe,75,75,0
0x08f0b2a4351514e63e9e03a661adfe58d463cfbc,89,26,63
0x3a4f40631a4f906c2bad353ed06de7a5d3fcb430,136,27,109
0x1796ae0b0fa4862485106a0de9b654efe301d0b2,244,51,193
0x0ec72cd6690db40b16be166858299f19d4f8e5b0,94,1,93
0xe624621ce169e165b3d03053e36aa64d33cc31db,22,16,6
0x901ea3606d567f9f1e964639d5cbb8659080be8a,34,34,0
0xd05dc200c9a40e83718406a28b337451e3c994b8,69,3,66
0x0445b21526be5809ec28f169bff96f5e7eff0352,27,0,27
0x629d37b273c05597c8befb7b48525803b202d9ea,410,20,390
0xc08512927d12348f6620a698105e1baac6ecd911,325,20,305
0x09a9b1061f15a4d1c4c247ef9284ff38000bad2a,195,3,192
0x18f87c05325ae47bfe75c039198b3dc1cb2ed23d,231,87,144
0x51aa283a37771b33101e88658c440951ee0ae02d,381,121,260
0xa2abf3474be8dd25e40ff10a339354bda083e892,41,8,33
0xa774ffb4af6b0a91331c084e1aebae6ad535e6f3,89,89,0
0x69dce8676490647d5458b5852387507248ffcc04,307,18,289
0x115ec79f1de567ec68b7ae7eda501b406626478e,287,259,28
0xf90733ab2f368ffe41bfba80443e04fc33321f67,134,14,120
0x74ecb5f64363bd663abd3ef08df75dd22d853bfc,169,4,165
0x13d15d8b7b2bf48cbaf144c5c50e67b6b635b5cd,130,18,112
0x22987407fd1fc5a971e3fda3b3e74c88666cda91,137,121,16
0x31ea0de8119307aa264bb4b38727aab4e36b074f,36,3,33
0x32e3ae01eab5d5d5e95aad5d4936a8bf6421a61d,20,2,18
0x0fd67b4ceb9b607ef206904ec73459c4880132c9,85,2,83
0x9aede54445ccf900413c7d0cae3b588b831b0098,340,25,315
0x0910a580c69894375f584fbda44b2ddc90704daa,68,0,68
0xf711f6a6b41a8d2339237da7c5db1f6eebc0d9e1,57,5,52
0x252b9f56359901a0bde52d0675b1f1130d86f471,114,114,0
0x798fcfc792e7aa09c0e08f3395bda5a75c3295f7,231,1,230
0xe36fd7cd5c67e0d7c3ce9a413a52b63592fd287a,100,0,100
0xc4c377565a4b9eb6e657c2422bd33b6e4859b041,110,1,109
0x793786e2dd4cc492ed366a94b88a3ff9ba5e7546,205,180,25
0x9ef0e1254d07a8134d3768f143f2bcb631b57c40,117,0,117
0xb620be8a1949aa9532e6a3510132864ef9bc3f82,67,1,66
0x5d1a320ee266cac2d89190a2958909c993c79128,50,0,50
0x85f6eb2bd5a062f5f8560be93fb7147e16c81472,153,2,151
0x2dde86634921a42b3c662c1c99cda8301cdfd273,135,11,124
0x916758c4588d0614488f2c53ddc6c337a245d7d7,377,1,376
0x3110ef5f612208724ca51f5761a69081809f03b7,196,21,175
0x044cb6e4f0b71abc8e01e9a83faa9b34c6277789,59,4,55
0xd5cd84d6f044abe314ee7e414d37cae8773ef9d3,100,3,97
0x247133f8145bd1e42589e326e2f5baaecac6f1e8,75,14,61
0xd493c2d5dc1315b80ea9ee210971c15f04161027,34,0,34
0x75b4384108b63be2beab3c944ebf5c5787066791,88,34,54
0xa3c1e324ca1ce40db73ed6026c4a177f099b5770,31,10,21
0xbda2481db91fc0f942ed3f53de378ba45ba9d17e,231,16,215
0x7cf939ea03579ca8bf9e047a6b5f7b2988be396f,69,5,64
0x571f39d351513146248acafa9d0509319a327c4d,228,11,217
0x7475c42f8bf2c19f4eaf12feaababa859fdc8914,113,1,112
0xfb1776299e7804dd8016303df9c07a65c80f67b6,31,2,29
0x22f26d7b074391c483a9952ef2e2b8f6b208d897,70,2,68
0x5fdb2b0c56afa73b8ca2228e6ab92be90325961d,356,17,339
0x4575f41308ec1483f3d399aa9a2826d74da13deb,315,7,308
0x3a7dc718eaf31f0a55988161f3d75d7ca785b034,188,1,187
0xc101916cd9ddeac5a6f915eed033b1b6e4a637cb,195,8,187
0xaea1a6e3d726126ba5859dca061e213a03199696,114,14,100
0xbba12740de905707251525477bad74985dec46d2,253,74,179
0x675bbc7514013e2073db7a919f6e4cbef576de37,91,2,89
0x0fd10b9899882a6f2fcb5c371e17e70fdee00c38,264,6,258
0xc1e729cd98766b2cbdd337f4e76268a7a9ea467b,404,394,10
0x505b5eda5e25a67e1c24a2bf1a527ed9eb88bf04,147,51,96
0xb8fb35e3406e597e5f86d4f3c0e3063a6fab71a5,118,1,117
0xcfeaead4947f0705a14ec42ac3d44129e1ef3ed5,64,0,64
0xaf18c1e28c372dd8b866fe6dc6356fb0b9fb6a38,70,70,0
0x9cf178df8ddb65b9ea7d4c2f5d1610eb82927230,496,16,480
0x5058b77cbd029f56a11bd56326519e3ec0081cd0,83,51,32
0xdbddf072d7aae7b9288e31a4eebe6c54e3a143b1,97,97,0
0xb5c77614bf35244bf2e05eae16299849e7484238,72,0,72
0x046fc661145d68fc61a5be6176241455b55fb2f6,47,16,31
0x936dd3112a9d39af39adda798503d9e7e7975fb7,259,9,250
0xe49cb97091b5bde1e8b7043e3d5717e64fde825e,73,3,70
0xbf66f2d9630a033022602c3279b04b4a37399927,62,0,62
0xa46c8fc9fd197dd255bd958e4084603517e89a30,75,8,67
0xcca8050215e585e2a223c6ea9d1d1f9b30beaf3e,385,49,336
0xf7413489c474ca4399eee604716c72879eea3615,152,14,138
0x62674b8ace7d939bb07bea6d32c55b74650e0eaa,253,253,0
0xdc5864ede28bd4405aa04d93e05a0531797d9d59,151,68,83
0x4c4808459452c137fb9bf3e824d4d7ac73655f54,85,0,85
0x1bbb57def2f6192f0b9b8565f49034bf1fcdb604,324,66,258
0x76194f083ccde0a111330f0f67252751a45f8e52,28,28,0
0xb1f2a25ffb2b095e99f430caf507cc31f9a3eaab,103,0,103
0xf79f9020560963422ecc9c0c04d3a21190bbf045,86,3,83
0xcbc6922bb75e55d7ca5dabcf0ea2d7787fd023f6,46,46,0
0xbe4e191b22368bff26aa60be498575c477af5cc3,171,169,2
0xe1590a6fa0cff9c960181cb77d8a873601772f64,61,0,61
0x71f1262c475ab90050cc8c2afe6ac2d5fb86a552,79,0,79
0xd0345d30fd918d7682398acbcdf139c808998709,73,0,73
0xc1328cf1cf8db8a5fc407cd56759007c7d20e398,196,12,184
0xa2569370a9d4841c9a62fc51269110f2eb7e0171,357,100,257
0xcb84d72e61e383767c4dfeb2d8ff7f4fb89abc6e,106,12,94
0x282bdd42f4eb70e7a9d9f40c8fea0825b7f68c5d,120,7,113
0x8600d97b5dfa63d3e9a5e82d0257f97ee1e7bece,2,0,2
0x965b85d4674f64422c4898c8f8083187f02b32c0,47,4,43
0x51cb253744189f11241becb29bedd3f1b5384fdb,99,3,96
0xb1e93236ab6073fdac58ada5564897177d4bcc43,260,257,3
0x5a817e0db5712ababd75c6037bf5c83d87c79d19,194,27,167
0xad6917fc71101d377f5cbbc5b1fc0e941f08ae58,182,0,182
0xa49c0d9a786e659a0557281b4fa72cf8cf08f6cf,160,3,157
0x78ad336e577c99774618a470f14a9fefdb371d2d,90,0,90
0x7714f320adca62b149df2579361afec729c5fe6a,323,12,311
0xdc51a1f6e6dd40296ea02ffdf9dd7750a2417be1,184,37,147
0x30f055506ba543ea0942dc8ca03f596ab75bc879,406,23,383
0x565abc3feaa3bc3820b83620f4bbf16b5c4d47a3,330,9,321
0x16356944741a719b02f63e8f001f7ed7ec79c969,211,1,210
0x3a2c64e82f31e70aaf02849bc1e0952a610b95f3,417,11,406
0xade00c28244d5ce17d72e40330b1c318cd12b7c3,232,175,57
0x374fb05c96c36348b92e38fb088b26b8511e3b3d,27,4,23
0x69b9c98e8d715c25b330d0d4eb07e68cbb7f6cfc,248,49,199
0xf9b8e02a97780381ea1fbdd41d7706acd163dd9a,53,7,46
0xf5b969064b91869fbf676ecabccd1c5563f591d0,158,19,139
0x9534ad65fb398e27ac8f4251dae1780b989d136e,154,5,149
0xc92ceddfb8dd984a89fb494c376f9a48b999aafc,256,31,225
0xbd2949f67dcdc549c6ebe98696449fa79d988a9f,163,162,1
0x3b11da52030420c663d263ad4415a8a02e5f8cf8,17,10,7
0x9571cdd8acb71c83393290f0d63a46173ddde65b,19,6,13
0xa01892d97e9c8290c2c225fb0b756bfe26bc9802,261,1,260
0xd0478462073844d971b4520b7c1706383e67bee2,100,0,100
0xa0f0546eb5e3ee7e8cfc5da12e5949f3ae622675,125,105,20
0x3734dc0d241b5ad886fa6bff45ffa67252ac0e89,104,2,102
0x52f6af183a4680ee87d1403e8e8d25fc2c569cc5,29,0,29
0xc771b20ccf86a520cb7484bfb2d3621919b23086,36,0,36
0x0048309a970094a68ef7eb56a561302c08c91898,85,0,85
0xc28e0d3c00296dd8c5c3f2e9707361920f92a209,124,0,124
0xc9fe6e1c76210be83dc1b5b20ec7fd010b0b1d15,76,38,38
0xa6dd98031551c23bb4a2fbe2c4d524e8f737c6f7,163,61,102
0x4efadff2c961102d9b3296b0e42ce3786b5d6d7d,120,5,115
0x7857d53a5e28170a2f02174c8b598a16ec95a0d5,113,11,102
0xb0141991c0fdf50dfea959e8ca59a5a9d6e262ad,97,0,97
0x2f2e1edf30bf7bfa8ba13c8c16bf3347f0e238ff,375,51,324
0xa44b71ceda1fd13cff37eeb7209a9c9edfe479ce,33,1,32
0x6991b7da25bb883960ad344fa6689f5525fa2d82,64,8,56
0xd049206fb408a611e543791f2d8f102a8bc253dc,66,5,61
0xa626f0c2d01281d9f82bfb47eb39f5ef66a92d17,484,17,467
0x14db21f6d5bfbb0451c6af1f9682ca3e190c9881,126,15,111
0x592ee9695b18c38d4c99567633ffa23823a7eac2,259,55,204
0xdeb43523e2857b7ec29d078c77b73709d958c62f,224,67,157
0x5c3cc8d8f5c2186d07d0bd9e5b463dca507b1708,161,4,157
0x6c5fbc90e4d78f70cc5025db005b39b03914fc0c,108,7,101
0xcab2b7614351649870e4dcc3490ab692bf3bed60,113,113,0
0xb4efd85c19999d84251304bda99e90b92300bd93,306,306,0
0x37504ae0282f5f334ed29b4548646f887977b7cc,383,383,0
0xa6ead9c26580e04dd33a4bd10cd7e8a0d44ab638,25,0,25
0x99c2546aebc070fb1f286a346ec4d25e70533474,63,0,63
0xb8324885ffe77b2a69f9db4d7917ad2ad1b8f957,220,220,0
0xb2f57ff4e1fea6100dc8ac965f08297738825fee,106,11,95
0x34913a375683474f0f3022655a07aa59cc848848,102,2,100
0x7bef710a5759d197ec0bf621c3df802c2d60d848,172,172,0
0x467bccd9d29f223bce8043b84e8c8b282827790f,320,298,22
0x4339ad90aee97f3f8700f36f32762807eff75b72,71,9,62
0xb5588c411ba0bb7d38865fdc51d082d004e519f7,196,17,179
0xde1833c6b9e02ee4aa9ea5cfcdf83cab036d54e5,92,3,89
0x91d1afc7e5496d8833b09a285e02fec31e9831cd,54,4,50
0xb9f47ad75d0ef640182ba37f2486504f7db398b7,58,0,58
0x0e76cbdbc42384770ceec738b910b9c7c08557de,57,8,49
0x99295f1141d58a99e939f7be6bbe734916a875b8,267,0,267
0x838e240c0fcbd12fbffdb327d35a32dd2e73c7ea,109,15,94
0x5e6e60d298a0011741246a80a609990d62ba6646,33,0,33
0x8b6d881cb985c2c49e893a522735852839c58737,173,1,172
0x1fc5ef0337aea85c5f9198853a6e3a579a7a6987,91,78,13
0x9b8f14554f40705de7908879e2228d2ac94fde1a,154,0,154
0x496a2d17a89cbc4248e9b52c8003a50c648fbca0,115,4,111
0xafef885027a59603dff7837c280dad772c476b82,177,23,154
0xeda7b44eda773c69aeff616767d3b2e439cdb2fc,120,3,117
0x4b2c54b80b77580dc02a0f6734d3bad733f50900,173,1,172
0xa6a3980d4095b0105f876aec7078b9bab027dfb9,50,17,33
0x2e00f977d778787d65bd303ada2fde472c1d9158,105,14,91
0x9441484e967bd508f3671e5f30193f869ed1dcbe,56,2,54
0xebcd3922a199cd1358277c6458439c13a93531ed,309,15,294
0x17aad3fcf1703ef7908777084ec24e55bc58ae33,298,3,295
0x08066d3ed45c68dc7deace081d55f9abb63432ed,327,65,262
0x66bd174c61659019091373348879d3cccd03c96c,39,9,30
0x86772b1409b61c639eaac9ba0acfbb6e238e5f83,244,2,242
0xbdea5bb640dbfc4593809deec5cdb8f99b704cd2,85,4,81
0x9ac22f8e5a70f57a40b5890338be8ba771183dfe,324,17,307
0x9548052b0428ebc1cbf52c7e3085c3664da0c764,100,1,99
0xe3c1451816fde53b1c179774c4d9b3d2ea7b9a16,55,20,35
0x455c732fee7b5c3b09531439b598ead4817d5274,366,31,335
0x850aab69f0e0171a9a49db8be3e71351c8247df4,163,77,86
0xc6dbddbf2b239ec562e059be7a0958c2c76414eb,126,11,115
0xda84a1ec664b15d2ebb64ca2bece34220d2a9727,38,6,32
0xa4e27ea37d18bb0f483779f9e75a6024efa5e73e,38,0,38
0xeef77d7f89090667f5618acc194d66d2cba42c76,79,0,79
0xb705268213d593b8fd88d3fdeff93aff5cbdcfae,384,374,10
0xba8da9dcf11b50b03fd5284f164ef5cdef910705,285,6,279
0x1a226fefd114ec0fe0ea87bc9d0b371dd2b2051a,37,33,4
0xea3983fc6d0fbbc41fb6f6091f68f3e08894dc06,168,69,99
0xcb56b52316041a62b6b5d0583dce4a8ae7a3c629,102,54,48
0x50092539a224953d82995c9d950e042da4556283,83,83,0
0x19d84b2a4b21910339af097a1bddb48682d6f47d,389,46,343
0xe0ad1806fd3e7edf6ff52fdb822432e847411033,134,2,132
0x295b42684f90c77da7ea46336001010f2791ec8c,94,2,92
0x315cdf22f70401813601b7f0d6e9923ec0428cd5,208,1,207
0x00000100f2a2bd000715001920eb70d229700085,157,154,3
0x9f092029aa5c8dca892c3f031c744e065abfe476,165,20,145
0x054939c96ee1dbe06da34661321aabd27d6f9812,232,23,209
0xc679f22996efcc120626b18f9d01af1603b98952,144,13,131
0xad55cb6fcd548326acd22cd40088134b4cb5a573,77,0,77
0xfc37e269dea93384d6b6cc1d14e6c6a4502967ef,69,68,1
0xe0121ee6e67feb940e24e79dbd22caa24b485551,13,0,13
0xfd05d3c7fe2924020620a8be4961bbaa747e6305,430,0,430
0xa420dd089a33d3751e8750f0b3554c72761dc83e,30,2,28
0x920a8d9e9f0defd6f86e4388a5503b04cac83b57,355,9,346
0x95392f142af1c12f6e39897ff9b09c599666b50c,62,54,8
0xd21818b6052df69eed04e9b2af564b75140aacb7,94,0,94
0xa91ac63d040deb1b7a5e4d4134ad23eb0ba07e14,158,67,91
0xcd74cf66c43e45abd5703f3642f73d0675d6aff7,40,40,0
0x911e72ebfe9b93d593311d3e886ba8201c356564,326,10,316
0xbd888e50969748805cdf77bcf283febe493f190c,184,11,173
0x352e504813b9e0b30f9ca70efc27a52d298f6697,6,6,0
0xca20f7279f7defd14e7524e609704ea2f436a539,150,24,126
0x1a331c89898c37300ccce1298c62aefd3dfc016c,190,12,178
0xc42e0b411dc5b935772218a27837d23d7971b407,47,0,47
0x091d8e039d532fd02d7acc593043acff05839927,150,36,114
0xdd6d1e2afb163ee32faac8c1736f78d09b3f6694,29,3,26
0xaad35c2dadbe77f97301617d82e661776c891fa9,156,24,132
0x572a5206236ac5be5a8521b100edcb138e783e35,25,0,25
0x792496a3f678187e59e1d1d5e075799cd1e124c2,241,43,198
0xcccac232b742b07635afc41eee1e33aa5d175780,55,4,51
0x21eb9ca6ed727fba2a60b889c38ac1697e8e1116,33,19,14
0xa56ed2632e443db5f93e73c89df399a081408cc4,93,2,91
0xf53fa6e5790f9c7700918550d3caf48dec3e0da7,192,1,191
0x5e34dacda29837f2f220d3d1aeaaabd1edca5bd1,177,3,174
0xf4b2a56f2beb48157adbd7dacf9eb3bf7f89a3c2,138,40,98
0x160c404b2b49cbc3240055ceaee026df1e8497a0,298,62,236
0x2fa6e83fbc95e4462001ac667ddceca3c2d501ad,179,2,177
0xf10a71e57dca2bc136d13bf41d568db9548f9a4c,12,0,12
0x7ea1502438eeabaf547065b7946c68e72424c53d,57,15,42
0xd8e243ac8d7a3941909d03b9d7a15680d57c7248,110,5,105
0x0f9aba9fa6abd858a94f9eefe0f9d51ca2c11225,153,7,146
0xc6c817cd60e17fed0af2a759624e02dd6c812e64,241,37,204
0x7a58c0be72be218b41c608b7fe7c5bb630736c71,184,159,25
0xa92e4af91827cf200b670b261027357fb0f6158e,27,2,25
0x960b7a6bcd451c9968473f7bbfd9be826efd549a,244,3,241
0xdcf809bba1d9ee75c6991f1e2974163cf2555418,270,0,270
0x39d1ce0ed423c56c262ef025e0619e91ae31e8b7,100,0,100
0x3a9280f3a7ac4dda31161d6df2f8139ae303d0ab,245,93,152
0x96610186f3ab8d73ebee1cf950c750f3b1fb79c2,135,18,117
0xd07e86f68c7b9f9b215a3ca3e79e74bf94d6a847,403,17,386
0xfc09c7cfd9c175dd9423ca02ae1249579ab12f12,73,1,72
0x04fb03a5bac8eac522891e8dcb003694d75827b3,86,2,84
0x788549ca5bfb4e7801faf1ce63790e3e41e4ab3f,62,23,39
0xec585943d298887ef00fa48103408ff89b31dade,174,23,151
0x92eb1aa966a6a9ed2ffe18d9abfa2805cddc81b2,148,2,146
0xf8cfee0e8b66ca6ca8da75c955e5e05bd41090c8,61,0,61
0xfb7b4564402e5500db5bb6d63ae671302777c75a,178,3,175
0x7f4fe6776a9617847485d43db0d3a9b734e459c5,430,24,406
0xc9ca2bf5df153338b9507e646c47ce9d593a8cb5,189,36,153
0x5df340b5d1618c543ac81837da1c2d2b17b3b5d8,320,42,278
0xbb235945ba99a42c835aac106efbf766e12326d0,48,2,46
0xc0d4ceb216b3ba9c3701b291766fdcba977cec3a,92,4,88
0x1c2cd50f9efb463bdd2ec9e36772c14a8d1658b3,87,13,74
0x9ef81bd443672ea5f4bed3bb3581a0fd49a8544c,156,2,154
0x7138be0a9e54413f97d1476b85991e39d88fed64,204,7,197
0x7c84e62859d0715eb77d1b1c4154ecd6abb21bec,270,270,0
0xbad4212d73561b240f10c56f27e6d9608963f17b,206,206,0
0x19d4beb2bc410b80084fcbd0ac024326f4d3a370,69,58,11
0xd76de6d72061a3f88420213d6e31e38248f32268,27,2,25
0xb241d2fdbafc640cbec74d10ded3fa25b094c38d,48,2,46
0x45359616610a584cc39aecdcbb2a457976780023,282,39,243
0x8a5149b12a333c1d6d37c0f71dfbfcabf83d79fb,102,1,101
0x275eb4f541b372eff2244a444395685c32485368,118,1,117
0x9fa69536d1cda4a04cfb50688294de75b505a9ae,150,142,8
0xc65f7273ddc5d7e380b857e001302859ebdb08a6,45,12,33
0x4674672bcddda2ea5300f5207e1158185c944bc0,60,60,0
0x706ef8abd0f47ba41f0365e6b3123f1490f66222,31,0,31
0xa8006c4ca56f24d6836727d106349320db7fef82,208,197,11
0x8ed9a9980e4c7e87edf8da13fc2ba53802bba117,46,2,44
0x38a2fdc11f526ddd5a607c1f251c065f40fbf2f7,133,133,0
0x25cd75986e9c70c116e897817f64d46627c78e69,24,0,24
0x8a9fc26409bee176316ef26e239704dc46805471,66,0,66
0xa6310c39faa5e21cc29c4b283c6cd4ef51c00d21,89,15,74
0xebd9d99a3982d547c5bb4db7e3b1f9f14b67eb83,201,198,3
0x037a54aab062628c9bbae1fdb1583c195585fe41,335,294,41
0xda816459f1ab5631232fe5e97a05bbbb94970c95,355,355,0
0x18fce4cc587360979155ab8529612dfecf36b029,254,1,253
0x7ea3cca10668b8346aec0bf1844a49e995527c8b,452,2,450
0x5a666c7d92e5fa7edcb6390e4efd6d0cdd69cf37,167,155,12
0x25b6e8b2666772bc4dc2c8d84d0a2201c386bb67,53,0,53
0x219b8ab790decc32444a6600971c7c3718252539,308,61,247
0xf07e830d0ad7ef9b1980ff5570174f57c9f91a00,17,3,14
0x243cacb4d5ff6814ad668c3e225246efa886ad5a,142,124,18
0xa31b1767e09f842ecfd4bc471fe44f830e3891aa,203,66,137
0x7ac22d8d17b22542abf3b7294ae08e32d88820cf,421,11,410
0x21bfbda47a0b4b5b1248c767ee49f7caa9b23697,271,5,266
0x8d69047c8c673ebec12bae6af1f053d395d1e5bf,63,63,0
0x57f228e13782554feb8fe180738e12a70717cfae,35,6,29
0xe433e90c5b898819544346e73a501d9e8013dbd8,89,5,84
0x80adb36595239fe918c7d118c1f81e07d070801a,156,0,156
0xac042d9284df95cc6bd35982f6a61e3e7a6f875b,100,0,100
0xd7862aef3458ec0bf9c72bb8e731cf7b01cbf830,93,62,31
0x1571ed0bed4d987fe2b498ddbae7dfa19519f651,408,408,0
0x3212b29e33587a00fb1c83346f5dbfa69a458923,338,66,272
0x4993838ae8ed82caf02cc27d820d92333ed04d0f,102,1,101
0x536d882e109fc797ecf521ec94ad64380d8aa3ac,56,4,52
0xe5caef4af8780e59df925470b050fb23c43ca68c,254,246,8
0xb9b2580d902811546c5c5a4a26906af183360b7c,135,0,135
0x370108cf39555e561353b20ecf1eaae89beb72ce,90,8,82
0x125ecab9fdc132cad4d6c055b9381aad60efaf3d,141,11,130
0x4d232cd85294acd53ec03f4a57f57888c9ea1946,180,25,155
0xca238c94127f87bba95f5900394182510bf62e8e,32,0,32
0x189fc141854bfc6146777406d53fbc89f4e70407,55,1,54
0x50e712b3a260d7639179e8277836253461418f23,163,48,115
0x6d4873f49561a2cd206de3914cc91c90a145903e,87,0,87
0x63fa29fec10c997851ccd2466dad20e51b17c8af,223,47,176
0x63ba5b422606312235405ba50b715b50898d4029,457,457,0
0x0732156088264b59ee9287851c4457326127ec3e,122,1,121
0xfa1a07056c48dcba4b5e9e71aacc6aa791a93929,55,0,55
0x79c75e2e8720b39e258f41c37cc4f309e0b0ff80,153,115,38
0xa52bffad02b1fe3f86a543a4e81962d3b3bb01a7,65,7,58
0x829c97092c0cc92efe7397dd3ddb831cc5835bae,41,36,5
0x08e0faff8bb80eaf8c30a99920355028b5bd6789,180,180,0
0xc4b310e8e655f83f97c4034bc18f98650a06952d,23,7,16
0xbf1aa6e9dcb03c6f6de9eca533c2cb7f1017e81e,101,11,90
0x14a2dff3b2fb4dffa35b2006e84bf1cbb0ac4bba,153,2,151
0xd01409314acb3b245cea9500ece3f6fd4d70ea30,82,60,22
0x3c4b6e6e1ea3d4863700d7f76b36b7f3d3f13e3d,136,6,130
0xbee3eeeb8ba59f0a3b3e0a302ef921d6d01e64d2,68,0,68
0xe53ec727dbdeb9e2d5456c3be40cff031ab40a55,323,7,316
0xf9c362cdd6eeba080dd87845e88512aa0a18c615,390,73,317
0xe9255742e49b1d7dd8876d35ea90ff8420a38101,30,0,30
0x2f4eb47a1b1f4488c71fc10e39a4aa56af33dd49,147,4,143
0x9af18ae321386085aa287723f64eb640694b0a13,125,7,118
0xd943c99682d5158f1cd1b563c1d764dff1aea187,3,1,2
0xa3e70c9d376ab2fe937d53de17a6707578021ad2,468,4,464
0xe4c3c91de9eb9b92cedee9ddb1e4d3388318151c,38,5,33
0xbed57beec7191e59d18844124cbb0db660aef25f,70,14,56
0x895bbc29f74df77279bf585116caa24ce33ed0ba,226,4,222
0x0a3d4f735898a66e621ab55c4e975db10cadf13e,347,0,347
0x8e692d1a07d4dfc35cc106ef8e4fe51cd55e7f3e,52,4,48
0xf0f998b6b406f53d62fe6cbd4f607dbd55140aef,75,46,29
0xc0e8beb4ed7d0ef0dc6d84214d86d5a56e8f2f24,37,37,0
0x470c41dedfb43460991016dac017a9c00fdebe15,355,20,335
0xae697f994fc5ebc000f8e22ebffee04612f98a0d,207,201,6
0xa108bd591ef5c11c80ab22e96b236a88dfe928de,81,29,52
0xab846fb6c81370327e784ae7cbb6d6a6af6ff4bf,74,27,47
0x9372b371196751dd2f603729ae8d8014bbeb07f6,145,17,128
0x27054b13b1b798b345b591a4d22e6562d47ea75a,413,413,0
0x34997f9c19465ec01b7ed2ab0e61e2a388702790,386,15,371
0x0e3234056ad5b469ada1afd30ee3719ac99a361f,2,0,2
0xf537f5cc6a4129d7ae7181788ef829fa0537a3ed,243,6,237
0x31c1fb9901dc6ef9c6cacd49c3bcd79fe2486e6c,91,15,76
0x2912919719414a093deac78031e90ba493b8da34,134,0,134
0x5d858bcd53e085920620549214a8b27ce2f04670,199,188,11
0xa808b22ffd2c472ad1278088f16d4010e6a54d5f,313,54,259
0x400e2073b4ac13d6f11c15697df7fc609db93809,97,3,94
0x913d8adf7ce6986a8cbfee5a54725d9eea4f0729,158,6,152
0x516b8001809e9b13f8fb359d539ef920d2088e04,116,20,96
0xa1a36d3537bbe375cc9694795f663ddc8d516db9,48,48,0
0x32dd588f23a95280134107a22c064cea065327e9,85,2,83
0xdea8e779d9b39f1022c546f8ae92430d85cca3ba,352,0,352
0x720cd16b011b987da3518fbf38c3071d4f0d1495,69,64,5
0x87d193ab78697997d6d7779578298efb009981ea,100,16,84
0xf8e9f10c22840b613cda05a0c5fdb59a4d6cd7ef,125,42,83
0xc6cde7c39eb2f0f0095f41570af89efc2c1ea828,340,224,116
0x289a5483fa6e844a3079224059ba2b3242255f41,31,0,31
0x482b078486079d66334389b55ab974bc8282984b,61,0,61
0xf391498efb71074eeae6c4db3dbf37675fe3f8c1,39,0,39
0x401cee9353466b3d249701c3ebcbf26452ee61b5,447,215,232
0xa1a88cea335edaf30ce90f103f1434a773ea46bd,81,1,80
0x1a178cfd768f74b3308cbca9998c767f4e5b2cf8,308,1,307
0x91a5d4f6e691432a58d5579ae45955210ec6a2f1,212,1,211
0xa2642df0139faebb1d45526a46d5c54b805be02c,237,16,221
0x349d15d9ae4b42661bf18d28bbec86995099b8f9,320,0,320
0x956f47f50a910163d8bf957cf5846d573e7f87ca,206,3,203
0x92d3404a7e6c91455bbd81475cd9fad96acff4c8,174,174,0
0xc97f4244839c13c6df4258228c60488fa05c8528,46,3,43
0x8c6bf16c273636523c29db7db04396143770f6a0,117,101,16
0x35043d11d31346d005b848e3cd7998707ff7ee27,95,14,81
0x82a77710495a35549d2add797412b4a4497d33ef,90,90,0
0x3689feb236a3cadcee66b0cedbe347c9259150b4,68,0,68
0x64bd0afbd86ac88f276960b5df1c80b1cb9726fc,156,19,137
0xe4815ae53b124e7263f08dcdbbb757d41ed658c6,232,19,213
0x97b65710d03e12775189f0d113202cc1443b0aa2,218,2,216
0x8a3d77e9d6968b780564936d15b09805827c21fa,137,129,8
0xc5b654b39a3a4b56692ad4b4d57e5b9f13793c77,36,36,0
0x799ebfabe77a6e34311eeee9825190b9ece32824,94,4,90
0xa96602e7f43b8b01d3a746bf2e178ef6dde7880d,182,1,181
0x6d4bbc0387dd4759eee30f6a482ac6dc2df3facf,124,7,117
0x72f020f8f3e8fd9382705723cd26380f8d0c66bb,202,199,3
0xf4d06d72dacdd8393fa4ea72fdcc10049711f899,437,12,425
0x47cd15eb7611482906f7bde203f543ea2f90ab74,66,0,66
0xcd52bbd66d25cd64e41e7342f4f5a596b73a242b,97,2,95
0x947aeb02304391f8fbe5b25d7d98d649b57b1788,136,132,4
0xfc6dfea7e513dd4cb554032418b3b9f01cd24274,227,19,208
0x67eeac23c7712d873524918fa271403fb543c659,29,0,29
0xf8c18df7509c03b45e6247b2b9e73fcadef24dd6,165,3,162
0xc5fb36dd2fb59d3b98deff88425a3f425ee469ed,231,3,228
0xf59ae934f6fe444afc309586cc60a84a0f89aaea,133,35,98
0xbde4dfb0dbb0dd8833efb6c5bd0ce048c852c487,115,11,104
0x8bf3d7ef109dd8d48759a55607fece5e9088e3ae,313,96,217
0x647037de761696d224333778e69082ce3b742242,63,1,62
0xffd287647f3f5ac7e5d613911b75023311712f93,138,1,137
0xd8912c10681d8b21fd3742244f44658dba12264e,416,416,0
0x73d7c860998ca3c01ce8c808f5577d94d545d1b4,81,0,81
0x4cd988afbad37289baaf53c13e98e2bd46aaea8c,270,113,157
0x24ccedebf841544c9e6a62af4e8c2fa6e5a46fde,102,3,99
0x8d95026d139f855b1458f3b8f48960c103d21abb,77,3,74
0xd1cbfc7f417e9f5511a7502c83f2074f675995f5,41,1,40
0x37eb591cc5007df65f76e866ea57fdd2b75f42a2,79,8,71
0xa1f11abb5b1874942cf09c96f0536b783e492e7f,87,16,71
0x3e86d6cf041b719c575f57050697c115f0a53758,286,286,0
0xf8ef0631aa8150aee8cfb4db3fa27e81d78df620,77,0,77
0x6e091d256e99d5ab1c713f2477207c046073829c,124,23,101
0x4cff01dbed00a5e95d705f96acf369f210c203c8,417,33,384
0x1fdf1233f85a3bae9594b0558e4ec8febe8c6720,89,7,82
0xb80fbf6cdb49c33dc6ae4ca11af8ac47b0b4c0f3,132,0,132
0xdaa5f6cd0d1ae382a67e8a9b1ddff08685e443bc,139,139,0
0xba1ed22c69ad00739ee2b4abd70e270be9e87ee2,71,71,0
0x6765fdd028be3d7874bc2bb3d7d5ca01c1bf14b2,64,1,63
0x340d2bde5eb28c1eed91b2f790723e3b160613b7,326,317,9
0x34195292dc07b0a0da1540d5a8b3bf6d509f06c4,115,12,103
0x29d578cec46b50fa5c88a99c6a4b70184c062953,50,49,1
0x03e173ad8d1581a4802d3b532ace27a62c5b81dc,55,55,0
0x3a0335409a0becd0da1ff6e442b9b6874d4e87a1,213,24,189
0x06220ab8413f9911403548a36d4c9dc6481e6918,300,14,286
0x7c07aafa429d952ac3fde9ca037003edb57ce14e,64,1,63
0xc0c293ce456ff0ed870add98a0828dd4d2903dbf,109,93,16
0xf3a57eaf64d2f0be4eb9904adf4955b08841584e,328,1,327
0xc253cbc67556e797fdb750a031d5e6208c423ad5,221,25,196
0x5b98ab35514c1c91f33ba12e0778d53e1ebdb106,71,5,66
0xd3b626bf5a1d26181b1174241e929695b3108cdf,46,46,0
0x13015585932752a8e6dc24be6c07c420381af53d,62,0,62
0x9983d8cdeaf7872501628229d311e2f7df396add,393,1,392
0x438295b5082dc6a0cc50960e3513d5d7f23405c4,71,14,57
0x82cb9d20862641301c987f0b096086d32bc11b65,130,10,120
0xff6318672cf2ae09117c2af59c9d91441817f3ec,46,0,46
0x5b97353bb450c2cc0d91c681bf6102166a7465c9,308,8,300
0x5cf04716ba20127f1e2297addcf4b5035000c9eb,279,267,12
0xda23d301761e4e2bf474951f978f6dfb6f3c9f14,95,6,89
0x3ba5cb0c136d2bb99c3fcfe49a5adf2970be127d,32,32,0
0x4b530443a78001f38d96a272f0d5ed3eb0a5328e,133,2,131
0xf76179bb0924ba7da8e7b7fc2779495d7a7939d8,142,1,141
0xf137a650502d53eb774f6b3a366977ea4c8d6a2f,97,0,97
0xb982fad15538647743b983f4aa5deaf8266e0d67,201,201,0
0x99cd66b3d67cd65fbafbd2fd49915002d4a2e0f2,91,0,91
0x88f09b951f513fe7da4a34b436a3273de59f253d,66,31,35
0xcd7492db29e2ab436e819b249452ee1bbdf52214,133,4,129
0x0d86eb9f43c57f6ff3bc9e23d8f9d82503f0e84b,169,17,152
0xc3c8a1e1ce5386258176400541922c414e1b35fd,115,0,115
0xdcaca05de9ade34f3fcb9ce94d1b7930093e526e,33,1,32
0xcbfef8fdd706cde6f208460f2bf39aa9c785f05d,156,2,154
0x6c5a06ae6b773457480c12f12c2fb22627507a3a,314,7,307
0x5dbb9f64cd96e2dbbca58d14863d615b67b42f2e,46,2,44
0xf4744ec5d846f7f1a0c5d389f590cc1344ed3fcf,228,12,216
0x903e2f16bc81d0a3ba9aaf649cfe13f901b6a620,142,0,142
0x762bc5880f128dcac29cffdde1cf7ddf4cfc39ee,277,17,260
0x1aaba8552d4e2fbfc99bc86f31f28788c7dc1218,160,29,131
0x9cc103edf0a60e07dd7a6fd4a16fd2cbf7981d92,153,1,152
0x9aab071b4129b083b01cb5a0cb513ce7eca26fa5,216,204,12
0xbc60258f775683ea28048030806ad3a80c4a33ae,348,118,230
0x56143e2736c1b7f8a7d8c74707777850b46ac9af,74,1,73
0xeaae0fe7f2f48ec9dcd985fbc5e269b8384fe195,36,0,36
0xc18c07a18198a6340cf4d94855fe5eb6dd33b46e,181,15,166
0xce15f018b083844a0b650b8000a00f227fb8cfbe,60,11,49
0x4c6ec08cf3fc987c6c4beb03184d335a2dfc4042,241,4,237
0x043827a6dcfffb7fe21953d3bad32a1c74bb73bf,21,21,0
0x500a9e92aac386a6422af31ee8c43f4ef83f05d8,62,9,53
0xbc17729fdf562723f0267f79ff25ade441056d87,80,80,0
0x017ba9ac7916ebd646e7c11dd220c05c5b790224,122,2,120
0xff67ed7f1c7a5cc1b65958d4b3add53dd1a2f86b,104,17,87
0x25f8087ead173b73d6e8b84329989a8eea16cf73,170,108,62
0x54e0395cfb4f39bef66dbcd5bd93cca4e9273d56,186,1,185
0xf306ad6a3e2abd5cfd6687a2c86998f1d9c31205,47,2,45
0x6c26eb3f7ae81d451914a9b8f2ec262e7c1d2673,26,0,26
0xd1e06952708771f71e6dd18f06ee418f6e8fc564,71,71,0
0x8b2fda65cb4609a5f60c0a14c1ae33791a3d56ec,432,0,432
0x88a9a52f944315d5b4e917b9689e65445c401e83,105,101,4
0xf3a43307dcafa93275993862aae628fcb50dc768,36,36,0
0x26fa3fffb6efe8c1e69103acb4044c26b9a106a9,285,78,207
0x613e5136a22206837d12ef7a85f7de2825de1334,178,9,169
0x584bc13c7d411c00c01a62e8019472de68768430,215,134,81
0x65e6b60ea01668634d68d0513fe814679f925bad,61,58,3
0x35bd01fc9d6d5d81ca9e055db88dc49aa2c699a8,134,122,12
0xe3435edbf54b5126e817363900234adfee5b3cee,293,2,291
0xc770eefad204b5180df6a14ee197d99d808ee52d,322,315,7
0xaecc217a749c2405b5ebc9857a16d58bdc1c367f,186,3,183
0xfa9473e70b75d594adff084f1721e906eaf23d45,34,0,34
0xda858c5183e9024c0d5301ee85ae1e41dbe0f880,172,5,167
0x55d1d16fb42fce47b899010c996a3a31f6db8fd6,190,1,189
0x69e8e86debaeef7d52f2196d62f011ec26bc14d0,24,4,20
0x162927e202e7e8da8035d99c9850aae0de4e7d58,3,1,2
0xbf9cb2cd068eac7a05d8fb1399b8711f03dd5f1c,47,2,45
0x7e291890b01e5181f7ecc98d79ffbe12ad23df9e,111,75,36
0x6d9e65c3e51837171eebbb4c11808bb9c2ea9353,147,14,133
0xa599a8418e90e5040066a3f6402594f3c951eb7f,74,0,74
0x464ebe77c293e473b48cfe96ddcf88fcf7bfdac0,283,269,14
0x15533781a650f0c34f587cdb60965cdfd16ff624,188,2,186
0x31158181b4b91a423bfdc758fc3bf8735711f9c5,43,0,43
0xec5483804e637d45cde22fa0869656b64b5ab1ab,82,80,2
0xd6e70f66174174000f085f0353547e21ce692f81,91,3,88
0x329fd5e0d9aad262b13ca07c87d001bec716ed39,102,1,101
0x6aef297e2f93a7d7412d9f59c6e3d5bf550600df,116,3,113
0x557b3f338d10e3f61b4050edaa6b1337226a741a,35,35,0
0xc4ad29ba4b3c580e6d59105fff484999997675ff,78,78,0
0x2c631cd8457083288454b7dcbb7fd5e006601e83,36,6,30
0x2271d4cbc10b3f74139928e8e7510b50015d9867,163,24,139
0xcc19888c8544f81212c8cf2dbf715d2045f6b17d,68,67,1
0x7194d3edec8a6e814553a1700a58482c3867d871,468,1,467
0xb7751c976f30c72f32c1520dea6fa3e036e41bd6,117,6,111
0x1f5c8f58d92854a50ce505cf5a52616b12bda01e,35,33,2
0x7b32e70e8d73ac87c1b342e063528b2930b15ceb,189,0,189
0x3baa9b535f279995b62bc4046d9185e577f53691,268,86,182
0xae7db356c82401b111134041533ab490906c8ed5,141,9,132
0x3893b9422cd5d70a81edeffe3d5a1c6a978310bb,252,105,147
0x25cf8b17c0411fbbc4e0926fdefab21aad24b94f,72,21,51
0xadc72d5c034c189f5c0b03c7bac21ac50b9d01f1,225,0,225
0x86cc33dbe3d2fb95bc6734e1e5920d287695215f,33,5,28
0x8f92e7353b180937895e0c5937d616e8ea1a2bb9,73,4,69
0x9fd1d329bb687fef164f529f6f6dcd6f69e7b978,213,2,211
0x4246ccdc8f3dcd9c593b4057c9c85521387b8952,104,1,103
0xa1d4657e0e6507d5a94d06da93e94dc7c8c44b51,339,1,338
0x71996799126fb9b8d020dbbfd351290bf3b02aa4,17,2,15
0xeb489e829ff10419a8e808fc8e0003134536ad71,44,0,44
0x9a6066a68372e64f987010000457cf74239a9b5d,257,12,245
0xac9db91e958d418bf83781ecadf0431601c48193,417,18,399
0x9e976f211daea0d652912ab99b0dc21a7fd728e4,152,148,4
0x80c62fe4487e1351b47ba49809ebd60ed085bf52,182,12,170
0xe246459c060351492a0686c228e2a835e0e02290,13,0,13
0xd0b53410454370a482979c0adaf3667c6308a801,264,32,232
0xc8b342a1e75057ca3281a2e80868eed669e8e4c0,82,15,67
0x57c411e9a358e2d2d0a6b058cedb709175e8fd16,175,0,175
0x1201f768182b049e7ac31e3fd91d9a5e61843882,113,16,97
0x1792a96e5668ad7c167ab804a100ce42395ce54d,319,6,313
0x5ca381bbfb58f0092df149bd3d243b08b9a8386e,311,241,70
0x9c8882c6b3e40530cdbce404eef003443b1e455a,84,15,69
0x9bf252f97891b907f002f2887eff9246e3054080,248,41,207
0x954b890704693af242613edef1b603825afcd708,438,15,423
0xf203ca1769ca8e9e8fe1da9d147db68b6c919817,115,18,97
0x875773784af8135ea0ef43b5a374aad105c5d39e,226,3,223
0x12513335ffd5dafc2334e98625d27c1ca84bff86,201,201,0
0xd084d7849d4ebe564a2a41e085b2a74f6dde5300,164,0,164
0x9b31bb425d8263fa1b8b9d090b83cf0c31665355,62,1,61
0x174afe7a032b5a33a3270a9f6c30746e25708532,183,162,21
0x9b20dabcec77f6289113e61893f7beefaeb1990a,379,379,0
0x1a7a8bd9106f2b8d977e08582dc7d24c723ab0db,415,404,11
0x463d56ffd4d463e22444a03072ec0b75e1e49af2,144,1,143
0xc71a0306a0a628c616dac42097bdc21ecdbc5d9d,108,7,101
0xab9867b16ee77cab40774849c5ab2c6075732f5c,54,17,37
0xcc46ae933f5f48f4b0e6e48fb8ccd8ea57d558d6,20,1,19
0xfdb760b4de27fd1a3377840bf502ebc0732a5d9d,46,11,35
0xcf58b4e4863c0d085bd1c65b3f2932e261547fab,50,3,47
0x9d184a22db79443892b08bdd7cbd01c90efbedf1,143,4,139
0x7b5d91c2cb3862ed3ae9988a3b59ffde57dd4547,66,3,63
0x24d0cbd0d5d7b50212251c5dc7cb810e7af71f6a,345,1,344
0x47e60ee1721c1ba5f1188b276bd3f49792229581,22,4,18
0x974a46cfdf5018258e48f4506ce062691cda2936,81,1,80
0x9cf02b5e41f977b82beb755913d2f21e9664d4f5,42,8,34
0x3ecca6f922768ef2dfd0f60ad610ff7091743e92,26,7,19
0xaa23386b8972d884efc6571c0501eb899e88cf4a,43,6,37
0x0e584dfd1a44fda5ce3390bab829691fea2ef535,206,1,205
0x258432c72a28dd11318fc0373e75e87ce65765e3,434,393,41
0xd268e28346206ecfb514220d3ee703412193f1af,54,0,54
0xb4b9dc1c77bdbb135ea907fd5a08094d98883a35,116,1,115
0x358aa737e033f34df7c54306960a38d09aabd523,149,144,5
0x7dd9c5cba05e151c895fde1cf355c9a1d5da6429,255,3,252
0xde72a052cbb212eff11a4a33d61df9c5a2de8dd1,167,4,163
0x9aac0a07aad7ed91b45a4459f4f9834dc5a31a37,55,1,54
0x8707276df042e89669d69a177d3da7dc78bd8723,205,1,204
0xcd2b9632aca1754a175f173446a1024da538f5fe,20,2,18
0x7bc5d353663c4c94fd022d3df0642b56c174b45c,307,4,303
0xd7ac080800566d42ab9789a99b7ed0dd5ecbe594,308,47,261
0x92a576207ad9cc1968210bff481f29a790863585,73,4,69
0x7f86c782ec802ac402e0369d2e6d500256f7abc5,108,103,5
0xe51300537437ad26de42b59f15802eb175e46df6,49,0,49
0x7a29cbe13bf1d722e244baa6e527f4438763457b,100,22,78
0x48be3c9d0119a982df1c7a8029592ccbbcaeb9a3,94,14,80
0xf497253c2bb7644ebb99e4d9ecc104ae7a79187a,305,96,209
0xc20340a2c7c4118774460304c4e5d52a2f898679,63,1,62
0xdebe620609674f21b1089042527f420372ea98a5,75,71,4
0x329319ebe02eac3de77a9aa379d620ba653b2136,120,120,0
0xd386ff8b13e20a943ee0929da4228a32ce4f5261,491,48,443
0xfe50ba7241b635eda23a32875c383a34e8a3596c,130,22,108
0x5c2e129ec58563c7206229ffb1adb9dc29db915f,51,8,43
0x8c6fa66c21ae3fc435790e451946a9ea82e6e523,71,8,63
0xbc276f51184ec085cd1437601ecb4bbc3d981896,114,1,113
0xc4269cc7acdedc3794b221aa4d9205f564e27f0d,106,47,59
0x4740735aa98dc8aa232bd049f8f0210458e7fca3,157,2,155
0xec13de18765b0e65f99f6bfac56a856b90e7f2ab,246,19,227
0xbf729b04d24adff88b0b5ab9d688974d281569d6,188,17,171
0x563a1094235522a9d84328eef758bd9908dfabdc,83,43,40
0xba7970f10d9f0531941dced1dda7ef3016b24e5b,156,91,65
0x17d9b3976a00d2d97f24a6607a566f5726068c9a,37,9,28
0xf0d2d631a24db247f5eb0421fa3e6a169c72565f,244,46,198
0xa91a514818165c2f5aa406bf9a94d35b7cbe88d2,47,0,47
0x2f46e37477ca4033d74986b15f0572e9913b4858,282,1,281
0xf2ee18d33bf5f9cd1ccb917c1ccecd8908231247,243,2,241
0xdcc2a6f7cf14b5d2fc0f2731faf0a37b914a0c82,176,28,148
0x3441562789061864df06655a13dc41fda093713c,29,7,22
0x686f2404e77ab0d9070a46cdfb0b7fecdd2318b0,64,4,60
0x968f6f898a6df937fc1859b323ac2f14643e3fed,96,4,92
0x3d5722299f04099afa2e3570fd94ee08a732e6f6,42,12,30
0xdd0d63220265927b29646cb7d4684d5fa6df4cb8,62,0,62
0x3980c9ed79d2c191a89e02fa3529c60ed6e9c04b,326,326,0
0x8442dd3e5529063b43c69212d64d5ad67b726ea6,224,2,222
0xe2d3d13280eb461ce442a09ff135b6b6e9f72126,38,3,35
0xdc24eca11d4a279be6ae8b3114097e568e682ab0,40,0,40
0x691ef79e40d909c715be5e9e93738b3ff7d58534,226,0,226
0xde6b6090d32eb3eeae95453ed14358819ea30d33,133,10,123
0xe8e2b12e02cefc12603e99cd414d9d9ec82068cf,245,0,245
0x0ce3c18f9728b85742a527c1bd3493daa599c18e,82,0,82
0xf4d861575ecc9493420a3f5a14f85b13f0b50eb3,186,4,182
0x23c54ac322cba66eddcf95c5697b53fc3a8a608c,160,11,149
0xa48002be7880d92f97272c6b34b076a2e5ff92fd,39,0,39
0xf7de31669f4f9386cf000ff6b412e405d0535b74,93,0,93
0xbbf449cf8174c0cca4452fbe4785d8851a2fd641,245,7,238
0x73968b9a57c6e53d41345fd57a6e6ae27d6cdb2f,169,2,167
0x6476db7cffeebf7cc47ed8d4996d1d60608aaf95,23,8,15
0xc64500dd7b0f1794807e67802f8abbf5f8ffb054,163,163,0
0x1454232149a0dc51e612b471fe6d3393e60d09ad,48,1,47
0xa9b1eb5908cfc3cdf91f9b8b3a74108598009096,208,5,203
0xd17fce1c4c199ff9d02c9674abf52fd35d9d058c,497,14,483
0xf8e9566c8b24aa77645d503f119a4b85dc3fc6d3,208,0,208
0x9ccfe523e588d7a80366e871666a228ef999a414,107,0,107
0x14540c4b3198dcdab03869febb8f39d73b0ae95a,21,0,21
0x2eb53bee3b552c52799226a8267f3bfdb9912dc0,40,2,38
0x313bded01a27a17f17803b0a7a134798eccdb018,217,37,180
0x31bfde4d0fbf3fa89b230d370e3b206e67ef8b15,45,1,44
0x8026ec89562d4109835c74a3946096081d362ff5,31,10,21
0x0391d2021f89dc339f60fff84546ea23e337750f,236,4,232
0x8876819535b48b551c9e97ebc07332c7482b4b2d,342,342,0
0xa010e37405eb57437a381daae88e5c3913d0796c,58,1,57
0xd6f4a923e2ecd9ab7391840ac78d04bfe40bd5e1,114,25,89
0xb1191f691a355b43542bea9b8847bc73e7abb137,159,0,159
0xef1efb7f22fb728820d4952b33012a7115e87687,76,6,70
0xc52a74928b5c439dc115b2ce1572643d18cabe0b,115,1,114
0x74641ed232dbb8cbd9847484dd020d44453f0368,118,23,95
0x20d4db1946859e2adb0e5acc2eac58047ad41395,120,102,18
0x34cadc2ff14d57d6c3f806b5d798c6a27642af2e,234,62,172
0xd945f759d422ae30a6166838317b937de08380e3,281,1,280
0x0e50498e19edb902e83b44ed57f1324b875d6dac,26,0,26
0x6fe9c57ae423d14e78cdd5877d16558bb959d303,263,10,253
0x31fe56609c65cd0c510e7125f051d440424d38f3,26,2,24
0x188375ee3ad7beb579601861055d75ee9992d032,176,0,176
0xcae19776cb7197676f9b15f1da6d110dddfb181c,136,2,134
0x288bf4bed13ed59df11da260702d15d8b5534624,35,0,35
0xa487bf43cf3b10dffc97a9a744cbb7036965d3b9,141,3,138
0x45c2d9f2553f4e1794e1b99b8e319ead8a066f81,381,5,376
0x04666247f012e99f6d2ec148cce849f78c61aea9,19,19,0
0x833482c2dc61c7e695a07fe7bfc50e063781e75f,54,8,46
0xa00a4d5786a6e955e9539d01d78bf68f3271c050,114,3,111
0xa9d332c5cf30dc83b43cc098652c3eada9a1a91c,153,10,143
0x21ae791a447c7eec28c40bba0b297b00d7d0e8f4,58,58,0
0xbc1c5e6d1f9c0cf1eb25a1fb53acd1f6485bf6da,158,11,147
0x579cea1889991f68acc35ff5c3dd0621ff29b0c9,109,42,67
0x3ffcfb7c1138b3fa78594a0fb3584ffd3d6d042e,69,4,65
0x13fd344e39c30187d627e68075d6e9201163df33,62,1,61
0x17834b754e2f09946ce48d7b5beb4d7d94d98ab6,72,0,72
0x984ac9911c6839a6870a1040a5fb89dd66513bc5,128,2,126
0x6149c26cd2f7b5ccdb32029af817123f6e37df5b,215,6,209
0x0000000fdf9eb269b38e39e058f45d7d0ddb60f9,28,4,24
0xa795c5708a6b2697ba5c7ed8418290d066fa068c,39,0,39
0xe516d78d784c77d479977be58905b3f2b1111126,98,8,90
0x9f0f64c023f75c937502542e6059a2acaa0e7eca,23,23,0
0xc73c167e7a4ba109e4052f70d5466d0c312a344d,149,5,144
0x66a1b09adcff8df2e321b5cfbbf134121520d785,347,0,347
0xae0c401dacde47c72289207b0e65a446d15971a9,66,3,63
0x8e93fd5d7c1dcf7dd8d44d32c714b92bd049dc81,35,5,30
0x0107c4aaa31940ef88760acb1f32424ca8d8bd80,48,7,41
0x34f0915a5f15a66eba86f6a58be1a471fb7836a7,456,22,434
0x068696a3cf3c4676b65f1c9975dd094260109d02,175,163,12
0xf5581dfefd8fb0e4aec526be659cfab1f8c781da,341,3,338
0x0ec7c9b2eda7d3f82a8919029c369a019e2be268,326,11,315
0x370de27fdb7d1ff1e1baa7d11c5820a324cf623c,305,83,222
0x71a28feaee902966dc8d355e7b8aa427d421e7e0,64,61,3
0xb83c27805aaca5c7082eb45c868d955cf04c337f,79,77,2
0x4376cfb6d9fe9b94a2e9fd0c417f7d50f2a29245,3,1,2
0x5aa140dd5b946687e38d5f5ac4ef9e7b0154eff6,236,17,219
0x5ab21ec0bfa0b29545230395e3adaca7d552c948,166,1,165
0x4302b24ea1010b4cb4f1f056341334ccd2efd3c1,277,0,277
0xbff184118bf575859dc6a236e8c7c4f80dc7c25c,260,2,258
0xebd707e7b27c6c14c98a327e332a0df7c6c015b0,452,46,406
0x60ef10edff6d600cd91caeca04caed2a2e605fe5,45,1,44
0x2791bfd60d232150bff86b39b7146c0eaaa2ba81,136,3,133
0xbc6f8c94979207b5206a3e82a3d84dc82f987829,36,8,28
0xc669928185dbce49d2230cc9b0979be6dc797957,90,1,89
0xf9c53268e9de692ae1b2ea5216e24e1c3ad7cb1e,58,23,35
0x1cef785aa885836cee4f53b6ace83d187d819639,332,8,324
0xd4d871419714b778ebec2e22c7c53572b573706e,300,6,294
0x0ff6ffcfda92c53f615a4a75d982f399c989366b,220,208,12
0x9196e18bc349b1f64bc08784eae259525329a1ad,116,114,2
0x2008e6de208ed0d53a804ece32e3cd07c761d47a,54,7,47
0x427c3fbb758e01465647eccd5cba630ece1cabc5,192,0,192
0xa059087de1321517892ec73da5f6f665c8e009db,225,187,38
0xa265bd2ba7e49bcc77cef4a7b05c7799ec8b8387,400,16,384
0x8184a482a5038b124d933b779e0ea6e0fb72f54e,191,2,189
0x87de305311d5788e8da38d19bb427645b09cb4e5,141,138,3
0x5f7b42e237600530e8d286f9c4ef48f5ea5ef518,68,1,67
0x78f28143902e9346526933e3c2eda2662d1cd1f7,242,10,232
0xa693b19d2931d498c5b318df961919bb4aee87a5,148,2,146
0x239dc02a28a0774738463e06245544a72745d5c5,78,7,71
0xda31bc2b08f22ae24aed5f6eb1e71e96867ba196,228,0,228
0x106552c11272420aad5d7e94f8acab9095a6c952,133,4,129
0x83bf7e0ba6732196e5c339fc71c44b3a77d58ac3,142,2,140
0xfaae5fef33fe34f36850f47f1cca13b4da7016a1,24,1,23
0xb98d4c97425d9908e66e53a6fdf673acca0be986,346,343,3
0x333761cefcc5c30786fb8af304569c8d171fee9e,96,11,85
0xc0ea83113038987d974fe667831a36e442e661e7,90,80,10
0x6fc13eace26590b80cccab1ba5d51890577d83b2,270,6,264
0x87e738a3d5e5345d6212d8982205a564289e6324,126,27,99
0x2e734269c869bda3ea6550f510d2514f2d66de71,143,5,138
0x19247d1e7178a3ffd76763eaf52ebe2cf1e639ad,63,54,9
0xc49cd62d0a38bb06b72087e2ba889ae36ef1c873,108,5,103
0xc2f05fd9fe4cfe8f7395ddb220c84d3ef240cf3d,198,12,186
0x68f4ba8018216542ac2ab8125166be66304dd71c,71,1,70
0xe6a275319d275dfc9a9960f29891b9af72b89e4d,191,5,186
0x2ba592f78db6436527729929aaf6c908497cb200,257,3,254
0x9dfad1b7102d46b1b197b90095b5c4e9f5845bba,107,7,100
0xcc1f757e3fa67b70e761c71f4b75b1e9f72263af,36,33,3
0x11613b1f840bb5a40f8866d857e24da126b79d73,107,2,105
0x0a393aef6dbcd7e7088acf323f9d28b093b9ab5a,54,0,54
0x445ede1ce0a4f6d05720cc691893c5bc3ea1bed7,92,10,82
0x612c393dace91284dafc23e623aab084fa0ffa64,49,1,48
0x995fab08a70d916aa03d2ae59e42d45343bbce93,50,8,42
0x1a100cf89d3218e1f673dd9ad163a45a9218dbe9,128,10,118
0x6ba6f2207e343923ba692e5cae646fb0f566db8d,179,179,0
0xd7bef882ac59abaaae340d7fa897536cbb572184,48,0,48
0x9ce696322a7495b83f279db6080314cf4d9f8c1f,128,21,107
0xb1f66997a5760428d3a87d68b90bfe0ae64121cc,220,8,212
0x4be3223f8708ca6b30d1e8b8926cf281ec83e770,191,4,187
0x2b934db3169783de4ccb6f24a3039605df8f8b05,264,22,242
0x37a03d4af1d7046d1126987b20117a0fdcbf6535,173,1,172
0xbf92a355c73de74969a75258e02a15a2764d4970,102,2,100
0x18affb2a5ead3fae42e34668871ec9b5e5e713e0,243,60,183
0x219351f2baec497a42416ba170a9b09696bf9e2e,124,1,123
0x86e87ad210ec9e6939fedcc6d399748c3d686761,70,22,48
0xa8580f3363684d76055bdc6660caefe8709744e1,102,102,0
0x2eb6be120ef111553f768fcd509b6368e82d1661,268,90,178
0xd0a07a76746707f6d6d36d9d5897b14a8e9ed493,411,12,399
0x4f3e8f405cf5afc05d68142f3783bdfe13811522,88,88,0
0xba3bdc36e751e2ffa2c216416666b909af7fb49b,362,9,353
0x698c6ac9ca5f16cabc5a636d3a619329c0958cba,125,3,122
0x16780860c1c0a69c9704ad2ac828a92654d7009f,124,7,117
0x4298892fbf6d4dbeee99d30496f085e9d8b59618,151,9,142
0xeb6c5accafd8515c1b9e4c794bdc41532c5543ec,96,2,94
0x83f93585685a4656ae2e0cb71a1f29083c79ea91,138,31,107
0x9025046c6fb25fb39e720d97a8fd881ed69a1ef6,382,2,380
0xde4ce5447ce0c67920a1371605a39187cb6847c8,34,32,2
0x4decc44325e18519224acf38338e8802983371f9,188,10,178
0x163a7af239b409e79a32fc6b437fda51dd8fa5f0,188,12,176
0x348eac426536595a6e75a82c033ac292c000f272,18,8,10
0x0ee1448f200e6e65e9bad7a335e3ffb674c0f68c,205,4,201
0x3abf2a4f8452ccc2cf7b4c1e4663147600646f66,75,67,8
0x60ee978098bac89a67e68c5f3ded40ee4291d0da,162,3,159
0x6dc6001535e15b9def7b0f6a20a2111dfa9454e2,219,31,188
0xa08c560e9376df2698b9137f4eb7a168cf0fae9f,106,1,105
0xb61b5aca15193ecb719433d0e5c066f9980e1e83,275,2,273
0x4133ea7e6b655fc6069825d8766076cf1d9fee41,92,5,87
0x23894dc9da6c94ecb439911caf7d337746575a72,95,90,5
0x445ba08dad96a3d03ce8ffcbb1f246397f971b8c,62,62,0
0x727f064a78dc734d33eec18d5370aef32ffd46e4,90,89,1
0xbc19712feb3a26080ebf6f2f7849b417fdd792ca,127,86,41
0xf506f1ab233c72a424f1b83e055cbfb0ca0dbca1,99,0,99
0xfe8874778f946ac2990a29eba3cfd50760593b2f,14,10,4
0x92cfbec26c206c90aee3b7c66a9ae673754fab7e,62,60,2
0xdb5c3c46e28b53a39c255aa39a411dd64e5fed9c,149,144,5
0x77640cf3f89a4f1b5ca3a1e5c87f3f5b12ebf87e,186,36,150
0x82f5ef9ddc3d231962ba57a9c2ebb307dc8d26c2,204,0,204
0x285e9606463448a93b811abb64bc15f52da5a40c,13,13,0
0x6bc1f3a1ae56231dbb64d3e82e070857eae86045,157,151,6
0x9a95ecee5161b888ffe9abd3d920c5d38e8539da,64,2,62
0x1e987df68cc13d271e621ec82e050a1bbd62c180,167,1,166
0x99d8a9c45b2eca8864373a26d1459e3dff1e17f3,162,158,4
0xadb2437e6f65682b85f814fbc12fec0508a7b1d0,143,85,58
0x7ded71709e007ce310492f192d3d0d9a5ffab909,37,0,37
0xa16a609ff4e1a15b6ccb469e7a5dd14e89305283,61,24,37
0x1aae3148f5b5f576159835c4c56ff844a7da4f7e,37,37,0
0x1d010e936ee794c100115739524ac4f692eb48a8,414,7,407
0x4b10701bfd7bfedc47d50562b76b436fbb5bdb3b,287,0,287
0x4f9835dbb442b263bbd20ff2731162101d9c3a89,107,62,45
0x31c8eacbffdd875c74b94b077895bd78cf1e64a3,257,3,254
0x6e9730ecffbed43fd876a264c982e254ef05a0de,182,3,179
0xae78736cd615f374d3085123a210448e74fc6393,252,3,249
0xcdf58314677959122432152783f02f4e5e247802,86,2,84
0x14f768657135d3daafb45d242157055f1c9143f3,140,103,37
0x3b38013fd585f69fe48ad344be51d347c4abfaee,48,1,47
0x04f2694c8fcee23e8fd0dfea1d4f5bb8c352111f,204,196,8
0xf1f955016ecbcd7321c7266bccfb96c68ea5e49b,225,43,182
0x0ca6bbdf3e7472331ce73780e299a7b1a298681b,29,29,0
0x5139cfee9e8533d9f52be27be183ec60c7222274,133,34,99
0xed3d4e446a96dc3b181b64b75c3c70da41dc3cbe,69,69,0
0x7d29a64504629172a429e64183d6673b9dacbfce,301,275,26
0x58c083166ccb1fcebd28a2ced081b1afab190d9d,140,1,139
0xdabd916389642bd1a354a342bb827b6de853c11d,283,20,263
0x62d3c05b9c3d916fbc111819bbd3cee52906c1ae,52,52,0
0x5faa989af96af85384b8a938c2ede4a7378d9875,142,119,23
0x3e55d389d352f4905961a6b32ca53b2f229fed73,183,4,179
0x1f0f72e6dc2ea6fde3a32a1b3fd47a26a3293dc9,110,1,109
0x58f9102bf53cf186682bd9a281d3cd3c616eec41,80,73,7
0x4b1e80cac91e2216eeb63e29b957eb91ae9c2be8,175,80,95
0x454cbc099079dc38b145e37e982e524af3279c44,195,4,191
0xf36446105ff682999a442b003f2224bcb3d82067,148,15,133
0x17a0fed3bf90c0a12a7cdad83e3d4b0e06ebab54,180,1,179
0xa3240c269ad0ebef13647c726e532e964c55ef3d,259,29,230
0x28f6691ace7a960ed6b549a2c486982e89f963fc,79,31,48
0x773d6e3e85ed29d2c40c42f7cbc8ad3d4ddbeef0,26,1,25
0xe39d9712f3749b9663627331d9bca15ac69b6170,35,9,26
0x4fa62e01769a1c2dfff20a66d23b1b666b5ceb85,54,0,54
0xd4512405f35f036f7ecc64bc2834fa5d16f20520,100,6,94
0xb7f6e15b7583e2780a6f7c8a46cdb8a7d840b8b1,22,7,15
0x9a06ef3a841316a9e2c1c93b9c21a7342abe484f,67,3,64
0xdcacbdfeebfe6d7023615d0041bb342e8713cff3,28,4,24
0xcae72a7a0fd9046cf6b165ca54c9e3a3872109e0,186,4,182
0x16756ec1deb89a2106c35e0b586a799d0a61837d,103,10,93
0x08a75dbc7167714ceac1a8e43a8d643a4edd625a,58,57,1
0xe0e28f13d59b3f6c37e49c8447df3c9d418f0188,24,8,16
0x07a13eea351d501cfedf96bda8528bbc71ca5d80,92,21,71
0xef3a930e1ffffacd2fc13434ac81bd278b0ecc8d,142,0,142
0x2d7b6c95afeffa50c068d50f89c5c0014e054f0a,166,2,164
0x64775ea96cb4dd8ef31e3d634af398c66543fbd7,109,26,83
0xd4342a57ecf2fe7ffa37c33cb8f63b1500e575e6,95,74,21
0xaad2458f2a279accd9f6d11fb991369f83a47b07,433,78,355
0xc4de189abf94c57f396bd4c52ab13b954febefd8,134,3,131
0xbf3eb06c55709674504c2181362d09b51aeaf0aa,224,41,183
0xd0a538bd68412d35933bb80fbf5ebd72cb329822,358,29,329
0xf5ae40b79dc3b7bdc340daeee62707db2c1c5e20,21,21,0
0x5d29011d843b0b1760c43e10d66f302174bccd1a,83,1,82
0xa33b7fc3ae1189e31cdeb888fd369cd8a7a9c141,214,62,152
0xa9ba1a433ec326bca975aef9a1641b42717197e7,223,1,222
0xbb7a981f5f14b82ac3d3866304c8996d1d82be46,88,35,53
0xb333d769c880988fde317daa1d6851ef54b09713,92,5,87
0xd00e79629e2053d837285c74a0ec09f51b33c141,174,0,174
0xfd43d1da000558473822302e1d44d81da2e4cc0d,380,15,365
0xad0820f9436bff8c5a7b1a2be57d23c0b8ec0a29,148,0,148
0xf301d525da003e874df574bcdd309a6bf0535bb6,405,404,1
0x2de348a56b6f82e366a7dc9630e517c90454ced4,20,2,18
0x21011333fa45f3564176e9a16a043bb84f863e5d,198,23,175
0x46a0a4840b496c8e8fd034c99840f578fd842341,89,10,79
0x1a6f180b1a42d3870d9486cd8e61f19995ea4539,89,4,85
0x31719ea121e5e77b12efaf134693bb2633d0dc3f,156,1,155
0x26fb86579e371c7aedc461b2ddef0a8628c93d3b,234,35,199
0x5771d78aef7cb1028ba3ae6c244b702988d75c91,31,7,24
0xff742d05420b6aca4481f635ad8341f81a6300c2,64,3,61
0x9f801c1f02af03cc240546dadef8e56cd46ea2e9,133,1,132
0x95deaf8dd30380acd6cc5e4e90e5eef94d258854,54,19,35
0xede7400e097ed1b0c3d8c1d7530058305ce0afab,43,43,0
0x01ae9df9cc72ed928c6f34aa74a3449e8d5ab134,53,14,39
0x6d3adf9fef24ddb3ffd0457455176dc6c437199f,64,4,60
0x9ad37205d608b8b219e6a2573f922094cec5c200,82,7,75
0xc7d21dd9ec1f3f42c313535c103fad7e5a078bc4,206,13,193
0x36036ee347c6308b905fbe2206f68dcb98d92d55,169,6,163
0xc787d7e5a33caaad31a1ae3c453f955142de145d,168,1,167
0x3a921bf2c96cb60d49aff09110a9f836c295713a,429,3,426
0xf99d58e463a2e07e5692127302c20a191861b4d6,192,131,61
0x83249c6794bca5a77eb8c0af9f1a86e055459cea,98,88,10
0xdb631859e06fbc6604e86f592f6b8c416425b5d5,420,0,420
0xa227039dc376c3a9c9c1005a3f06cf0306ca04e4,40,7,33
0x46b52267a6aadf7e1a519eb5143188c3ade37190,58,6,52
0x1c9922314ed1415c95b9fd453c3818fd41867d0b,165,101,64
0xe24e4d4535f504d6d7957356534e23b4e787289f,220,2,218
0xdfbd4f523dd7532ff8af2430d9be36d8d9421825,283,283,0
0x28812ec6e46c3e5093de25e954a026ff99a57d53,191,0,191
0x0c94ce9e022ff45330212df75134efafbfb497d4,352,8,344
0xdedf88899d7c9025f19c6c9f188deb98d49cd760,245,26,219
0xddbddcfdec729ee7013c3038482538c03d7c62cb,218,7,211
0x06325440d014e39736583c165c2963ba99faf14e,108,108,0
0x2f069e17a2a37b0c46c51f4546460958ee446891,43,1,42
0x1494ca1f11d487c2bbe4543e90080aeba4ba3c2b,228,3,225
0x9b9647431632af44be02ddd22477ed94d14aacaa,226,226,0
0x906642380fd9b7aa726bce9c6abee7378396061b,179,6,173
0xd0e9faf06ff4cc3948295b665ccff764ec696f47,288,6,282
0xb087c2180e3134db396977065817aed91fea6ead,46,1,45
0xdbdb4d16eda451d0503b854cf79d55697f90c8df,228,4,224
0xc0ba369c8db6eb3924965e5c4fd0b4c1b91e305f,202,5,197
0x4e2781e3ad94b2dfcf34c51de0d8e9358c69f296,125,2,123
0xb2d1c6b913ad023de3fe132e7da5a8d315f9a03d,70,0,70
0x239ce1fb790d5b829fe7a40a3d54cb825a403bb3,239,19,220
0xb4d9dd5cb9e40c1a51e0e47f5110a643c28b0301,131,11,120
0x9f009d03e1b7f02065017c90e8e0d5cb378eb015,44,1,43
0x91dfbee3965baaee32784c2d546b7a0c62f268c9,102,4,98
0x9f22b58a19b7fa667c6723d558399617729f0c49,272,2,270
0xdc94f2e7fa341bf548df233b7baa88c802d7c48c,28,0,28
0x7c5a0ce9267ed19b22f8cae653f198e3e8daf098,293,293,0
0xc1c130f6e93f1809f617b28138eec0f594f8391b,72,7,65
0x7dbdd9dafdc4c1c03d67925a4f85daa398af32b0,102,3,99
0xcd9c7c57a2d1468686c2d141530f7b70e771c05a,119,27,92
0x3ad2f955bb5dfbf3cd22e764cce8445f4243826a,386,118,268
0xe361f10965542ee57d39043c9c3972b77841f581,431,7,424
0xc6d1f1d5a46de07e73091f1c8793293b203f01a1,69,69,0
0xee8496e16d34fa7a020cc3483a8489ea9c48e3ea,8,0,8
0x589891a198195061cb8ad1a75357a3b7dbadd7bc,175,175,0
0x5dff25915d8652233cd5a8bf4498c2dac077d5f4,43,31,12
0xa3a321135112246b4cd8dd440e00e1b94cb86a41,110,10,100
0xcc0a99f59e7b153bad42f54c278c16e4081afa7c,276,276,0
0xac0104cca91d167873b8601d2e71eb3d4d8c33e0,181,4,177
0x4fb721ef3bf99e0f2c193847afa296b9257d3c30,107,2,105
0x3af33bef05c2dcb3c7288b77fe1c8d2aeba4d789,99,1,98
0xe8b7c2f05f50f54c473a13b811e3b9f243357929,55,7,48
0xf800263e11309e6c70afb965d0417f9c1a2251b8,132,25,107
0x00aba6fe5557de1a1d565658cbddddf7c710a1eb,81,2,79
0x46ac8540d698167fcbb9e846511beb8cf8af9bd8,178,1,177
0xe7a523740c7026ffa9f0b6d79df558c3330f3626,117,15,102
0xdb4166b807f9a918e560a814f806288b86da3743,235,1,234
0xbd34c563572bfd3b35b27df957b809813b7a6ff8,51,0,51
0xe2dc070524a6e305ddb64d8513dc444b6a1ec845,142,2,140
0xead652f8986b001c6570799568db50909b5dadbe,43,0,43
0x9b8cc92cee71e789e6a69e5996cee43fa3bf13ae,154,2,152
0x3f0785095a660fee131eebcd5aa243e529c21786,212,2,210
0xa2177f14aad9b44c2fe04ee6731629b8d4e7270c,48,8,40
0x7b89890989d50b631322c6977c7937531460957a,34,2,32
0x5217fcfaa7c02b6beb54c8227a81e8dcabebfee0,128,51,77
0xbe9a129909ebcb954bc065536d2bfafbd170d27a,32,0,32
0xfb076d4a65838786856afdd3fc2b107de043b50a,231,4,227
0x9705a7113363a383c8a96689e20286abe6612bb3,90,8,82
0xc45f3c76feeea53aae5afa9b51f166e025145400,44,3,41
0xd1d6062cb98f87b9fe4ce130e2ff844f15a6f28a,32,0,32
0xb77bb4bda2e4cfec036f214594e758ac380d0f45,68,4,64
0xca6a720ac282e8634f595c4351b827191aea1bbe,42,29,13
0x92e130d5ed0f14199edfa050071116ca60e99aa5,262,262,0
0x8b02b8b089236f5805267580a580c870b7812dee,67,13,54
0xeb113c5d09bfc3a7b27a75da4432fb3484f90c6a,233,39,194
0xca76543cf381ebbb277be79574059e32108e3e65,108,1,107
0x315b097b4c26c862645e3ae8fcd73907241e2896,39,4,35
0x6b4c7a5e3f0b99fcd83e9c089bddd6c7fce5c611,155,21,134
0x8cd3cea52a45f30ed7c93a63fb2b5c13b453d5a1,175,25,150
0x970aad14d99ab8ff4dc699458a2183f44c1a6507,141,1,140
0x80416304142fa37929f8a4eee83ee7d2dac12d7c,147,31,116
0x5f60678049870a0dcfcf1a40bb666a6e552298a2,100,30,70
0x65a8fba02f641a13bb7b01d5e1129b0521004f52,58,58,0
0x62dc4817588d53a056cbbd18231d91ffccd34b2a,100,2,98
0x8630cdeaa26d042f0f9242ca30229b425e7f243f,147,32,115
0x5cbb7f30cc090e21cea12673a41da614ffb5801b,177,0,177
0x582d872a1b094fc48f5de31d3b73f2d9be47def1,423,120,303
0xc007290e4e0a7aaa295920992067d61812769eed,17,2,15
0x91c8b5c50a35e461dc7d7ffbc301c365b83f01f8,143,9,134
0x397deb686c72384fad502a81f4d7fdb89e1f1280,32,1,31
0x1af4f195a8aaa7ffd752c28a13b719b84056f0d6,28,0,28
0x032df438eff5b5ac658cf4082425ce14f034a97c,74,1,73
0x0017836e2e0a5445f1816d69380f244caa41bded,289,4,285
0x177d39ac676ed1c67a2b268ad7f1e58826e5b0af,356,176,180
0xe22020f47b7378dfedcedd2c81d4137c22fe1152,119,19,100
0xb0b8143ca80ad110b39c6a6b4fd6a0666b85216e,142,1,141
0xc49a9ab342b6ea66792d4110e9ca0ab36e3a5674,155,34,121
0x61e6494d934b594d0634f292e13846639b6f1927,118,29,89
0x475bfaa1848591ae0e6ab69600f48d828f61a80e,107,8,99
0x0eb638648207d00b9025684d13b1cb53806debe4,201,4,197
0xffe510a92434a0df346c5e72a3494b043cf249eb,297,221,76
0xb4dffa52fee44bd493f12d85829d775ec8017691,55,2,53
0x51369e8c482763089b0b90009c2a79c98244168e,107,0,107
0x64609a845ad463d07ee51e91a88d1461c3dc3165,192,5,187
0x85f740958906b317de6ed79663012859067e745b,239,3,236
0x286c0936c7eaf6651099ab5dab9ee5a6cb5d229d,91,1,90
0x2dd1b9410c73e16b60240e529e38e30425f00d4e,56,56,0
0xee966c3827bf10312ac6de8d9bafd626cb106ed7,188,188,0
0x68bd8b7c45633de6d7afd0b1f7b86b37b8a3c02a,191,16,175
0x2931b181ae9dc8f8109ec41c42480933f411ef94,198,11,187
0xf009f5531de69067435e32c4b9d36077f4c4a673,77,1,76
0x1410434b0346f5be678d0fb554e5c7ab620f8f4a,199,190,9
0x52a0ae79facf56421977b19bf1052fdf8b1c5c16,63,10,53
0x7cdc0421469398e0f3aa8890693d86c840ac8931,217,2,215
0x882e5b370d595e50c24b2a0e7a94e87cc32adda1,59,27,32
0x133b7c4a6b3fdb1392411d8aadd5b8b006ad69a4,472,3,469
0x7946c4bededc2ab98e1682c55505093c88624c02,56,56,0
0x7f2e7c52217c8c333f24e2fe2eb371d5ee9669a3,36,1,35
0xde07734c6a573371a5c88753b77e3c81055bdcc1,157,34,123
0x79dd22579112d8a5f7347c5ed7e609e60da713c5,137,8,129
0x503d73d0008b97ad1516845ef73265e77e6d498f,120,38,82
0xb22f1b3150808f8667da6cced02ce5a000b2a68b,39,4,35
0x1c579006cd499871ac39aa2bf787462de603936c,430,153,277
0x46d0dac0926fa16707042cadc23f1eb4141fe86b,76,5,71
0xad48c81ac9cdcd4fe3e25b8493b2798ea5104e6f,96,3,93
0xf63063bb20a03b85bd08d5c1244af8ba0aee1b1f,277,0,277
0x0f85a912448279111694f4ba4f85dc641c54b594,132,6,126
0xe3e05b8b1e6cd83fe05cd49082cd95a45e4bc59a,286,27,259
0xd0e1c46c421302edb8130f08ea88e882f86f5532,241,0,241
0x6a4f8aa3b13339ed3c121cf62ab0da598cd2dea6,229,1,228
0x72b3b26848a30d3d76e5b67959a365b6ad388c49,168,22,146
0x01426920272acd7ee5c18013fc5c86f9cb873e68,80,0,80
0xd946a996a6a291917bb267689f65c6c4d1966047,118,2,116
0xd50bb2b7531ae2cc35fb508a12afd3934cc2bcfe,165,11,154
0xfb61bd914d4cd5509ecbd4b16a0f96349e52db3d,244,9,235
0x55a68016910a7bcb0ed63775437e04d2bb70d570,159,26,133
0xf1860b3714f0163838cf9ee3adc287507824ebdb,25,0,25
0xdf5b5ee15cc96ba7d0cb6bd9b2c0fc4417ab6445,157,65,92
0x04a5198063e45d84b1999516d3228167146417a6,80,1,79
0x8b17fea54d85f61e71bdf161e920762898ac53da,257,0,257
0xba4cfe5741b357fa371b506e5db0774abfecf8fc,302,2,300
0x40897c872214303b6f479a37e549ee1516b264a2,106,106,0
0x9f284e1337a815fe77d2ff4ae46544645b20c5ff,300,87,213
0x6023da5c4ed130e73cd816ec931b562db2c346bb,357,11,346
0x53bd789f2cdb846b227d8ffc7b46ed4263231fdf,81,2,79
0x4674a4f24c5f63d53f22490fb3a08eaaad739ff8,52,27,25
0x2124dd756125bdd97d60e4732b58905790c22953,413,413,0
0x20016fa709765558ed8229d8572a4275d3a1899f,48,3,45
0x0b87320f22c94e290e763c2f337dc0b44693a548,214,14,200
0x099a16f0414cb0cc0555d5f1f8140166462d39ff,62,4,58
0x188e817b02e635d482ae4d81e25dda98a97c4a42,103,6,97
0x72377f31e30a405282b522d588aebbea202b4f23,56,56,0
0xd9fcd98c322942075a5c3860693e9f4f03aae07b,182,13,169
0xd5930c307d7395ff807f2921f12c5eb82131a789,133,3,130
0xdefa4e8a7bcba345f687a2f1456f5edd9ce97202,305,8,297
0xd16809c0a7d82c9e7552a01fd608fff90efb564f,284,1,283
0x0647e3137ce7cd942ef8d8f1a35f10459973d069,84,13,71
0xf642d8a98845a25844d3911fa1da1d70587c0acc,246,4,242
0xbb3d13260b3f6893ace34a4284be70eccf4cc0f1,178,1,177
0x6100dd79fcaa88420750dcee3f735d168abcb771,62,60,2
0x5e1a29c0ffc4bf6a5d725727ef6ad4c506ae57a4,262,1,261
0xc4ee0aa2d993ca7c9263ecfa26c6f7e13009d2b6,82,5,77
0x7aa8e897d712cfb9c7cb6b37634a1c4d21181c8b,161,4,157
0xfb3cf61a46a565fb1622ec5f9d42d98ff7f762aa,306,29,277
0x321c2fe4446c7c963dc41dd58879af648838f98d,109,1,108
0x275dfe03bc036257cd0a713ee819dbd4529739c8,348,0,348
0x909e34d3f6124c324ac83dcca84b74398a6fa173,151,81,70
0x035df12e0f3ac6671126525f1015e47d79dfeddf,238,123,115
0xdb0acc14396d108b3c5574483acb817855c9dc8d,208,153,55
0x33cfae13a9486c29cd3b11391cc7eca53822e8c7,137,23,114
0x7096ae1a95c9a4f0fb70a5deb0ee5cb9d054bc15,8,2,6
0xc53e8f9a47b76ca71431e95105650b816e56d9a6,216,3,213
0xa55d6016065fd576e64f3081cd64e1dd3a0488da,144,49,95
0x43702676f0a192b833461ffe0bcc02d8605ab869,82,1,81
0x9d3e9070b3e19dad5630faf6f049d70c9daed488,400,6,394
0xf39241012dca1612c5c77c5a09d853c5bf47737b,114,10,104
0x0b761403fdc1e7cd8763ccd89d0b269acfdc4926,422,0,422
0x37fe0f067fa808ffbdd12891c0858532cfe7361d,90,11,79
0x4ecd988f2861e479f7eb2e94bbb48709b9a2cb5b,287,0,287
0xf433089366899d83a9f26a773d59ec7ecf30355e,343,156,187
0x20516624de3cbe267a514fe91c31477369524fce,51,24,27
0x8568908a89bd129e44fb5e121abaa6c84d54e295,79,0,79
0x662b67d00a13faf93254714dd601f5ed49ef2f51,166,166,0
0x97bea466d5689b9d75c10253efc819f37abbf13d,184,0,184
0x282a7d13152b3f51a3e31d46a2ca563f8554d85d,213,29,184
0xa74ae2c6fca0cedbaef30a8ceef834b247186bcf,182,35,147
0x31a7d612788277457c03e34ecd4efe4d6e6a8e39,121,18,103
0x2f141ce366a2462f02cea3d12cf93e4dca49e4fd,368,337,31
0x823556202e86763853b40e9cde725f412e294689,109,8,101
0x8290d7a64f25e6b5002d98367e8367c1b532b534,81,0,81
0x77be00944c3f2761ccfc1702d8253aa70d8540c7,88,1,87
0xc269bdd2975a3d5b23b315dd83b82fdfbf4ac4d9,77,2,75
0x832c8b1bf8c89f1f827c2bdee2a951530a4e712f,31,30,1
0x78132543d8e20d2417d8a07d9ae199d458a0d581,93,88,5
0xf5181005304c3cc17256316c4407bbf856ab6a2d,50,7,43
0xe957d4bf3282ecd930b5d800721f40159b3b8592,32,0,32
0xdb6fd84921272e288998a4b321b6c187bbd2ba4c,51,6,45
0xcd4722b7c24c29e0413bdcd9e51404b4539d14ae,399,399,0
0x33fbc07d9d9456d9e6d8316aa87792a20d3ad448,69,69,0
0xdd4a78a617a334d30f78fac9fe11f6e93a42ab75,61,8,53
0x88a23c650e8c72960596acad5901cae56ce6ef35,35,1,34
0xabdfb84dae7923dd346d5b1a0c6fbbb0e6e5df64,447,2,445
0xda72090dea4c4817bcda67e8533d8847faa82a22,59,5,54
0x948c70dc6169bfb10028fdbe96cbc72e9562b2ac,108,3,105
0xacb978ef383d6f82781d9b60d2820be28bdb2081,143,41,102
0x9fdb31f8ce3cb8400c7ccb2299492f2a498330a4,54,1,53
0xe613fb485b40f6c8f845e16b51f1e3dfc64fe54b,16,0,16
0x3627c7019d8a1b2e4296713a3156a6de8187986e,108,2,106
0x2780086dd9ef2589750ba1eea901123ab84d1f10,114,18,96
0x12f837f1a2c96909c0b85fafb3af7eebf9ecff0d,84,3,81
0x10cdcb5a80e888ec9e9154439e86b911f684da7b,117,25,92
0xf4b5470523ccd314c6b9da041076e7d79e0df267,130,3,127
0xd9506121d67fb918ac47af0b883730694be9377c,120,32,88
0x18cb9db75fa62a9717aa98292b939e579b7c7ccd,416,2,414
0xb60c2019ddb48623ed1d134b2bb42f437c6a0202,136,1,135
0x37941b3fdb2bd332e667d452a58be01bcacb923e,73,1,72
0xd79d8950bc63cef916b3ee58a0cc5008e2c114ba,73,17,56
0x724d08f4688cda05d8e3243db9db1b20c90f3a05,112,0,112
0xa52863eef886b51182abfd8fb2a6bb96bbe92699,116,8,108
0xe6f143a0e0a8f24f6294ce3432ea10fad0206920,64,0,64
0xf337922a10619d69a80776a35e07f7177eeedbcd,14,2,12
0x55451e74a3dd670789cbb63748550fe009f0b9e2,353,51,302
0xac3d006f6332981fd1a0ce2055fa42786aaf16f9,131,23,108
0xd528cf2e081f72908e086f8800977df826b5a483,119,2,117
0xcc2fc10c8212ea88b92177766942ed79ca204625,53,6,47
0x5b1d655c93185b06b00f7925791106132cb3ad75,43,43,0
0xa3a7d67b14ccca2e94746c62728cd6c13f4601e3,195,59,136
0xb4fbf9ab6172bc4652daa7b8aff67487650a6e98,169,34,135
0xad9fd7cb4fc7a0fbce08d64068f60cbde22ed34c,221,6,215
0xea7cc765ebc94c4805e3bff28d7e4ae48d06468a,64,1,63
0x906ef87993b7ff18a25b7116a4004bc965d26367,446,30,416
0xe0c3707acb7ce96345ef4eaebf4029c0138ca685,325,3,322
0xbc6e06778708177a18210181b073da747c88490a,115,61,54
0xa4b7b5935cc507b76c2877e3e32f1df53a707c97,68,4,64
0x075ad4d55b9a7a746fb05cc8523b50acc9f62358,41,2,39
0x5646908923f052e640611a53ec3c202864ce8620,60,7,53
0xa2a22b46b8df38cd7c55e6bf32ea5a32637cf2b1,417,21,396
0x355a824bea1adc22733978a3748271e1bbb34130,35,35,0
0x27b24c62e9b1f48f9694e51962dd49c256be8d99,50,7,43
0xed39dafd2b2a624fe43a5bbe76e0dae4e4e621ef,258,258,0
0xf4794aeb9d243c024cf59b85b30ed94f5014168a,198,2,196
0x1a3496c18d558bd9c6c8f609e1b129f67ab08163,261,239,22
0xdf574c24545e5ffecb9a659c229253d4111d87e1,315,88,227
0x9257d83a0dda413ca24f66dd32a056bc2ebafd2e,166,0,166
0xec7370ea9f189b6b185322c312e61d35cf1491bc,88,7,81
0x8e81d22d0dc7ef48a81ab25b773d449f08059c33,62,6,56
0x2bce563c9848daf4ea7c7041d077d431eb78f565,94,9,85
0x43a96962254855f16b925556f9e97be436a43448,119,113,6
0x97ed92e744c10fdd5d403a756239c4069e415e79,170,3,167
0x57e037f4d2c8bea011ad8a9a5af4aaeed508650f,218,0,218
0x42069abfe407c60cf4ae4112bedead391dba1cdb,273,1,272
0x58caa30926a8775bdd500108e2678519a9198614,97,1,96
0x5bdf397bb2912859dbd8011f320a222f79a28d2e,143,6,137
0x0c544f470bfce86d0abb9f48acac47be10d4527a,264,1,263
0xa6a6bd29e86e5da201ce98da758d23d0c7902191,120,0,120
0x54f9b4b4485543a815c51c412a9e20436a06491d,58,6,52
0x4ed9c0dca0479bc64d8f4eb3007126d5791f7851,289,0,289
0x34b4df75a17f8b3a6eff6bba477d39d701f5e92c,261,2,259
0x8887ce34f6f1a4de4e8eb2a9195eeb261c413365,233,1,232
0x668c50b1c7f46effbe3f242687071d7908aab00a,147,4,143
0x63e8daf718b0dc39bf214f9b4dc9424841c2b267,147,2,145
0x36f4d96fe0d4eb33cdc2dc6c0bca15b9cdd0d648,101,3,98
0x21e783bcf445b515957a10e992ad3c8e9ff51288,87,87,0
0x94e0bab2f6ab1f19f4750e42d7349f2740513ad5,70,1,69
0xa87135285ae208e22068acdbff64b11ec73eaa5a,48,2,46
0x4fdb0b82215b8875d3d25c70ac2a7d3c49d42ca3,28,28,0
0x49e833337ece7afe375e44f4e3e8481029218e5c,271,2,269
0x322987cd1e0466be43fa88ae33e2637dff46f06f,169,2,167
0x1cbb182322aee8ce9f4f1f98d7460173ee30af1f,201,1,200
0xf3db5fa2c66b7af3eb0c0b782510816cbe4813b8,370,108,262
0x41d5d79431a913c4ae7d69a668ecdfe5ff9dfb68,315,2,313
0x31e2abf378fcc64902a958d79cdea44250c62cc1,77,77,0
0xb325b13848f79f205e901fe72702b360bcd4f133,380,10,370
0x2416bd7bd7e213fa526c41dd1c582b471297f847,70,8,62
0x3fffe959b92596e83a0b0e5dad9f34d2593def86,109,7,102
0x76723d9524a743d8908458082fbdfaaf7f60b3ed,50,14,36
0x884ddbb5dc6c2cef77d3e74c6ccca315797d655b,109,108,1
0x5ff463d1d855cedfafa7dae56139f2897327190f,125,12,113
0x5179b679b33361e73350bfb7799f2b4c6c75a086,56,56,0
0xdd2423dab474f82a19581c7256d549cec8513b00,63,0,63
0x17092cf6be18d89a7347bfb584be4a74a5bfc8e0,484,248,236
0x3d6f0dea3ac3c607b3998e6ce14b6350721752d9,197,4,193
0xf2470e641a551d7dbdf4b8d064cf208edfb06586,39,1,38
0x67cde7af920682a29fcfea1a179ef0f30f48df3e,68,0,68
0x5fc37a6ae6dd977bebbeb2831ead35bfb7263f76,288,1,287
0xde996c385948566a3987090457ed8dbd43ca845a,237,12,225
0xebbb641dfe14805939b6cc25d2a90c93bd6a2021,178,26,152
0x4f598212d55415d83a7024ddb48d9fca1afe4edf,47,15,32
0xe727e3994fda69f1b7d239887539e84d795de66e,192,10,182
0xcb1a599da5a4bd9382743ee63acd1eabf67f036f,473,1,472
0x77c140b8d4027825f959df296b3412fc2384ea92,63,63,0
0x7fe4758142f737b39710eb49ae3e968e3c2b94c0,54,6,48
0xa95d69f207d972992d35d9692a8092a45735e173,79,4,75
0xcef4ccb03dbc7d87b388407e381a949be6d00e3b,72,15,57
0x103c3a209da59d3e7c4a89307e66521e081cfdf0,382,372,10
0xaa30279047196598f8645a2356a065213b4a1bac,68,4,64
0x0b38210ea11411557c13457d4da7dc6ea731b88a,319,25,294
0x08f2991a6eff2671cf791b82aeae64fbbfdd0633,45,2,43
0x4736090d500366293d434ddc143660d35cab5aa9,440,23,417
0xd13c7342e1ef687c5ad21b27c2b65d772cab5c8c,319,278,41
0x9355372396e3f6daf13359b7b607a3374cc638e0,143,141,2
0xca850e26ffe8cc8294a7e9ccea30f3eedd98edd6,143,8,135
0x7150cd8593670341121eee513538108029298cf7,80,0,80
0x84ca8bc7997272c7cfb4d0cd3d55cd942b3c9419,301,8,293
0xbbc7f7e93cddf99c94ad4412e5e7a26ceddd6613,17,6,11
0x005d1123878fc55fbd56b54c73963b234a64af3c,355,2,353
0x7121d00b4fa18f13da6c2e30d19c04844e6afdc8,301,4,297
0x382a1667c9062f0621362f49076ef6e4fe4c9ec7,244,244,0
0x34cb8b0212d0944821012993a9dd57659f070cf5,33,0,33
0x1ffe8a8177d3c261600a8bd8080d424d64b7fbc2,58,57,1
0x71ba91dc68c6a206db0a6a92b4b1de3f9271432d,155,0,155
0xdc9ac3c20d1ed0b540df9b1fedc10039df13f99c,285,9,276
0xf51ccb15d3f2d304ae6c409303e8b3a3e397a80b,35,35,0
0x8640b23468815902e011948f3ab173e1e83f9879,136,0,136
0x9b99cca871be05119b2012fd4474731dd653febe,112,108,4
0x085416975fe14c2a731a97ec38b9bf8135231f62,17,0,17
0x61c0f01a77dbb995346e3e508575670ec49b5615,116,17,99
0xa2b06e1d927ba52c0eec9c1ed67d144708d7161a,48,0,48
0xdd741c2a21d3e57ec9eccba334053b66b03ef8b0,249,12,237
0x6d19568a959fcb4211852f6472d3df7b67c6cd54,351,273,78
0xb1a30851e3f7d841b231b086479608e17198363a,117,109,8
0x270689eeefac9015ea8ea3c1c082f91af2a7f77c,51,0,51
0x7eb459ad2a5c5ac08a616b66f39e596105abd1ad,120,9,111
0xcb54da78e6921b8bb64f3e7af06f337cb103070a,240,13,227
0xdd6e7ff87ce5e19f7856280a24f1eec612947248,6,0,6
0x64dc7f3624a1456a7ba52025fcfddf428fff92e0,464,12,452
0xd73acd7f5099fdd910215dbff029185f21ffbcf0,367,19,348
0xc9c88c834f61598368e525e25fa573c1dc51c60d,36,4,32
0xfc98e825a2264d890f9a1e68ed50e1526abccacd,158,152,6
0xb2dbf14d0b47ed3ba02bdb7c954e05a72deb7544,122,8,114
0x389999216860ab8e0175387a0c90e5c52522c945,331,7,324
0x6f80310ca7f2c654691d1383149fa1a57d8ab1f8,129,49,80
0x970b9bb2c0444f5e81e9d0efb84c8ccdcdcaf84d,490,96,394
0x4f85620beb2c229e34d00b1b1c9f5e76bc212a76,473,59,414
0x2442435dcacfdacb23a68a11281ae17a3fe8ece8,443,23,420
0x1940da0835d4b390d1a83c84e10a0d0488b07aba,160,0,160
0xabe3a95049cc81eb6ea74d8bfb60b7d64647e5d0,56,8,48
0x6267873a5a0a1647a8fbb25541605a0815e04d74,196,196,0
0x46f101f3b08a6156e8f3553945500e1f62e72a37,71,21,50
0xc43420dbaf53b1a6c607c6a561ac60afb16b05fd,97,1,96
0xc82e3db60a52cf7529253b4ec688f631aad9e7c2,81,77,4
0xf8f12fe1b51d1398019c4facd4d00adab5fef746,129,129,0
0xc7bb32a4951600fbac701589c73e219b26ca2dfc,340,0,340
0xddd6a0ecc3c6f6c102e5ea3d8af7b801d1a77ac8,81,78,3
0xca106916ca1f9c53442435036edf9b137b381c90,66,23,43
0xaaa7a10a8ee237ea61e8ac46c50a8db8bcc1baaa,144,19,125
0x85d49c8ade94ff8f7397ca8456f33dad7f296055,30,28,2
0x57fbb364041d860995ed610579d70727ac51e470,241,22,219
0xdfb57b6e16ddb97aeb8847386989f4dca7202146,108,5,103
0xfd384bd3b79ed98f0f00ecba8a22230406a700d5,199,27,172
0x07c52c2537d84e532a9f15d32e152c8b94d2b232,57,57,0
0x2565ae0385659badcada1031db704442e1b69982,173,161,12
0xdd5a649fc076886dfd4b9ad6acfc9b5eb882e83c,192,2,190
0xaadba140ae5e4c8a9ef0cc86ea3124b446e3e46a,187,9,178
0x6bb2fd3a5ab3d2e29bbd094b2bfcbd8989594e87,277,4,273
0xf5f38941ef7e04f04ed5e4fbe102b094854bd251,81,4,77
0xe2fe2df0f075e2af8fc0a166e3a4fe959af78197,177,1,176
0xd6caf5bd23cf057f5fccce295dcc50c01c198707,88,3,85
0xd44078705456c4f4517a659953f5296e5328f8b8,67,2,65
0x84cffa78b2fbbeec8c37391d2b12a04d2030845e,109,109,0
0x37695523d9c82c453ff387a28b75c7c6ffa90aca,32,2,30
0x1d8779d6fae7c21303a021a8bba0431dd2aa027b,33,3,30
0x12b19d3e2ccc14da04fae33e63652ce469b3f2fd,222,222,0
0xecb504d39723b0be0e3a9aa33d646642d1051ee1,39,6,33
0x3d7462b447f5cf13b7a055a0f8eaf7d231da5cef,179,34,145
0xda9f43015749056182352e9dc6d3ee0b6293d80a,108,108,0
0x9d65ff81a3c488d585bbfb0bfe3c7707c7917f54,103,95,8
0xea6b6a4b813d1436a75883fcc789121e4b3f0465,30,2,28
0xfd1076d80fff9dc702ae9fdfea0073467b9b3fb7,317,78,239
0x37078802b8f4d6cdd7e8da89bfcf3853e43fea98,399,2,397
0x3dc481e6586bc9098adacb48ef5435efc251ae3d,156,0,156
0x3c17017f5a584628cf8cb579a38455dbbf3f93e7,55,4,51
0x55509c29853405d819ba611c393ce920bcca2c0b,76,1,75
0x644d94da13af3ac88a9a0dcaaa108e474b9a9b5f,57,57,0
0x5fba17737ee4809230946115c0e8a418bce70acc,100,21,79
0x8b11d603b5bd9cce0ebebd544fa556cf1a6a8bd6,125,1,124
0x6faa985dc84619c689509a55cee7ccc36251b4c0,98,24,74
0xe24c9e84115819af35a1f3142932996e0216cd44,159,11,148
0xbe8b39e38fe4442a5a56c4f1947eb0dae62cfde8,48,12,36
0x139732c3f717071843f90977d93400393bdf9664,217,0,217
0x72a94e6c51cb06453b84c049ce1e1312f7c05e2c,224,2,222
0x4e3fbd56cd56c3e72c1403e103b45db9da5b9d2b,230,3,227
0x016ee7373248a80bde1fd6baa001311d233b3cfa,165,19,146
0x4cbcc45c3d24610cbfa4884f4d16085b590f3354,354,39,315
0x1a7e29a8c5d2320a1b56735b7654139e7b2860af,326,18,308
0x00d8318e44780edeefcf3020a5448f636788883c,55,55,0
0x364c828ee171616a39897688a831c2499ad972ec,275,28,247
0xa8c8cfb141a3bb59fea1e2ea6b79b5ecbcd7b6ca,283,138,145
0xa6586e19ef681b1ac0ed3d46413d199a555dbb95,72,2,70
0xfd69bce04ee5979c24f72504569c0f399c4b4624,100,8,92
0x2509ee05b8df07ec75046e24bbf1cfcdb8b2a183,61,58,3
0xe9a95d175a5f4c9369f3b74222402eb1b837693b,216,213,3
0xc5254ae71c9a712cc43d2c5493fb9d4ca5bae18c,47,13,34
0x8578b174f4f1f5be1ca312a0a649199d38121be8,292,188,104
0x10086399dd8c1e3de736724af52587a2044c9fa2,471,416,55
0x16c4b48c64fb39f0fbed9d856a35f854daec63e0,20,20,0
0x218fdc5b352f6560e3ee67da8112fe663f38aca1,123,16,107
0xa852f69dc60b63fc604c4916f54a1d94617f4cf2,22,5,17
0x6d614686550b9e1c1df4b2cd8f91c9d4df66c810,92,11,81
0x6781a0f84c7e9e846dcb84a9a5bd49333067b104,343,319,24
0x7a1f56f9641d7bd8c57f0909959c894c97e39beb,191,28,163
0x3b3afb6b65886eb85d99202d75448cf8e7e5837f,43,3,40
0x921c673a4d2f6a429551c0726316c1ad07571db5,193,193,0
0xee2ebccb7cdb34a8a822b589f9e8427c24351bfc,186,1,185
0x34be5b8c30ee4fde069dc878989686abe9884470,120,109,11
0x7a15b36cb834aea88553de69077d3777460d73ac,161,5,156
0x0e192d382a36de7011f795acc4391cd302003606,282,1,281
0x817bbdbc3e8a1204f3691d14bb44992841e3db35,214,3,211
0xdd467a6c8ae2b39825a452e06b4fa82f73d4253d,226,1,225
0x5b52bfb8062ce664d74bbcd4cd6dc7df53fd7233,148,137,11
0x74bb71a4210e33256885def483fd4227b7f9d88f,117,36,81
0x1e038a99aac19162633dcc4d215e5a27e6eb0355,144,2,142
0xed1480d12be41d92f36f5f7bdd88212e381a3677,58,57,1
0xf61bf4d1a948487d61b8fa63808aac06bda55f98,78,3,75
0xfba1bea3a8ff940beb154fa31bf0076866bf2478,174,0,174
0xb6329bd2741c4e5e91e26c4e653db643e74b2b19,109,0,109
0x338be3d8d0209815601e72f7a04ac7f37d61564b,125,1,124
0x60eb57d085c59932d5faa6c6026268a4386927d0,116,46,70
0x332a6d4dcafbb74ac7cc8a42c0edf0542f2fb668,24,0,24
0x8c543aed163909142695f2d2acd0d55791a9edb9,121,2,119
0x15a2d6c2b4b9903c27f50cb8b32160ab17f186e2,184,7,177
0xb6e72df112f13d2bc38bddf4ea252948cc739de5,253,16,237
0x36ae198f325bec1ee71621f99fc48c77e29471da,51,0,51
0xac2ebaf72aa89805f2bc5829003b2c246f3867ce,57,0,57
0x0c10bf8fcb7bf5412187a595ab97a3609160b5c6,67,0,67
0xfe4e4652813ea5f70a4876cbc0ebbc510d660615,27,0,27
0x519fb7ee9c0b6b1c4ebac7a5b480337a9a0976b7,259,110,149
0xf96898bf784fa5d5945bdbc555a43cfc951176e9,294,39,255
0xe76c6c83af64e4c60245d8c7de953df673a7a33d,112,50,62
0x6b866ce22189a16b060448df427ee8c957d8019b,79,0,79
0x5f474906637bdcda05f29c74653f6962bb0f8eda,107,1,106
0x5cac718a3ae330d361e39244bf9e67ab17514ce8,66,8,58
0x9712228ceeda1e2ddde52cd5100b88986d1cb49c,354,68,286
0x5452c7fb99d99fab3cc1875e9da9829cb50f7a13,156,0,156
0x1fe24f25b1cf609b9c4e7e12d802e3640dfa5e43,220,8,212
0x16cda4028e9e872a38acb903176719299beaed87,96,14,82
0x80336ad7a747236ef41f47ed2c7641828a480baa,272,28,244
0x04cde3a52a72c2d56923c94242bfc15a8d9d9e36,310,101,209
0xcf3b2ccc9987d2788e2756abb185344a3fe4fbe8,53,1,52
0x5d23bcb35571f1f2b96dcca633974aafddea1f32,59,3,56
0x9600f1198eaa8ad159c81ca804b27eb12c790441,96,13,83
0x06576eb3b212d605b797dc15523d9dc9f4f66db4,96,1,95
0x34f5c46bc8d76f0484e4368cbe6c12af91c31fb7,143,11,132
0xd4c3c23349348fa67f6d044f1357c54d8e6a661b,393,23,370
0x1da87b114f35e1dc91f72bf57fc07a768ad40bb0,115,73,42
0xa5372ee48516f8ba07aaca07e57445d8401a2fe9,428,0,428
0x7b41874efe38ea0e4866307b7208d9c856745d31,186,1,185
0x0da642e3ed481b119cc212b6f1c9bef04e3211ab,254,0,254
0xaec65404ddc3af3c897ad89571d5772c1a695f22,68,18,50
0xf6df9657282bac986b0e40bdd2889aa95cae156b,63,63,0
0xc477d038d5420c6a9e0b031712f61c5120090de9,205,51,154
0x5fe65b1172e148d1ac4f44ffc4777c2d4731ee8f,208,12,196
0x15b045a85b6bc2ea2ae34371e132ece8b5b3aa4f,42,1,41
0x17ef75aa22dd5f6c2763b8304ab24f40ee54d48a,156,5,151
0x763864f1a74d748015f45f7c1181b60e62e40804,140,6,134
0xcd9d4988c0ae61887b075ba77f08cbfad2b65068,189,3,186
0xc60a6656e08b62dd2644dc703d7855301363cc38,74,0,74
0x8e5324d34ee9ab2ed84ac9ba237ca0433e89130c,97,16,81
0xc08edf13be9b9cc584c5da8004ce7e6be63c1316,125,124,1
0xde5ed76e7c05ec5e4572cfc88d1acea165109e44,76,2,74
0x327673ae6b33bd3d90f0096870059994f30dc8af,162,3,159
0x92e187a03b6cd19cb6af293ba17f2745fd2357d5,147,147,0
0xbe55781d3f8f51a9b6b760af136062b6f2e9f657,26,2,24
0x27a7296a9d282e55bdf7ac3a7b768763dd65de1e,44,1,43
0xef952363c1d990a2fa58f8b379a9fa33bad1dfd1,102,16,86
0x408862dad2bb73020ec5f8f6e8ab7496af1e30a9,47,0,47
0x436fbf52faf705b6f82404bd06fb637bc4cc44ae,101,19,82
0x6fd3fe10d2cd28aecf1ff4153e8d3a80d077ada9,138,27,111
0xcf2bc3205c58f44a74eb489884c2619d51ff6bc1,45,16,29
0xfeef77d3f69374f66429c91d732a244f074bdf74,45,45,0
0xf7accbcd151d3c4036ff35115d057867a0d7b7dc,73,0,73
0x7a44228e46cdd37a85c0b07c4043b86c11e8c315,99,2,97
0x7ca2dcd417a57f846e0cfb3c1383736e7dbec1a9,206,0,206
0xa6d0eea3afab2696a840731537874e058bc8049f,220,31,189
0x1d326bad570fa79a1a755158907125ae0e54bc77,80,13,67
0x2d92c4f9f75308d0b9b098b142369032e4f901ff,150,17,133
0xde075d9adbd0240b4462f124af926452ad0bac91,44,44,0
0xbac93db39a4d4ec2c679582c6519b8cba018dc92,197,1,196
0x8c15ef5b4b21951d50e53e4fbda8298ffad25057,239,234,5
0xfc82bb4ba86045af6f327323a46e80412b91b27d,168,158,10
0x6a8b632d25933ba39660e2e3d03ee481fed638ed,21,1,20
0x849300d52007ed74227fef5bd078dff273ef97d3,188,32,156
0x085f34dc239094983bf33349aa0eaedeca0bfc33,119,1,118
0xab84ad4586eae34b1849d790b51ef4cd0ca58e65,276,108,168
0xdff484a2bc81c3ab7368dc58f3e5894d426f957c,40,3,37
0xa33e6e965feb07adba779dc22332211e202ed711,92,26,66
0xf6e12a3b482c8d51a0f66e6d80c496c310833389,107,8,99
0xc834fa996fa3bec7aad3693af486ae53d8aa8b50,214,18,196
0xe0f30cb149faadc7247e953746be9bbbb6b5751f,210,210,0
0x6f50b93b61259593634a3067adafd93f1b8d0aba,305,19,286
0xf023ea03291313ad31c22db0f682228040af4d86,173,27,146
0x300b33206739622039be449f84b5ec0fee644d8d,28,28,0
0x56f7ec0189dd329c7316193739c069554fdcefa0,30,26,4
0xb9eefc4b0d472a44be93970254df4f4016569d27,270,247,23
0xd405f9908dec587a5ed77ea06760ea868f5de7c3,426,4,422
0x8d1d064b2c64b3734c8a82d0db9bc160e156e922,60,2,58
0x1fcdce58959f536621d76f5b7ffb955baa5a672f,217,217,0
0x37efa9315ae9c416842b079a4275311709d8a6c8,207,13,194
0xce593a29905951e8fc579bc092eca72577da575c,88,3,85
0x761d38e5ddf6ccf6cf7c55759d5210750b5d60f3,462,273,189
0x0167e9bcc26d02bf71113bbd1b6ea8c9549cd52c,98,26,72
0x888888435fde8e7d4c54cab67f206e4199454c60,84,1,83
0xc66b5109d4d396619c3194a9717bc7e68a7b653f,54,12,42
0xe3bdca3a499b00ef08bbc93a04ba1fc8b6d775d6,99,20,79
0x40615b82999b8aa46803f11493bedab0314eb5e7,60,50,10
0xe66b3aa360bb78468c00bebe163630269db3324f,193,179,14
0x2fc93484614a34f26f7970cbb94615ba109bb4bf,17,17,0
0x3c7b1f3ba0f3dd37c23448c7a10a2df6fc629ac8,67,9,58
0xa2120b9e674d3fc3875f415a7df52e382f141225,113,2,111
0xc29acac647c63dbd8618e817d41ea9de69174ae1,94,4,90
0x0f33af99f3c124189b8da7c7be6dc08c77a9ddc7,188,188,0
0x70d2b7c19352bb76e4409858ff5746e500f2b67c,132,2,130
0xc97a4c9773ebfbba0f32ff147b9b29972aba0b38,184,17,167
0xdd9ee0fdcb7d1b0acdb9218e42a4d9712044d2d2,38,5,33
0xd5d86fc8d5c0ea1ac1ac5dfab6e529c9967a45e9,194,88,106
0x120a3879da835a5af037bb2d1456bebd6b54d4ba,95,54,41
0x30917a657ae7d1132bdca40187d781fa3b60002f,446,2,444
0x4baf4df3694c90d8267d643a10801797c8ab97b1,29,16,13
0x25171b354f3e192ea4fb0c1268255d7a64448c91,133,9,124
0xa41f142b6eb2b164f8164cae0716892ce02f311f,84,79,5
0x745735600dcf9562060becdae9a1a0afffcd9cf6,328,23,305
0xf10a71e53398bf4e3cf5e2a0cad3c529ad19b834,301,0,301
0x39fbbabf11738317a448031930706cd3e612e1b9,97,97,0
0x3e7fc44e25c07be3d67c241e6e59cb838df2f892,176,33,143
0x9011cf11924e83a0391b4096d5f054ea1712ba4b,159,16,143
0x7fa7df4996ac59f398476892cfb195ed38543520,65,65,0
0x1821363abc9e33f1bfbe3f96f7c68eca7f6af2bd,101,5,96
0x4691937a7508860f876c9c0a2a617e7d9e945d4b,274,274,0
0x41d3d8a48988c038165e1c9f9f40155ac749db62,26,5,21
0x85f0e02cb992aa1f9f47112f815f519ef1a59e2d,295,23,272
0x8ab17e2cd4f894f8641a31f99f673a5762f53c8e,36,18,18
0x232fb065d9d24c34708eedbf03724f2e95abe768,140,4,136
0xb3c600c04aaf603b0f422b73db244216c2e491f6,9,2,7
0xd85844bf4b89e600fc39c55c3bc472f79dff50b4,86,10,76
0x72dd4b6bd852a3aa172be4d6c5a6dbec588cf131,480,451,29
0xf3fcd0f025c21f087dbeb754516d2ad8279140fc,132,0,132
0x4bb003e4e23d803dc317d5190416ff5b70559417,79,24,55
0x29f9884510eb45f6cc60a378dd12440b45b2da83,50,1,49
0xf657d69c62c39be9da87d0fb7625b2f730b5af8f,41,1,40
0x6f61f45f7a3f64b0f2098cdad3bac5dc6aed8354,36,13,23
0x3a472c4d0dfbbb91ed050d3bb6b3623037c6263c,198,0,198
0xafe4f80e82a85118110bc76408072718e86b2507,65,1,64
0xc15122898c3ee73211d8a8a4a656ba1980d53086,282,74,208
0xf27fb0beb9c1d4360bf14df0cfb7e313c6e2e247,68,24,44
0x4848a07744e46bb3ea93ad4933075a4fa47b1162,104,6,98
0xedc3ad89f7b0963fe23d714b34185713706b815b,168,20,148
0x449d7c2e096e9f867339078535b15440d42f78e8,88,19,69
0xbaeec315f9d7f8db2645edfd5633360f152279bc,314,16,298
0x6079ea481ebb901568e294e8dcdecff6ac451b1a,442,2,440
0x4671eff52f2c9f3fc7f3cf3c5f1d7720f9aa9be1,35,4,31
0x14a32f050facf226ec60882398a9bf36d91dbac2,62,60,2
0x79367786c62e20f4488111d8d33a5011e35b61a2,95,32,63
0x0ee24c748445fb48028a74b0ccb6b46d7d3e3b33,187,17,170
0x9a4b320418544b4da92c38d2a6e2de09d5b0287a,182,1,181
0xb77b6fe3e33ce2a15bae846658fca5da62ab8ac0,84,2,82
0xa8bb2ef88c9fd04952bf47041f9329d1e449c204,37,37,0
0x12787526c03d626aac88e6edc4d0fb930d86c631,169,24,145
0xd1e2bc3e1054e0009c64f09ed57e6e17f346667f,344,0,344
0xe8da2e3d904e279220a86634aafa4d3be43c89d9,23,1,22
0x86a68f655018389658f657257fd6d0c337c09351,187,187,0
0xbc8542e65ab801f7c9e3edd23238d37a2e3972d6,96,17,79
0x0954906da0bf32d5479e25f46056d22f08464cab,167,3,164
0x01597e397605bf280674bf292623460b4204c375,47,22,25
0xbaae838f695a5b0d75cffc49c578a4293cf28f84,34,16,18
0xf15176bc2a8d95102e21641fc0c3b1a9990d2d2d,382,6,376
0x2f3a9adc5301600cd9205ef7657cf0733ff71d04,263,0,263
0xf29cfb10796194d2c1a2f24cda9d169fc6a79160,11,3,8
0xa5ee0e7925c0dc6b29ed6da60e1f2c1c01096115,263,1,262
0x678e840c640f619e17848045d23072844224dd37,62,62,0
0x90ee31cf67f23ad1f2e9e74f1fba4d94784ff94f,38,2,36
0x857ff5a1da3eea37c1e6f61808ef8fddaf572877,28,0,28
0x6226e00bcac68b0fe55583b90a1d727c14fab77f,190,190,0
0xbef648e3034e80efe152f3581117c1536fff5afc,182,21,161
0xb5a9619b5bfe4e12ee2f5cb8249e8856c8911e3d,54,6,48
0xab83bd5169f58e753d291223dcaba4f7644ad3a9,384,384,0
0x0632adcab8f12edd3b06f99dc6078fe1fedd32b0,321,1,320
0xd3f500f550f46e504a4d2153127b47e007e11166,35,0,35
0x74b988156925937bd4e082f0ed7429da8eaea8db,106,27,79
0x55097f754f6e502b69a6711800cc2d44d0734796,56,3,53
0xf0d3cedc9cc7f3a759a59b5555328fe75033c0a0,298,4,294
0x4f94a08744fa36fae992a4f8830c65e37e8f388b,203,2,201
0x7a7fc0157f070da05db78101b95f42c5ad337037,34,1,33
0x696383fc9c5c8568c2e7af8731279b58b9201394,383,1,382
0xc314b0e758d5ff74f63e307a86ebfe183c95767b,146,139,7
0xb78f1a96f6359ef871f594acb26900e02bfc8d00,71,18,53
0x62cf887b0084ea2adbce95f15dd6e8547ab53f50,166,23,143
0x5b5cf41d9ec08d101ffeeeebda411677582c9448,428,1,427
0x623217c52fafaa4d53a6804d32dfbe6c4d8b137a,26,9,17
0xe6e7e1a22195ae688f3c8ec4ba16fb2fbc88ef94,89,9,80
0xf2e4508646f1b3e9d47763d12028feb6aedd6703,206,12,194
0x269ed25178ca709365b64900801bd212497fcc2d,73,7,66
0x281851c4dd77bac877bac193fa987bf8d0b3cc95,103,8,95
0x44a0574254da49c42f096a92e378239eab07ef79,3,1,2
0x320c1ca2bdda1375174a98bfd06ed7c2d60e9842,66,18,48
0xacfa101ece167f1894150e090d9471aee2dd3041,415,40,375
0x33e2c129ea670031659ac8852c01d0fe4b297954,63,37,26
0x9a2f6c07fd6c294b92a89ef9954274034e64faf6,17,1,16
0x3293db58984c7f2c5096d89ea4711b5ad6d8076b,22,22,0
0x4cd0c43b0d53bc318cc5342b77eb6f124e47f526,92,92,0
0x626acf48a59d5dee6e4e7eb07386ad2851bcb5ce,113,37,76
0xeb3cadde330a4aa3d627f666aecdd6f65208b19f,100,1,99
0x8514ef77f7b808de634a559a2c1fce3a311adb1c,44,0,44
0x5c400511fb292a50b4d81e601815f617db804302,219,32,187
0x2d3f39663d43c0862589a8a24bf05ccd44b0ac4d,73,19,54
0x6eeb539d662bb971a4a01211c67cb7f65b09b802,22,0,22
0xc91b523a59acc63a64f61fc7bbfb4bfc82dd25f2,77,1,76
0x15ff09fd0159b25fad9e8bf0d2a5bfef6e46e2bc,80,80,0
0x575157729e5e9d6383be5278238be6161c44d2d9,30,16,14
0x2602278ee1882889b946eb11dc0e810075650983,112,102,10
0x68930072647a0d79e601d5ee3914833ae9148247,373,6,367
0x7b3dfb3f5cbd9f5aa96d936f835e916fb11e558a,22,2,20
0xa0f38233688bb578c0a88102a95b846c18bc0ba7,212,11,201
0x5f5541c618e76ab98361cdb10c67d1de28740cc3,59,14,45
0xceff847de8289a5d0d28d91c3ceb7fa2e17eb27a,121,0,121
0xa01199c61841fce3b3dafb83fefc1899715c8756,111,9,102
0x3a283d9c08e8b55966afb64c515f5143cf907611,37,37,0
0x02bd4a3b1b95b01f2aa61655415a5d3eaacaafdd,63,63,0
0x2ee6af0dff3a1ce3f7e3414c52c48fd50d73691e,131,131,0
0x9ba874d4b2b52fc6f3f53f35c96249581daf9d56,63,1,62
0xcdcc1529f88a3d42cc7f436f11de417e0020f902,63,6,57
0x9721de7dfc53d3be40191ac9e932922885bdbd2d,243,16,227
0xaad54c9f27b876d2538455dda69207279ff673a5,237,237,0
0x81efa5503c9e71cb0fe938268e266f5bdb028689,75,1,74
0x5c84bc60a796534bfec3439af0e6db616a966335,131,128,3
0x7a98d0c96a35bde4bb643ba83c5e9a19fbae2234,364,31,333
0x3dc9c91cab92e5806250e2f5cabe711ad79296ea,103,32,71
0x3b553fc51a63298e2e44d8ecd3b1ea01d22ca459,55,8,47
0x70c03a5b2d31ab695677dc1a97d03ee97dbed59e,86,20,66
0x3b74c47e072f21ea871ef7a48d15c453267b783a,28,3,25
0x50c65cf118257040e36f67d6f54475d9963f40d2,92,23,69
0xaacd53f4705b93f0cae83a5eacf4443599dcb3fd,49,9,40
0xae1eaae3f627aaca434127644371b67b18444051,170,5,165
0xb4711bfa7d063200ecab54529807b53a0d3c17cc,162,0,162
0xc947107494459bf98c81dc282b839186a9e03043,96,96,0
0xc690f7c7fcffa6a82b79fab7508c466fefdfc8c5,308,307,1
0xbc6da0fe9ad5f3b0d58160288917aa56653660e9,132,0,132
0x645670add376f19c3d2c9bdd62dd4190c8fad988,84,5,79
0x3b4f7cb9e60362a49dd04eb0091a374d340e3efd,127,114,13
0x9443c7066f2ea89de894e0595fd7bbc50087ba27,26,7,19
0xc27e29c9f4147c750d5e9f521d638ff6a6220088,182,3,179
0x0588a0182ee72f74d0ba3b1fc6f5109599a46a9c,114,6,108
0x4554c0b38d23450f7a32d58281a2b6e423bb27a6,367,20,347
0xc6301bfe4f2665c6ceca3c5a9a43b3606d2bc2a3,135,45,90
0xf80ce420a75ee93cbb1af9d9c16e9c2f12b92cd3,82,0,82
0x8f17a839b6cd38e9888be3cc901a6726e84d6462,182,3,179
0xaa25602bccf3bbde8e2f0f09f3a1f6def54593c0,228,228,0
0xf80229c6c6d64de561b03f7a79d537e636ec15a5,313,313,0
0x4503e3c58377a9d2a9ec3c9ed42a8a6a241cb4e2,181,2,179
0x9be89d2a4cd102d8fecc6bf9da793be995c22541,203,4,199
0x2fb6a7747f52ee559e9fe0fa8ba4608fdbf1d541,64,1,63
0x3abce8f1db258fbc64827b0926e14a0f90525cf7,413,10,403
0xe6528236e5228d88499e4260a4fb0b260e26fb74,104,21,83
0x6c3f90f043a72fa612cbac8115ee7e52bde6e490,172,172,0
0x8e04b34166612e73e8f8b7d7a5ddb6ea2895b4b5,100,12,88
0x7de91b204c1c737bcee6f000aaa6569cf7061cb7,229,211,18
0x2dc25592459960ed894db6d6c83a3bdbc1e13c80,116,20,96
0x2a7b065165ef89ff796d187a9c9118f304a5c26e,130,3,127
0xc2d718b5f908f33ae7dd53334794d654ac05f72f,74,2,72
0x0574c34385b039c2bb8db898f61b7767024a9449,208,0,208
0x4498118b7e1ab8bc9352037cf71f66b3151f4351,211,20,191
0x460a0f76eeea111ae63d972f84fc092afbb83d71,24,23,1
0x43ab765ee05075d78ad8aa79dcb1978ca3079258,66,66,0
0x540cc373acfacd250a4250d7b26e9800b71f0484,210,4,206
0x93c9175e26f57d2888c7df8b470c9eea5c0b0a93,102,3,99
0xfd1f39c04fc0ca7e54955687b55d858813160ef2,73,11,62
0x8761b55af5a703d5855f1865db8fe4dd18e94c53,34,2,32
0x746db7b1728af413c4e2b98216c6171b2fc9d00e,65,2,63
0x6694a1dc364ff79298539a8a9ad624fe8a4a1708,330,8,322
0xc5933172228e273cf829672921290ca107611757,302,1,301
0xe1005bfbbc9a17d5d844c7a4371cbf6b2b387380,57,57,0
0x71663f5fb424e2e9e2c82d86f207d50c8ba481c6,476,1,475
0x33caa8f6881b20cded1d18578d8194cb62af737b,197,29,168
0x6bea7cfef803d1e3d5f7c0103f7ded065644e197,87,2,85
0x8e3e155a4ad7da9d3aeea0aeecaedb5b4a5fa626,36,0,36
0xff98a08c143311719ca492e4b8c950c940f26872,107,26,81
0x759c6c1923910930c18ef490b3c3dbeff24003ce,54,52,2
0x6b5735cbdd0da81d18b5c2b3acaf8f27dcad9edb,77,44,33
0xdfb00e816bc17f46f90aed507f9e36c3c1db1f53,31,1,30
0xcd2af5ad76f79550dabc7234f00f5d95f23486bd,233,0,233
0x4057db5bd9f67a566aa10e5587b1a964affc6a16,70,3,67
0x9d57b86cac83e1c8d5f6d3a9734c2428c341f569,170,80,90
0x054d64b73d3d8a21af3d764efd76bcaa774f3bb2,195,14,181
0x355b6d4b7a134954beb39f1b0640aca53e44ae96,70,4,66
0xb4743bfabfce34537a4baf0f3eb2f269246d180a,54,1,53
0xba16c92deb488aaa1070417f545065bf51c7c6c8,151,0,151
0x94d8e532b7e990e356210b4b2d7158b3a8a138bc,250,6,244
0xc46608d8281a974905a6bdec48f671b76d5f22be,138,11,127
0xd6aab9e4dd45aee41cf56b8c5f581a35f9e14ac9,24,0,24
0x3d79abb948bc76794ff4a0bcd60170a741f26360,44,1,43
0x32879b5c0fdbc2a81597f019717b412b9d755a09,225,1,224
0xf210d5d9dcf958803c286a6f8e278e4ac78e136e,187,27,160
0x3a92d32351deb7d1a48e5529ba090203e87ee7d4,35,0,35
0x0d1fe1ebab085bd039b4d1fbf96dbe8decf769a1,110,0,110
0x77654e7e579b3c817a3672c1c66c050058b92b85,152,2,150
0x12b180b635dd9f07a78736fb4e43438fcdb41555,194,25,169
0xd913b503f39324541cd21bb19d966a6f73032f81,77,1,76
0x821043b51bd384f2caa0d09dc136181870b2bea2,194,19,175
0x139b522955d54482e7662927653abb0bfb6f19ba,176,2,174
0x7e9b1672616ff6d6629ef2879419aae79a9018d2,182,0,182
0x18c7766a10df15df8c971f6e8c1d2bba7c7a410b,268,3,265
0x44a144f115b11ab052563ca17dfd430c914bd989,129,10,119
0xf9fbe825bfb2bf3e387af0dc18cac8d87f29dea8,145,3,142
0x6eddf50117df3331d20d5b80250e518f3aa48de4,116,17,99
0xc4f6e93aeddc11dc22268488465babcaf09399ac,85,79,6
0xbc5d78bb900b16f68b512fef44cf18c2d73fdac7,42,6,36
0x6654bd78ccd8ac75d5c5439b101005b3e1c43e57,109,34,75
0x2841413795bbe4e42c1a8558b3e55ecde4a12014,59,0,59
0xad97c2fcca6bc28dd2dd20f6c28ab76ab35d3601,253,11,242
0x16ba0f221664a5189cf2c1a7af0d3abfc70aa295,16,0,16
0x46dc0e7e537f6fcdc9f5974efd806657f728d478,52,1,51
0xcafb181fd97039ab09361a16ba0ed2a9a19c0b68,181,7,174
0x6dffb6415c96ec393bf018fb824934d7b5b637a0,383,8,375
0xbca0b679f0ff2fd7749ba268551ebf6284768d4e,153,9,144
0x27b4bc90fbe56f02ef50f2e2f79d7813aa8941a7,221,30,191
0x31ae5109e5adb582f4f42ca9aaa9a723a325f214,128,1,127
0xceaf911fc2c989e7a65685af2e9fd491babba917,204,8,196
0x3c0cb52a81bde105a319cda7473ae8ccd620e238,360,5,355
0x062e691c2054de82f28008a8ccc6d7a1c8ce060d,271,8,263
0xa0246c9032bc3a600820415ae600c6388619a14d,281,4,277
0x12c8630369977ee708c8e727d8e838f74d9420c5,73,2,71
0xb716600ed99b4710152582a124c697a7fe78adbf,195,22,173
0x45235d72a7786db0320d8227bedf95eb273977e9,226,226,0
0xb7e70b77f6386ffa5f55ddcb53d87a0fb5a2f53b,108,108,0
0xfa898efdb91e35bd311c45b9b955f742b6719aa2,98,98,0
0x47252a63c723889814aebcac0683e615624cec64,33,32,1
0x3a859b9ea4998d344547283c7ce8ebc4abb77656,98,4,94
0xda74aeb14546b4272036121aed3a97515c84f317,495,13,482
0xecf4eeb29545a956e10d4b5ab29bb1ccbede0574,135,0,135
0x6bf7230ec3faff46bffedfbf765b54ac622bb3a6,68,22,46
0xb98358acc31b6ecc2eece76c42ded6b615bb071e,430,3,427
0xc1a85faa09c7f7247899f155439c5488b43e8429,62,2,60
0xeeaa40b28a2d1b0b08f6f97bb1dd4b75316c6107,155,34,121
0x6069c9223e8a5da1ec49ac5525d4bb757af72cd8,67,4,63
0xfaa2ba39e9d988936a5bfed5690dfc9ca570c124,189,28,161
0x1981cc36b59cffdd24b01cc5d698daa75e367e04,239,18,221
0x401a71ff98477766330759b4e278ed34420a41cb,50,15,35
0xffb4bcc28b1b3936f095f382b6fd9b27cfc9e3f9,183,11,172
0xbea98c05eeae2f3bc8c3565db7551eb738c8ccab,117,4,113
0xc9e1bbac16e8646c20e7dabfcaf01094ecf52375,34,2,32
0x1ca39c7f0f65b4da24b094a9afac7acf626b7f38,162,1,161
0x712bc0bbc841d13d2fe07ec4903cf2c08790b401,40,2,38
0xeadc218ac4cb7895a5a56e6484646b48f841c45a,139,68,71
0x3b1417c1f204607deda4767929497256e4ff540c,254,7,247
0x8b4616926705fb61e9c4eeac07cd946a5d4b0760,207,3,204
0x957a229f2fdb792ed075004d63eec99c7f2d8df1,19,9,10
0xd4c64f0fe38ecdaf0baefd7859e18185a73b9aa3,95,0,95
0x649d58fd8fa2361535c159013728fcbec016da4a,72,1,71
0x7f81858ea3b43513adfaf0a20dc7b4c6ebe72919,167,5,162
0xa57d319b3cf3ad0e4d19770f71e63cf847263a0b,288,9,279
0x72002129a3834d63c57d157ddf069dee37b08f24,118,0,118
0xdefac16715671b7b6aeefe012125f1e19ee4b7d7,121,14,107
0x91af0fbb28aba7e31403cb457106ce79397fd4e6,150,121,29
0x3b3f95938958a4029fa8b01873e2721b02950883,104,2,102
0xaa2ce7ae64066175e0b90497ce7d9c190c315db4,134,47,87
0x6d4662e28a5485f8eabb9baaac575a73f5010c88,124,0,124
0x83e6f1e41cdd28eaceb20cb649155049fac3d5aa,372,357,15
0x66e2eabcf201ebaeafef27bd7fe3e62e9aacd363,31,0,31
0xbcd4b7de6fde81025f74426d43165a5b0d790fdd,162,5,157
0xa6e8c7b060c1c3a4b764864269dc2214e7fddee0,454,34,420
0x454bd9e2b29eb5963048cc1a8bd6fd44e89899cb,138,13,125
0xe4d0e33021476ca05ab22c8bf992d3b013752b80,279,2,277
0xbdab72602e9ad40fc6a6852caf43258113b8f7a5,89,4,85
0xa605ee5de62bf7b8cdee52ebaaf4563069279d14,105,4,101
0xeed2743d6a94953267f84b13066edf27ff122ca0,140,1,139
0xd3029a0f7f8af5147bf706b0a9dfab89ddeebd62,326,0,326
0xb9b2267d3c35d1fb0bbf752b6205eea91a82cd84,162,11,151
0xdc1664458d2f0b6090bea60a8793a4e66c2f1c00,432,429,3
0x4721d66937b16274fac603509e9d61c5372ff220,163,14,149
0x62f61d85f785a6cf933172285b33d70295051e2b,42,16,26
0x70605a6457b0a8fbf1eee896911895296eab467e,109,1,108
0x77bd077fffe51edfc4913ee50506a3e59063bbea,156,24,132
0x65483c6b707f51ae3bd8ed6319b6f3643828e38d,321,0,321
0x9db475371b5cc2913d3219f72e16a3f101339a05,94,3,91
0x5af6ad286c8ed6633284f2f135c4716057d52669,53,1,52
0xf9711eeda96e94ea24d73d100d0c6f2ef6063017,321,23,298
0x982290a0333a2a3d5b88fe21bd11ca59b0f5a361,391,17,374
0x44357cb1fc60fd5c6e3e673f6b71b38baf83d386,153,20,133
0xbbbbbbb5aa847a2003fbc6b5c16df0bd1e725f61,100,1,99
0x0de05f6447ab4d22c8827449ee4ba2d5c288379b,86,86,0
0x730b6e13e58a0e21d85f1e978b4422eb2da63157,265,27,238
0xbad188ec8b4e168df2a39c462a7293955ef04bf8,21,0,21
0x77aa555c8a518b56a1ed57b7b4b85ee2ad479d06,236,67,169
0xd56736e79093d31be093ba1b5a5fe32e054b9592,83,1,82
0xd38bb40815d2b0c2d2c866e0c72c5728ffc76dd9,91,45,46
0xb893a8049f250b57efa8c62d51527a22404d7c9a,144,5,139
0x0944d5848bd9f60a34ba92aea300d4286696eb76,93,2,91
0x51ae5e2533854495f6c587865af64119db8f59b4,230,1,229
0xc0e7a5e725b44dabf4ac07dbea879b74819a69ca,74,10,64
0x98779a737c6dea58c4b0e818a13188a5d09fb26c,104,5,99
0xdaf88906ac1de12ba2b1d2f7bfc94e9638ac40c4,139,128,11
0x1a4b46696b2bb4794eb3d4c26f1c55f9170fa4c5,405,5,400
0x4923017f3b7fac4e096b46e401c0662f0b7e393f,146,2,144
0x998ffe1e43facffb941dc337dd0468d52ba5b48a,153,5,148
0xc4c319e2d4d66cca4464c0c2b32c9bd23ebe784e,291,291,0
0x673e23b28fe82f1db183c5d75446bc4eb572d711,178,56,122
0x2cccdcefda683a2bdb8116c22847857af1ff9631,31,1,30
0xb2617246d0c6c0087f18703d576831899ca94f01,54,0,54
0x2bd60f290060451e3644a7559d520c2e9b32c7e9,154,1,153
0xcaf27e51ccd2a8584805e8521f5e7742599d48a2,40,21,19
0xf151980e7a781481709e8195744bf2399fb3cba4,141,2,139
0xff1be3171a16fe431e31d874e4de14814362e588,112,12,100
0xf1536ab2dd1fc1da5d77fec3ce29537f6ef0634b,255,42,213
0x57f7169809e0f30c2f3d7332710115c1f9236525,157,1,156
0x88e16dc5398a4a89afc9596f95e108c4102f7296,74,1,73
0xa45ef87f51b84dbd0d5b003d288b16d3d044fe6f,199,13,186
0xd19fa1565564f552200ab656c3003d5868555539,138,63,75
0xc6f2efee7c6bb7a315e9f3c9afa455b4aa548023,126,28,98
0xac3211a5025414af2866ff09c23fc18bc97e79b1,276,250,26
0xa30f22b7f2839ea5ca4cf77738c26a8e34b9a993,124,38,86
0x8b0e42f366ba502d787bb134478adfae966c8798,193,75,118
0x67b26394e8f42fc03a2b3f790ec50ebe0d1a9202,125,7,118
0xd22a20f53fb1cf4defcc73d2a15a220940d9bcc9,14,1,13
0x11b197e078e41af41bc1d9e03407090e61e40baa,244,4,240
0x40f8719f2919a5dedd2d5a67065df6eac65c149c,363,24,339
0xdec41db0c33f3f6f3cb615449c311ba22d418a8d,52,3,49
0x5f0bc16d50f72d10b719dbf6845de2e599eb5624,56,56,0
0x4edcd9491799bc9b13e688c7ef11356c34d739a6,60,6,54
0xdc268f7b4927cfe7daa6a5cce8d52d473b095f13,87,2,85
0x8943c7bac1914c9a7aba750bf2b6b09fd21037e0,278,3,275
0x0ecc0e963625e0c5504718ec460116176b3aa06c,43,8,35
0xb0a747d220f3f793e1e16bf068f27c3aa3eb7a44,164,30,134
0x08ba718f288c3b12b01146816bef9fa03cc635bc,122,87,35
0x879cd57975d596004863d30c59d579ef78bbbe32,7,0,7
0xb9619cf4f875cdf0e3ce48b28a1c725bc4f6c0fb,93,0,93
0x3ecab35b64345bfc472477a653e4a3abe70532d9,66,27,39
0x5733e9490472ac6be02a879f7c3e19eceabc24be,121,21,100
0xceaab19bab4adbc831b98a4cf54a6a85a79218a4,34,1,33
0x9ec46a3dd227fd5977c7f1997c043122a703ff2a,178,6,172
0x81a679f98b63b3ddf2f17cb5619f4d6775b3c5ed,153,153,0
0x12622b71aa62a595be0f65009264de3fe3dbc7aa,100,1,99
0x311b6bb865f3350df3fec0c5a63ba2451f06587d,42,2,40
0xc52c326331e9ce41f04484d3b5e5648158028804,168,168,0
0xccf3baa603dfddd7c41619fdb8dd0306b11571fe,305,10,295
0xcfa23b8f9062369b21049b9f4a4ce79d640d1873,15,0,15
0xf4ee95274741437636e748ddac70818b4ed7d043,284,6,278
0x746dda2ea243400d5a63e0700f190ab79f06489e,138,138,0
0xf91ac30e9b517f6d57e99446ee44894e6c22c032,104,3,101
0x64ebca8b820d50aa38d8f9909d5201230f898b65,50,1,49
0xc57aa80dc5580f5f7a99df33b99da82e86dbe77a,36,2,34
0x38ea452219524bb87e18de1c24d3bb59510bd783,35,0,35
0xddd6754c22ffac44980342173fa956bc7dda018e,73,2,71
0x580c8520deda0a441522aeae0f9f7a5f29629afa,174,0,174
0xffffffff2ba8f66d4e51811c5190992176930278,151,86,65
0x45c3844dea2e9fe9226524411de6d907188a1a9f,54,2,52
0xfe41d6ba0b87056faa087fd93f68c4f9a3e683e7,491,2,489
0x485d17a6f1b8780392d53d64751824253011a260,126,0,126
0xeeca143947ae66d5f74acb0dbb105faf47b29596,70,6,64
0x9010a15184da16e3a7c5b4aa50094dfe3bb36989,66,3,63
0x07e3c70653548b04f0a75970c1f81b4cbbfb606f,246,246,0
0xfbb122b052e0949240897dae680d52e3473bd782,40,0,40
0x950fb8a6dd59a4cf466984b4f6760ebd2dda8e27,122,1,121
0x025f45bb7e08abea27a3c6a9cfb8d2acc2f6a134,60,2,58
0x6387017dd4dda1de13d93440515765bcb2ba4564,66,6,60
0x9f4df153d95a8460f6e82c21cab92719781fab84,387,37,350
0x0ab87046fbb341d058f17cbc4c1133f25a20a52f,165,4,161
0x7bc25283a29a3888cab4555ea86ff1a8c18cc90a,111,1,110
0xb26631c6dda06ad89b93c71400d25692de89c068,390,381,9
0x692accdd8b86692427e0aa4752ae917df01cc56f,91,3,88
0xc8c424b91d8ce0137bab4b832b7f7d154156ba6c,135,24,111
0x6e5970dbd6fc7eb1f29c6d2edf2bc4c36124c0c1,52,52,0
0xa25bf81aacdb5e610eaf91a889975bba43398cf1,72,0,72
0x2b81dc71d45c95660210871c375b91b8bdbebb20,40,0,40
0x0bb3e1c80c0ffde985fb0ec6392aa18a1d2de40e,182,31,151
0x1cc30e2eac975416060ec6fe682041408420d414,67,2,65
0x35e0aa31f5b0a78f7c2c503f139fbd791200391f,121,29,92
0x797a48c46be32aafcedcfd3d8992493d8a1f256b,250,15,235
0x5c0d928a3d86766e6c2ca7378abe76e7b2ff1028,296,296,0
0x323d0aa0b5be2f90728482e2e24ccd00d5419b84,215,4,211
0x16eccfdbb4ee1a85a33f3a9b21175cd7ae753db4,156,3,153
0x6913233ada65330adf01f24f715dffcc60497cc8,96,0,96
0x65ef703f5594d2573eb71aaf55bc0cb548492df4,82,80,2
0x98585dfc8d9e7d48f0b1ae47ce33332cf4237d96,75,74,1
0x5d507654082b6199b52a800ca09d43f1eb9c8a96,42,0,42
0x26a79bd709a7ef5e5f747b8d8f83326ea044d8cc,139,5,134
0xb894e12536486141158bc26684bdef85ea90379a,142,8,134
0xe6b055abb1c40b6c0bf3a4ae126b6b8dbe6c5f3f,42,2,40
0x8240534f3fbf684c0e29635ab5c8f8efb6f66d42,155,27,128
0xf9b899e6e84f6383f99b262eda36c9bddd5fc080,374,15,359
0xb8681ac978a7d440aaa256e6231cba99467ccfc4,97,0,97
0xe20ccf6c835d9840d2c5661857da942762859a01,141,0,141
0x7867b3ac827426fe68a308e1011394f688cb7ec5,291,23,268
0xe08a3e2367ea48af4f7b68d87d5a744c0a3b45d4,240,10,230
0x226bf5293692610692e2c996c9875c914d2a7f73,391,2,389
0xeca65b55d504bf1e15d6f7f5e374e58c6a7d9011,351,21,330
0xdf09a216fac5adc3e640db418c0b956076509503,125,66,59
0x54ed266d42dc8e1ee543768ff1ded7b896a03e7b,98,15,83
0xd83ae04c9ed29d6d3e6bf720c71bc7beb424393e,53,52,1
0xc6dddb5bc6e61e0841c54f3e723ae1f3a807260b,117,112,5
0x696115768bbef67be8bd408d760332a7efbee92d,228,28,200
0xa6251ca9fec07d1d8da5ce0efa8b8fd72503e328,154,29,125
0x2ef52ed7de8c5ce03a4ef0efbe9b7450f2d7edc9,173,173,0
0x5b0655f938a72052c46d2e94d206ccb6ff625a3a,383,383,0
0x9e8b85dbb082255bd81c5b25323b694bc799a616,307,51,256
0x1c7e83f8c581a967940dbfa7984744646ae46b29,201,25,176
0x04e062345c34ea36b2804a04cd7a99f8c26333d8,146,3,143
0x2ea0d46d78cf57e1288cf8582fecd89cf3f078f6,112,16,96
0xd5aa4f9404e37cb98f9f54fd1e707ebeb3cd43cb,98,46,52
0x5079fc4e96338be1b5aff236ff4b00ec4452b2d3,72,1,71
0x19cb5b009bdad0dad0404dd860b0bea75465e678,257,17,240
0x498f536b78119a46ab6de8c31850e621e56cc59a,91,1,90
0x616ff39f469c0bb80171cef79ffeca3e8f906a9f,99,0,99
0x3155ba85d5f96b2d030a4966af206230e46849cb,202,15,187
0x6b0b3a982b4634ac68dd83a4dbf02311ce324181,168,2,166
0x01485e923e51f6abb2b48aaa310d357b429ba263,103,0,103
0x52a84d21993d854fad9eb66e7a7163c0f7d6365e,125,2,123
0x740c178e10662bbb050bde257bfa318defe3cabc,136,29,107
0xd94c7060808f3c876824e57e685702f3834d2e13,121,11,110
0x64d91f12ece7362f91a6f8e7940cd55f05060b92,163,144,19
0xeda3b617646b5fc8c9c696e0356390128ce900f8,156,8,148
0x9a0d63911620f7fc15c3c020edbe4d7267ea3e4d,9,0,9
0xe45693dbe1f93815265adf4d4555d8a9100ceb76,48,8,40
0x2370f9d504c7a6e775bf6e14b3f12846b594cd53,91,4,87
0x47b513d33d6e2b6f071b09cfbd7f4edff29ce07a,341,17,324
0x788a73e34aa43aa69ae82a0b150bc27d37f8906f,50,0,50
0x71018cc3d0ccdc7e10c48550554ce4d4e3afd9c1,72,5,67
0x04c90c198b2eff55716079bc06d7ccc4aa4d7512,373,373,0
0x0f879965740cc28457e8403a2ff6f796d707e1ff,50,0,50
0x236672ed575e1e479b8e101aeeb920f32361f6f9,267,10,257
0xe857734840dc188b4283d5af14ab8685467ab87d,15,0,15
0x2091457430924515e23d7cd4e6a23d2c01fd446e,51,20,31
0x3903d4ffaaa700b62578a66e7a67ba4cb67787f9,292,44,248
0xc710263aa825da26b82b76c83dfaacb4a2ab5efd,64,15,49
0xb2e4e69527d57fa108c535721c057075a7a82e86,186,32,154
0xc9677cd8e9652f1b1aadd3429769b0ef8d7a0425,97,6,91
0x33308b19bdb7311f3d96c3e24bb05f960b1a445f,42,5,37
0x22d4c35a4f2b229a928b1b569b2f60225976426a,392,11,381
0x23a9c477bd2e4a492a5a83e2d415a7172145c3be,347,11,336
0xc87537b7ae7311766ac789213d78e0a019e3d69e,403,23,380
0xb8692e69a01d480c48bdc246044fd53e74df469d,61,1,60
0xfb7d186e24e128be1f1339fb9c2ba6fdbd87c6f9,161,21,140
0x64c2efcf94129656f1c859e92120252844162513,158,2,156
0x610515341ec8ddd0c1499dc3a96e9c2eed873409,140,44,96
0x03e99afd576eaf6b818d58a4efc59d2d0cbf1678,198,25,173
0x1d96ee1c333cff3ce2a860fc79b10fed86304a43,35,0,35
0xc14c90973732fdf33deefecca12c843e0bae82ab,72,3,69
0x84d821f7fbdd595c4c4a50842913e6b1e07d7a53,52,51,1
0xcbb2f3f0887c3cb0471d1c2a4044ba0702b5ec45,46,2,44
0xdb8951ee3d827a533db0d953b77421d87a10b353,48,9,39
0x009668a9691e456972c8ec4cc84e99486308b84d,220,2,218
0xe014666e0791076f56c6143df8ba510b7cf3512a,77,10,67
0x36a196993805e2e57411250864e2faafe33fb945,173,2,171
0x715565baf69afcbbe88f56d46f1c9fe2df828705,56,4,52
0x8798249c2e607446efb7ad49ec89dd1865ff4272,474,9,465
0x9934ecf8a194a05e59a45838292ca4890120d396,41,6,35
0x913fdb91e6a9410914ad6f1eede22488300cd941,51,8,43
0xe7191c896d59a9c39965e16c5184c44172ec9cf9,169,17,152
0xc9d8f15803c645e98b17710a0b6593f097064bef,117,117,0
0xa83b409be1ad79ef27d8e14a3d6aaed7b40959dc,204,0,204
0x52887060b33c8527721f74e9cd531cf350b0ab2f,29,0,29
0x7350b11e511695f51d8182aa899f6e6aa59061fc,111,8,103
0xef9e3414339a236cbfc8bf84c7fac24c2513b317,390,8,382
0x814b02c1ebc9164972d888495927fe1697f0fb4c,318,318,0
0x85917d42315734cfd735e1c35469ed685de71d80,30,3,27
0x195847eeeaa0865605ea3045f7c2ebb5f8f19651,96,18,78
0x4d635983382b90ecc9e9d467f5dd4511368d1d57,82,18,64
0xe63be4ed45d32e43ff9b53ae9930983b0367330a,146,8,138
0xf9f5d80e053f1a40afd9b75cca443d15f4f25f04,156,5,151
0x65c84648bcc421d87f2c594638de560d38c45e6d,14,10,4
0xae12c5930881c53715b369cec7606b70d8eb229f,101,1,100
0xfa615d59ebe8736527e36b32364012e9db8dad06,87,11,76
0xec1b7eb3d3cfac7027fa60b5376e5eadef4f1300,78,65,13
0x491604c0fdf08347dd1fa4ee062a822a5dd06b5d,252,11,241
0x0202be363b8a4820f3f4de7faf5224ff05943ab1,205,4,201
0xc673228ca99c55b0f88880f971b14d7e161c011a,123,2,121
0xe5a3229ccb22b6484594973a03a3851dcd948756,372,140,232
0x3adb04e127b9c0a5d36094125669d4603ac52a0c,56,1,55
0x0e043e39e1f9382e4b3cb9b859a1452a93993be7,147,9,138
0x77d34ce2a73166d82d990432ed2e7c14c39539b2,51,0,51
0x430ef9263e76dae63c84292c3409d61c598e9682,133,7,126
0x1fee5588cb1de19c70b6ad5399152d8c643fae7b,47,46,1
0xffffeed14c6c4c3cfb897526fa4a23b2f862833b,421,62,359
0x6e8f13c63a4b45f951bbfd1465518c3dcf632ed2,34,20,14
0x19248acd9af5d0fc0606fcdf1e5365b18cab8406,157,0,157
0x68810fb2b13d48b2f4a0fb1fea2397a2a106ad2d,32,32,0
0x4218948d1da133cf4b0758639a8c065dbdccb2bb,65,5,60
0xc382e04099a435439725bb40647e2b32dc136806,98,96,2
0x0215cc1eed633665d3cd385f7a891df616ab1706,117,4,113
0xf3ae5d769e153ef72b4e3591ac004e89f48107a1,354,176,178
0x23e74d969ebe2e269e4d03477d95f128f47fd2b1,48,48,0
0x2761d225a3bd0f308c5481d0fffff2442e7fa98b,139,5,134
0x2e9d63788249371f1dfc918a52f8d799f4a38c94,126,4,122
0xac14864ce5a98af3248ffbf549441b04421247d3,190,1,189
0x5628d47c26f2f7cc21443614188ad4aa2cc3b4e5,68,29,39
0xd590aaf48eae15c9ba0e893692e0d639869272ba,23,0,23
0xd6acd704f1d8e007d934e1ec64838af3c8818015,159,6,153
0xc7ac0a8705ab032f9ae77b7fdd42cf84c0268dd1,35,1,34
0x8589c7718aaffe4de692e8136f5d09893bcdb765,72,2,70
0x58086c15079d07d690c8c1b08720425103b95803,123,13,110
0x8770792963e0486368ff6e5713ed1f357335cbf8,419,6,413
0xaa5d0f2e6d008117b16674b0f00b6fca46e3efc4,322,1,321
0xdd70af84ba86f29bf437756b655110d134b5651c,167,14,153
0xb56a1f3310578f23120182fb2e58c087efe6e147,103,1,102
0x5895b13da9beb11e36136817cdcf3c4fcb16aaea,53,9,44
0xba3e5f8b4200a5eb856ff2c3e001ab29444491aa,37,37,0
0x9401518f4ebba857baa879d9f76e1cc8b31ed197,264,17,247
0x1a87077c4f834884691b8ba4fc808d2ec93a9f30,68,2,66
0x495f1ec64467539cad047629086e3cd95459e374,89,7,82
0x9ece069523f02b69a042b15f58d3834d22b8a26d,280,8,272
0x05e0d5f4d2f937c1146a8425cb1e92723310f191,132,11,121
0xf17e65822b568b3903685a7c9f496cf7656cc6c2,139,1,138
0x7ae0d42f23c33338de15bfa89c7405c068d9dc0a,93,9,84
0xc16b2419494ae0604432297d40cdf0e8d68de8d6,170,34,136
0xf8c08433dd41eaee2e424c9e91467ab27772d9ec,146,28,118
0x125e7d9c33ca878fa6a151662f6770e61e09908a,47,2,45
0x2950639f48edbfc4625e0244d35987aeb4e6cb63,224,36,188
0x78f190efe7b9198b76207f14d90ba96fb782680e,184,13,171
0x6fe56c0bcdd471359019fcbc48863d6c3e9d4f41,397,397,0
0x13bf84c626e0e3cd92aed83fbf288acb4f3ec8d8,92,2,90
0xe7acedec9b330c27aa1c103f473eba6401c9f7bd,102,0,102
0xd084944d3c05cd115c09d072b9f44ba3e0e45921,123,123,0
0x7c4dc14eb57de02c2ad3d71ff58d2394ee39eebb,285,8,277
0xc3f8a0f5841abff777d3eefa5047e8d413a1c9ab,160,31,129
0x2d6775c1673d4ce55e1f827a0d53e62c43d1f304,390,390,0
0xbc4ca0eda7647a8ab7c2061c2e118a18a936f13d,482,5,477
0x685b7705dadf92212c2910e41159d15ae0e10a75,72,34,38
0x4236f7324469ec26dfa0370e7ec017d99536b674,83,4,79
0xece8531550fc599ccb2c7734494fbc358d0a9483,226,1,225
0xc3be2b71800a9ea49ddaf76b4d45c3b027ead6cf,49,0,49
0xe94deb6ebed282ab8a9610089ee5b0afc9d9a018,185,185,0
0xe440654a00b757446b4914c56ad56a804a6bc6af,88,16,72
0xf25c5932bb6efc7afa4895d9916f2abd7151bf97,54,54,0
0xc934e429360e2b55d5ba95751d31d3da1e3410cd,248,24,224
0x8a2d988fe2e8c6716cbcef1b33df626c692f7b98,68,0,68
0x099689220846644f87d1137665cded7bf3422747,244,23,221
0x8f57ae7ddde63412509e71997b2438a3e6dcb763,169,169,0
0x84db02930e0f9c1c68679726e6b1e0d2f41c7cc3,40,18,22
0xf56408077487cb879c992909c5b5c66d68c02eb4,39,39,0
0xb0218715e1107961e6685b1acf5c65ef96d44bf9,403,1,402
0xdc7d40722422066381b840d531251b31c480b699,21,3,18
0x429ca183c5f4b43f09d70580c5365a6d21cccd47,463,2,461
0xe1030b48b2033314979143766d7dc1f40ef8ce11,147,2,145
0xccba0b2bc4babe4cbfb6bd2f1edc2a9e86b7845f,130,31,99
0x620b70123fb810f6c653da7644b5dd0b6312e4d8,318,159,159
0x9984bd85adfef02cea2c28819af81a6d17a3cb96,103,13,90
0x90b3832e2f2ade2fe382a911805b6933c056d6ed,84,16,68
0xf8a35605a1317e666b4945c9e452e93c5f044673,400,400,0
0xed595cfd58d32bb9d200aab5b9afd9dbdebdf9f4,159,2,157
0xe80c0cd204d654cebe8dd64a4857cab6be8345a3,119,1,118
0x7c2e2ab0c04b3f0ec882ceb41462e8c998f11a65,147,6,141
0x6a4c76874e686a7d080d173987a35a9c48905583,62,62,0
0x5c8c8d560048f34e5f7f8ad71f2f81a89dbd273e,96,1,95
0x48783486ddd7fa85eca6b0c4ae8920bc25dfbcd7,193,125,68
0xca21d4228cdcc68d4e23807e5e370c07577dd152,417,259,158
0xf0644db6d05217f8b8bb7ae9040706cdaf464ba9,79,14,65
0x9fb256ef5465b33a766ece2f319c178376f6bbf8,63,63,0
0xc481a850aead5002598b7ed355cbb3349c148072,52,26,26
0x09f717f77b5e7f2d2f37604fec3d0e3d53eb9808,115,19,96
0x12d7b28a055621f4ba0c146d1728082ecf1b9390,31,31,0
0x84f6c4b892547a6acee98a3954bc2089f97c43f3,97,8,89
0x56a86d648c435dc707c8405b78e2ae8eb4e60ba4,101,3,98
0xf7686cf0d88b3c1b474ec76735b4e94a0c3a28f3,340,94,246
0xd0a69fd9da28840603fbd76a8a0bccf0adb979e8,166,5,161
0xd62899a44ddd9c57a5320d86c421123f8ec4c6bf,152,33,119
0x2ab6bb8408ca3199b8fa6c92d5b455f820af03c4,198,182,16
0xe6602b34d8510b033e000975b3322537c7172441,78,75,3
0xe0d68717eec8b702ca795098bf5997e178c125ba,23,0,23
0x69e58172575de6ff336adb116a820b2d9a347a32,44,1,43
0xc723302d2c00e37814dde01e9d3cfb336705bf21,27,0,27
0x4b3406a41399c7fd2ba65cbc93697ad9e7ea61e5,139,23,116
0x475d7e48d967b0974c2a93cbeff194f8777eca28,19,0,19
0x6f1eea7a85b0773abb2b3adf536b0225d2092f22,107,7,100
0xc191eedd88c236180e69f62c1a41c1240355f5e4,72,72,0
0x40803cea2b2a32bda1be61d3604af6a814e70976,54,54,0
0x8bb186371d019a190e4fc01584dd164ae10063a8,106,1,105
0xfdaf1168cafc74ca359b3184860dcf37fa147cd6,67,0,67
0xbccc669cb89041aafc7834cc7a07c8d94b697791,167,0,167
0x3ec8798b81485a254928b70cda1cf0a2bb0b74d7,80,79,1
0x075b6eb71ccf661c47bf23c287132b2f68990efe,33,1,32
0xfee8d0abe3b894b4242f667251be353ed57845da,31,0,31
0x40eb746dee876ac1e78697b7ca85142d178a1fc8,75,2,73
0x7f4dd825f2e9cb89ae1091134c65356ba36dd50e,66,1,65
0x95cdb0fbf3ccadabba38acc921a9b2381329f727,96,0,96
0x04957b201cfa512b1e1d8e56b12a84c4e59fbe47,66,8,58
0x0f7f961648ae6db43c75663ac7e5414eb79b5704,239,234,5
0xffa397285ce46fb78c588a9e993286aac68c37cd,56,0,56
0xc05a4ed46ef5b0678d56fff5a877b4b6b32077bb,41,8,33
0x00f78120e8d1cb03f87be37f096d6f726f469aa4,21,2,19
0x53d917d66ecfec3ef379434b0ad481e4ddedcf66,93,1,92
0xddb3422497e61e13543bea06989c0789117555c5,360,283,77
0x54d59c4596c7ea66fd62188ba1e16db39e6f5472,216,0,216
0x34f08f2a3f4a86531e9c4139fde571a62689afec,115,27,88
0xfeb56aaf59f8c17300f4d8306365a491b05b6602,129,18,111
0x7d1381587af48d1a90d3bd5089119b5844c913ba,31,1,30
0x412acad86ffa3b287c1043ab4e56f7c4a6a9e385,173,2,171
0x20ec51ce2b1fd7425521d6e916cafe9a0a91cef5,124,19,105
0x5b4e9a810321e168989802474f689269ec442681,98,26,72
0x90efb5f0dae691ac3b19fcd229b3843414046142,81,2,79
0x27c08eedbf56fb51ac5d13727d1c9476e2b5cd7b,22,22,0
0x54f7a006bcb479b85a8d1f969056234eff1c18d8,23,14,9
0x1e9d0bb190ac34492aa11b80d28c1c86487a341f,153,3,150
0xfef4185594457050cc9c23980d301908fe057bb1,191,3,188
0xd7a75a1b17dd9552bf62e438c58bb048a5ae085e,34,26,8
0x1338b785ce4d54677cde509931af4b37a5f3d17d,94,13,81
0x4691b302c37b53c68093f1f5490711d3b0cd2b9c,210,17,193
0xec6963b0ce0e83d58aceb4818ecf9f3b4128450e,118,31,87
0x311eb72906c65d1b11432e9ec862a084a9b397d4,204,5,199
0x7b7dad77e4090160f9cb6ba57a5a774c12d4c28a,205,51,154
0xfa7af64fb565483df3015ccc500263b114b587e1,23,0,23
0x6c4648aad676e2dda78c1c58b888b13bebf428b5,32,2,30
0xeb58343b36c7528f23caae63a150240241310049,321,4,317
0x22b6c31c2beb8f2d0d5373146eed41ab9ede3caf,93,91,2
0x9f3d62a6e0ba8259d91b6bc5275420b979165d03,28,0,28
0xed4064f376cb8d68f770fb1ff088a3d0f3ff5c4d,36,36,0
0x255aa6df07540cb5d3d297f0d0d4d84cb52bc8e6,373,373,0
0xe25c43b59c04030bd9bb393f77d9f7da1bdb73b9,117,3,114
0x569ae11686f1a6b3182224f6b041f50d4eb758e4,20,2,18
0x7ca4408137eb639570f8e647d9bd7b7e8717514a,168,111,57
0xea26c4ac16d4a5a106820bc8aee85fd0b7b2b664,394,387,7
0x7ad403dfdb0125bd941c3a29801051f89681e9bf,52,0,52
0xaf9f549774ecedbd0966c52f250acc548d3f36e5,240,222,18
0x616a549dac470585d32a119649039f2e09c2098e,63,0,63
0x7b4328c127b85369d9f82ca0503b000d09cf9180,158,20,138
0x01a1f73b1f4726eb6eb189ffa5cbb91af8e14025,123,35,88
0x1b61b3c844a8e986ae75448857fac881208a1e5e,33,16,17
0x494715b2a3c75dadd24929835b658a1c19bd4552,63,3,60
0x566309d3523a216287bfb39c6b6bbb3a504ef5f0,58,58,0
0x837d420bbb100a12d8483b3cb5a7291261bfe710,64,1,63
0xeb4c5ab9b36437f969888be99af42fc9087005a5,54,54,0
0x2781b28934943f51a8a08375d6f95e0208d7150e,25,0,25
0x38333e00484e410b5d4e93b3b433885d12d76e86,226,8,218
0xb4ebc2c371182deea04b2264b9ff5ac4f0159c69,239,1,238
0x038bb7cd980a0803cb74f2fc9620981f846ae7b1,37,3,34
0x85122a589fc2a92cbe6c6606e2b6661fedfa67ee,54,0,54
0x9e8a92f833c0ae4842574ce9cc0ef4c7300ddb12,329,0,329
0x0a1e21c169ff261fe6f370068a4f71c25f096a55,376,0,376
0x858aa6f8e7a344b6bd6879a4517d36e22cc92555,178,32,146
0x55e0f7a3bb39a28bd7bcc458e04b3cf00ad3219e,90,1,89
0x1e845fba4bb4437558707c5bf005246874736f7b,195,0,195
0x47da5456bc2e1ce391b645ce80f2e97192e4976a,172,62,110
0x3adf71d5fbb59e32730ceb8e6605af958a204e6b,220,15,205
0xab2a7b5876d707e0126b3a75ef7781c77c8877ee,47,2,45
0x91094bc91e7a3b86a69980433d0bee55a1d6cbb3,199,58,141
0x3ae3f7558f19690f75eb8a93938c99f1f1f379d5,181,1,180
0xc5b3d3231001a776123194cf1290068e8b0c783b,89,43,46
0x5bddbfdc228e1bbdb9ef5ca1dc56b54c4d6d6621,195,2,193
0x71eb5c179ceb640160853144cbb8df5bd24ab5cc,78,21,57
0x12f649a9e821f90bb143089a6e56846945892ffb,222,215,7
0x4a527d8fc13c5203ab24ba0944f4cb14658d1db6,361,350,11
0xc5ae96ef99832e0cb8409877f47fbfed97004b79,165,18,147
0xbba39fd2935d5769116ce38d46a71bde9cf03099,76,39,37
0xb8e8fa84a25321ed11ad5f054d24b3bb0722ce9b,97,17,80
0xd692ced124a474f051f9744a301c26d1017b3d54,137,35,102
0xc24a365a870821eb83fd216c9596edd89479d8d7,187,44,143
0xf1a91c7d44768070f711c68f33a7ca25c8d30268,139,4,135
0x10be9a8dae441d276a5027936c3aaded2d82bc15,159,3,156
0x26524e35e44e265eb181c7ba6ec084983181aae3,47,22,25
0xf148438326e50ec1c703cb8fc946a6b5a7884e98,105,3,102
0xd49eccf40689095ad9e8334d8407f037e2cf5e42,72,27,45
0x7c5d5100b339fe7d995a893af6cb496b9474373c,92,92,0
0x2217e5921b7edfb4bb193a6228459974010d2198,69,1,68
0x1e4ede388cbc9f4b5c79681b7f94d36a11abebc9,185,164,21
0xcc94faf235cc5d3bf4bed3a30db5984306c86abc,68,44,24
0xbbcd93a1809239e3a4beb1b02fa6f8a83f7000b2,169,0,169
0x7767ead2f1b4b214ceca6b93f4cb21f61dda8010,35,0,35
0x5fce9fc9b5d62af082a59d0823a062f7529efa5a,254,1,253
0xf54cc94f1f2f5de012b6aa51f1e7ebdc43ef5afc,183,47,136
0xa0c38108bbb0f5f2fb46a2019d7314cce38f3f22,287,6,281
0xcc758086e13e99c0e75bbe3bcbe39c4199258381,132,19,113
0x38e6b922545cd931030ad7fb4c00409a04b213c4,29,3,26
0x4961db588dd962abb20927aa38fa33e5225b3be2,109,4,105
0x164afe96912099543bc2c48bb9358a095db8e784,18,10,8
0x08a52b2055ad666240a9491a1dd375b4b34104a9,62,23,39
0x0ff1f3a53f521d74af73fe7433abf802f91ddd4e,100,0,100
0xb7ac861e409fb56274919ab8f202e9b3dcc22374,75,3,72
0xa1faa113cbe53436df28ff0aee54275c13b40975,260,6,254
0x638b496de69f117da030b5935c0c2a278bc36c3d,120,19,101
0x9f8eef61b1ad834b44c089dbf33eb854746a6bf9,65,1,64
0xcd1faff6e578fa5cac469d2418c95671ba1a62fe,108,80,28
0x9695e0114e12c0d3a3636fab5a18e6b737529023,129,3,126
0xada86b1b313d1d5267e3fc0bb303f0a2b66d0ea7,163,1,162
0xfb28293c75296e10dfde194f3da9a99c29b9fa3e,39,0,39
0x435ce588a7d5ec64eed87c5c9cd0e60050de3d55,41,14,27
0xe529b502fec3ff0ea86fe63da505ec62fdf4f387,40,1,39
0x198478f870d97d62d640368d111b979d7ca3c38f,209,41,168
0xbd091f143ee754f1d755494441aee781d918cb93,63,2,61
0x7413cb703c754b6c5951da49c85ab2f3ddb6792a,4,4,0
0x960bf873da3e1f06a65905456122d6f9d9868648,150,18,132
0xed6c62794e4ed3dec82d00c7ca58ae9512b13eb1,77,17,60
0xa8005fb2278e7b34f4d25ec1d8308690711dfd3b,104,9,95
0xa142c94656fc57b4a8aa725341a2b496df375da7,182,27,155
0x8652168693827ff341f2ad5ad9a091f2a975710a,467,2,465
0xd49ae67a8354b7eb96b9534be2fda66dea801885,133,0,133
0x33825285eb66c11237cc68cc182c1e9bf01ba00b,121,13,108
0x8a14897ea5f668f36671678593fae44ae23b39fb,46,3,43
0x0aa9d1c726acbfa1ef8683a6b105ef46c5889a7c,26,18,8
0x1a42fe0bd339cefecb36cc1cf407a6375d7a6954,24,5,19
0xfa7f908fa4ab3b66487c0341f057b265edb845af,31,25,6
0x0000000de40dfa9b17854cbc7869d80f9f98d823,88,5,83
0x67283ee31ea17bb03d958c0386155e6665de5fbf,21,10,11
0xe196223704def1e8e64d3e0aad3d45b18f313ba2,68,9,59
0x8de878b9b29bfbb33eec346965194a37a83b45b1,234,13,221
0x54522da62a15225c95b01bd61ff58b866c50471f,335,1,334
0xfee5f54e1070e7ed31be341e0a5b1e847f6a84ab,59,7,52
0x6911f552842236bd9e8ea8ddbb3fb414e2c5fa9d,145,70,75
0xe38359d5fc91c203fe033982b305a52573b85949,142,14,128
0x8af5fedc0f263841c18f31d9dbcc97a47e1ab462,166,1,165
0x2ab53acee8410c92b0d6878a69d063dccf556ec9,401,4,397
0x0c90c57aaf95a3a87eadda6ec3974c99d786511f,75,4,71
0xb6bd46621c3085b7882937a84016be949b6fdd8c,171,31,140
0x0ab185f6f9e8e3fabde5d8e144a800f6b1882a82,341,7,334
0x016cb05fe18c0960a605a3a25320439c20824aac,26,2,24
0x14da230d6726c50f759bc1838717f8ce6373509c,161,157,4
0x65f53a8b88cdace856a2b1813f05f3e876e4f36f,193,62,131
0xaaef88cea01475125522e117bfe45cf32044e238,124,21,103
0x97d94ee89d24b02a1c05941ef32fcb83bbb04dd9,97,8,89
0x88acdd2a6425c3faae4bc9650fd7e27e0bebb7ab,428,3,425
0x618e75ac90b12c6049ba3b27f5d5f8651b0037f6,260,249,11
0x8e83a9ebc6954cc8182d9b9abc711c601905ac2d,38,38,0
0xaebbd7b2eb03f84126f6849753b809755d7532f9,105,102,3
0xa904f27b1de7e82ba587677ee1f5af0ad0a8c79a,243,0,243
0xd8cc0efbd1c7b0be32b5f4b3613ff3cc4d2af5f2,192,0,192
0x68037790a0229e9ce6eaa8a99ea92964106c4703,115,3,112
0xa3bed4e1c75d00fa6f4e5e6922db7261b5e9acd2,241,3,238
0x4a9f00de5d8a244944313faee23849ff725e680d,85,85,0
0x11095f3f213f88c149f7f8cc00e2b036a079ffff,54,2,52
0x23c5b6cf81d93068faad0b50dc609c8473355ede,60,0,60
0x19350eb381ab2f88d274e740bd062ab5ff15542e,16,6,10
0x7104ac4abcecf1680f933b04c214b0c491d43ecc,143,131,12
0x22b1cbb8d98a01a3b71d034bb899775a76eb1cc2,282,0,282
0x98257c876ace5009e7b97843f8c71b3ae795c71e,328,2,326
0x98f884cb9af48f94da68203cbf80acfbf17ee300,43,0,43
0x038bb98cf983b043d9a8114ed7c45475b7a6f94b,95,3,92
0xc8aee6151a7f775fc4d5be23c9d4452828240e42,27,2,25
0xd10ef2a513cee0db54e959ef16cac711470b62cf,141,0,141
0x074c532b1659bc47065a6c4e784f8965971c3e7c,73,3,70
0xdfa5aea0d5d591f418dfb4116fc9c04643825bba,30,10,20
0x75e9abc7e69fc46177d2f3538c0b92d89054ec91,129,19,110
0xd1bb5afc41bf57a04e5729f7bf9276e8f300b417,92,3,89
0x7deda0afe6df3da6a85a87b371f8b464c30c6803,113,9,104
0x4a44be08516b2a10a99e92bc31f4e924d0ed2fb5,54,4,50
0x53530d8094ba4b8382d570746539c952c54ea240,42,7,35
0x537b9af55dadcad9d22309e5b8ce35cffd8c1925,156,0,156
0xf7d90652b8d267a6e011fe629dafe1e3719917a9,159,113,46
0x5650ca3f0289c762f83dde1894faa9b6d0d89798,390,101,289
0xb711bac062f74c5c6d4a2cb55639a270881a12ee,51,1,50
0x37fc4b48ce93469dbea9918468993c735049642a,60,9,51
0x07cd221b2fe54094277a2f4e1c1bc6df14e63678,219,2,217
0x71cc8b0ce35bee7467f7162ba201965bb10dfe68,105,21,84
0x0ff10e92c5f3d97439c42fec37d3f84de97d7790,98,9,89
0xf487f4102adecd1d24b63c66b5dc5ed3718f7a0a,303,60,243
0x9440e5e537b730d138a6d6392eb29d0245150e8f,36,8,28
0x51f96a7fcf1d81c1c634d00bcbdb4648f6504ef4,197,14,183
0x21ad647b8f4fe333212e735bfc1f36b4941e6ad2,45,24,21
0x090d32fe14dda07d820d54c0514a351725a8fc1a,74,3,71
0xc0cb97a0e22e9c14fb0b39da6cf6ccdab8078fa9,154,2,152
0x9b00e6e8d787b13756eb919786c9745054db64f9,104,1,103
0x9f1f2696f4e8f138c1cc92361960665cb2d4617e,100,0,100
0x60d9b4f9d85695274a5777537f204675082bd745,230,31,199
0xb46e200071db640dbb2a72991248a50061cbb9b8,56,5,51
0x2af743179e9d464c9bd687e90bc18f5ea146950f,272,3,269
0x87d598064c736dd0c712d329afcfaa0ccc1921a1,203,203,0
0x8752ec7703079b90184c03bbbc075d2e4787bd05,190,1,189
0x719d06f171f4979e1be5b3d6997033f177c34e46,18,0,18
0x2278e3d96387b46ccdd4f48db740f8f5f1b17cba,26,1,25
0x0219379399b46f898a11775a6fc7bbe6de55f7a1,102,31,71
0xace8a2d0f41702161d8363eddae981e844c35c6e,182,10,172
0x0a76dcd25c9edba6639d2b3f77f8ad522622f548,124,20,104
0x43e9103650ea0462afecf35b6b46b745a4eb4fab,82,16,66
0xe5884fb34d47482e1ffd89f928c6985253f3eb5d,90,2,88
0xaf1250fa68d7decd34fd75de8742bc03b29bd58e,306,208,98
0x9d0b65a76274645b29e4cc41b8f23081fa09f4a3,81,4,77
0x2a8bf7cb9b8970ddae479a2d3c66459145c38d3c,73,0,73
0x70732c08fb6dbb06a64bf619c816c22aed12267a,350,0,350
0x9205c049c231dda51bace0ba569f047e3e1e9979,206,206,0
0xb1469271ff094d7fb2710b0a69a80a01ec5dbf24,135,2,133
0x327682779bab2bf4d1337e8974ab9de8275a7ca8,232,180,52
0x90ca8a3eb2574f937f514749ce619fdcca187d45,251,32,219
0x741dd3e9f762d40571302f6e1bf9b794ffb7058f,20,1,19
0xc67ded0ec78b849e17771b2e8a7e303b4dad6dd4,142,0,142
0x0bb217e40f8a5cb79adf04e1aab60e5abd0dfc1e,270,270,0
0x44c01e5e4216f3162538914d9c7f5e6a0d87820e,302,2,300
0xba4698cbaa15f124316fdfbe871fa4df4fd6f3c1,43,21,22
0x1d3ada5856b14d9df178ea5cab137d436dc55f1d,401,28,373
0x39643e01ca914cc147828910550a74bd1c676a5b,316,202,114
0xdfb3209a77afaa7cec3745d1c68ec617f3803326,26,0,26
0x53fd2342b43ecd24aef1535bc3797f509616ce8c,51,2,49
0x26baebef64ba69705adff49d3c10bf8ed5fe1573,279,12,267
0x0dd5a35fe4cd65fe7928c7b923902b43d6ea29e7,405,0,405
0x2030881f8d1b26428360b200c76e8516bd0d9b9b,127,0,127
0x000c100050e98c91f9114fa5dd75ce6869bf4f53,361,192,169
0xbe6e3669464e7db1e1528212f0bff5039461cb82,186,3,183
0x90390b630afe8f86dcb9199ba847736ffd450ec1,208,2,206
0x4524c943c2dd99775adf427577c2c7b09d22b865,61,0,61
0x674d37ac70e3a946b4a3eb85eeadf3a75407ee41,450,1,449
0x08c32b0726c5684024ea6e141c50ade9690bbdcc,130,14,116
0xe5983a97adb1cd238c552c6b43a9f788fdeeea4b,27,2,25
0xcc57b5937d25f193d396bfbd8e95b8e5ef1be3c3,153,5,148
0x1f8483664620ff1278f4c1b0d11e4d7daa11a035,109,17,92
0xfc74fd0f2c7ead04f1e5e9fd82aef55620710d7c,41,4,37
0x0ce0b6585564a5e790476b80d567b257cb708e18,189,0,189
0xbd356a39bff2cada8e9248532dd879147221cf76,185,2,183
0xc051aab77edf25119b1a37740636ddbfb803c4e5,173,3,170
0x15526af86721e8265139e4f3d759c343ac1d53ce,72,6,66
0x9e46a38f5daabe8683e10793b06749eef7d733d1,232,231,1
0xc719d010b63e5bbf2c0551872cd5316ed26acd83,248,245,3
0x155b25c0014080deff72d382ce1dc49163ab9fc8,173,9,164
0x416de360946ecabb4665781cae3417a1d0c90690,284,6,278
0xdad40fcd5e9b2b4866c9f75fa4120eedbf1035b0,39,0,39
0x0b569fa433faa7f01f3ea880193de38044b41de0,87,1,86
0x05218d1744caf09190f72333f9167ce12d18af5c,104,6,98
0xbb97e381f1d1e94ffa2a5844f6875e6146981009,268,28,240
0x0b42c04305ffd4b1aaf9942af59820aefccd57b8,393,38,355
0x109a81f1e0a35d4c1d0cae8acc6597cd54b47bc6,103,1,102
0x5aeb2a703323f69b20f397bcb7b38610ec37237b,485,22,463
0x54f456b544abfb785694400bcb1d85629b2d437f,46,14,32
0x2b867efd2de4ad2b583ca0cb3df9c4040ef4d329,71,65,6
