addr,total,success,fail
0x377a825a415a6ee3fdf3c65d80b26e9279650bef,93,61,32
0x16e5b9e85c438f743c7c4a858c2bfc24c637d184,50,13,37
0x4bfa68447af291cb1734341d6fb8e6f3936f2d4e,25,23,2
0x43dfc4159d86f3a37a5a4b3d4580b888ad7d4ddd,263,99,164
0x1afef6b252cc35ec061efe6a9676c90915a73f18,261,92,169
0xb80a9006695ff06ac0e6c83e5b4bdeb1c4cd339f,190,148,42
0xb5643598496b159263c67bd0d25728713f5aad04,297,295,2
0xf7ae26f1bf3c2312a4cf42246f947a4be25eef92,101,48,53
0x0c5d72bd20c3f0eb533c920adf526b24409ada59,67,56,11
0xed04915c23f00a313a544955524eb7dbd823143d,202,74,128
0x4a222dad7a191f0fa8c1b9b4ce3ec1fe714bd709,93,74,19
0x77f649385ca963859693c3d3299d36dfc7324eb9,404,29,375
0xe02f11277cfa84c696370c097c51848c6a6523b3,124,0,124
0xcdb1f816e17f2096cd28f6fe5c8b8450a9bf250f,64,35,29
0x0612dbc8671270768a10d1f6d5d988fc4ff23a1b,43,7,36
0x79e0f1936b3f15a9e8dd514a3ec01034c0d9fcc6,120,75,45
0x5db69b9f173f9d9fa91b7cdcc4dc9939c0499cfe,89,70,19
0x6d4e70f49d030a92005c9a00105c7fa1626f41dc,171,138,33
0xd64a6f3c0bc12a619ff7eef511b0258da913c5c3,39,39,0
0xfb67b3868d5fdcae0e93f254e50c4ac552eae270,63,41,22
0xd6c037be7fa60587e174db7a6710f7635d2971e7,178,178,0
0xe15715d6dbbc7227b2f6b0f044c3b4978676d48f,93,33,60
0x9e8bfe46f9af27c5ea5c9c72b86d71bb86953a0c,65,23,42
0x6b81ba5272639267a9fdc087d91f005f5f36372f,270,13,257
0xaf691508ba57d416f895e32a1616da1024e882d2,83,3,80
0xb487a91382cd66076fc4c1af4d7d8ce7f929a9ba,280,91,189
0x37e83a94c6b1bdb816b59ac71dd02cf154d8111f,44,44,0
0x854df744630c51c782db5c992c621183d9c654cc,83,67,16
0xf8d4fef9af82de6e57f6aabafd49ff9730242d75,186,136,50
0x22de9912cd3d74953b1cd1f250b825133cc2c1b3,185,185,0
0xb4312305beefb7caef11432e74bcd5d9ebcdd992,379,23,356
0xaae22935ab089ca7cbae330eed96dbef8dbc900a,93,23,70
0xacfb15867d46f9f3784dd1de693ee72f0e3400ab,49,49,0
0xeed92eeb420fc2d512bc9db6caeb52f828aad226,29,22,7
0x66293a9b1339ca99623e82bc71f88d767f60ad21,225,6,219
0xf5cfbc74057c610c8ef151a439252680ac68c6dc,75,3,72
0x85865a86502ffb25a1cb3bbac809d814feb614e9,46,46,0
0xc0a4df35568f116c370e6a6a6022ceb908eeddac,55,55,0
0x9f7bb54da72c6fa94653c923aa5b31e22703ed53,143,63,80
0xe9a4f318b12c890ca93b1da0140394030672b0ad,93,56,37
0x8e44ebb62ef1d1191eda8e5f1cb2ffc279182c5b,138,23,115
0x68cf439ba5d2897524091ef81cb0a3d1f56e5500,81,50,31
0xcb86c6a22cb56b6cf40cafedb06ba0df188a416e,91,91,0
0xc07a150ecadf2cc352f5586396e344a6b17625eb,86,18,68
0x3d0f6eff617395d839bf137d0cfc0ea11c696327,239,193,46
0xf66cd2f8755a21d3c8683a10269f795c0532dd58,66,66,0
0x7037843d739d846cdce3a6839a80f7d70b60b99a,71,29,42
0x430bb202bef7a2d067cd3851b681edfa78d04ee2,439,8,431
0x25c5515918f4281ef3efbd91a56e4700ab8cf893,111,14,97
0xac0e8b91745ac44a6b19e4039cd6f297ef7e2744,193,169,24
0x11e7e09c331b711766cd7ecbaa3c64803a358be8,252,235,17
0xe1f2735c41505a4a191e5eb6a4c10af886603c43,44,39,5
0x1cf16b52e5d2484a2464fe21c96145e0f04dfcec,194,81,113
0xd4dd6074a4614b7f9bdfc721add6412a9d93005f,72,33,39
0x2fc722c1c77170a61f17962cc4d039692f033b43,104,68,36
0x1add12d3adcd09a474cd81df29cf57604123e899,47,43,4
0xdd014255c8f8cb12e87db2bae51f9f98b32ad13d,58,28,30
0xee4458e052b533b1aabd493b5f8c4d85d7b263dc,222,155,67
0xfbd9e55571dc343a731917cc2a7479025ad348e6,21,13,8
0x08ba8cbbefa64aaf9df25e57fe3f15ecc277af74,118,40,78
0xe4bb272ad26a05318009f7f769eb4d6fd24effb5,87,78,9
0x02aa731631c6d7f8241d74f906f5b51724ab98f8,294,33,261
0x584292974026978586c3007b5a15b69118130bbb,279,22,257
0x9c9502eac5781513405bab0345ba6cbb7e4756c5,26,26,0
0x9db76501e0e433851f9b4a907c449576a6155545,77,76,1
0xc02392336420bb54ce2da8a8aa4b118f2dceeb04,252,7,245
0xdd43bc8a9116f0ab39ea5fc0b61f2521b7c23e28,323,5,318
0x2c974b2d0ba1716e644c1fc59982a89ddd2ff724,364,115,249
0x7d8820fa92eb1584636f4f5b8515b5476b75171a,193,92,101
0x5b322514ff727253292637d9054301600c2c81e8,108,15,93
0xabe580e7ee158da464b51ee1a83ac0289622e6be,166,82,84
0x6250b989ecf7cb82c7892e1cea604ed813423635,131,131,0
0xd4f40de30ce845ce6cd3ea495c9c2e4f04a2f608,219,193,26
0xe7445f91479966e7c484dbb87e46bc0c15827617,25,25,0
0xe5b30a6525beee36781c221e0d8aa5a7aa4b9add,82,47,35
0x17e8429cc6785f5c1597e710dfb748c7bee1c21e,199,192,7
0x7e01efef66ae365f3b8c0fc48d6d400bbfbee24f,43,42,1
0x2106c00ac7da0a3430ae667879139e832307aeaa,208,153,55
0xe7574b5b209d90eb04361da02bc2238f166ec985,231,90,141
0xdccc916bf4a0186065f4d1e5b94176f4d17b8c42,114,27,87
0xc68c9c5fa14f718b39a6d836b8870fadde4f2aa5,191,76,115
0xdab1d2ffb0fc22c9dde2c4474220c50164ff124c,145,134,11
0xd8d1c0f8d67826eeda85d46e86c5750681f04af4,32,19,13
0x0e3d26a95ecb40778f43f28abe110c17673b89de,280,244,36
0xb3165abdfeb0a3779264aac5c71b81b1b9a4b705,182,2,180
0x97308738335a42e9b67fdbb1d0c0f92158cbf75a,82,69,13
0xa048c212449c68eaaf866309c1202db7ab512c5c,63,44,19
0xdaf2760578f4bcc52b1f451b5b8b04d3dc49c9fb,277,85,192
0xc94f2ad944c0c2f456d051010d5f0e69a4a33043,84,18,66
0x3e54b6c7610a734a83f3542f5b5f9ca2dc6fae48,119,64,55
0xeb4db2c0899841a466fb1e5bb2b13b1041b22406,51,51,0
0xff7caa55f41fea41be8d2bcb1b4cc734d24162cc,70,65,5
0x64195bab73c76fdb059f667116b3c1d49dafdabe,455,392,63
0x8e1ede0f23091a7b7daecfc259d7e411e9b96097,32,32,0
0xace669531365ec127c308d89fe0b5d531d04cd52,77,77,0
0x2781246fe707bb15cee3e5ea354e2154a2877b16,171,37,134
0x10010078a54396f62c96df8532dc2b4847d47ed3,52,33,19
0xd487892bb4c57edbe7ab401d9fe801c8fe6473f5,70,18,52
0x787cf4212e8840dac775b496ef7e2c06f717e779,293,285,8
0x4d68ce90c48fbe79bba500f99d0df8f5050ce7df,61,58,3
0x8b27a351690e62b623a7630c5294e7dac5371723,223,214,9
0x6b6d2a08c61ce400cad6ebd711a0fe65519412c5,99,74,25
0x31fdd1c6607f47c14a2821f599211c67ac20fa96,71,15,56
0x01379a8c67466af8ce0cf1f99c3d8208b2a3af23,144,72,72
0x7357dc2f2b6b51c8e2c7efc728002a499d503c17,202,179,23
0x97872eafd79940c7b24f7bcc1eadb1457347adc9,90,3,87
0x38c5699625c10b309dc6bb18be9c458d19b43d3a,76,61,15
0xef16dfd16bd9de7ffb95fbe69073fe38688a7f8e,27,27,0
0x82b6fe968f6262d7c8914275d58759de9b61f676,228,228,0
0x413d4f3e116bc364e4799f2e7137029c41563cd5,258,226,32
0xa3e53fe692eeda3502cf5ccfd8a535e1f93d23dd,60,6,54
0x165a2ed732eb15b54b5e8c057cbce6251370d6e8,246,118,128
0x19b86299c21505cdf59ce63740b240a9c822b5e4,311,177,134
0xad22f63404f7305e4713ccbd4f296f34770513f4,268,109,159
0xa18c3352be081c47abd207b0361c09b74223a1fe,12,4,8
0x92057ed615ef0f302a94ae58406303f7e6827f45,381,47,334
0xaaf6ee66a7480c505fe93dcf253c586b0b7e1340,86,65,21
0xbc0e0c1468aa9d80c0ddda8ca63de3798b4d8b93,129,95,34
0xaa462106da447c0440a4be29614c19387a59a331,197,181,16
0x03b8d129a8f6dc62a797b59aa5eebb11ad63dada,233,222,11
0x17f5655c7d834e4772171f30e7315bbc3221f1ee,78,27,51
0xb0f466cc45dc73d0a6ea889c63390aeea7b6dcc5,83,28,55
0x5c76ad4764a4607cd57644faa937a8ca16729e39,428,36,392
0x999e88075692bcee3dbc07e7e64cd32f39a1d3ab,126,59,67
0x2013ff029f9d3d31169f4fdc673c8b9fa0ce1fbd,97,95,2
0x86232df6947a1c3ed3c7a31ec6be3c43b3234ab1,77,48,29
0x0a44a0c1a7547de1a38602c4d8d2ba8e6869412f,58,47,11
0x7ddc52c4de30e94be3a6a0a2b259b2850f421989,130,50,80
0x37784637e421ea5abc9f3917d65d0257a1ea2d0a,27,25,2
0x92e4ae1b2700d3033e5bb7cab10bee66e4a91045,233,233,0
0x33a39af0f83e9d46a055e6eebde3296d26d916f4,127,84,43
0x4078f1fcc6d4b20d905a87ac18f533ff5e76863e,59,36,23
0x1afb69dbc9f54d08dab1bd3436f8da1af819e647,43,7,36
0x3bcf909d564bdac5d7ead28a99664643aabe961a,27,27,0
0xeecd1c042c378676ee1985dd66481b2589a809f9,119,74,45
0x9a534628b4062e123ce7ee2222ec20b86e16ca8f,277,77,200
0x01cecf7a8f0095fa622ff03d714fd2244548da35,69,68,1
0xc9fba54b933fabec28ee4da7401f79be973e67f2,31,30,1
0x245cd9bab50a79bab89443cc005c6bf7892cef4c,34,17,17
0x3491ead95de2f4a945c2ead3c3afe7747f2ae373,57,29,28
0xff44b5719f0b77a9951636fc5e69d3a1fc9e7d73,132,24,108
0xb9e971c00b1257d0f6d67eff37f4a46e1ab6bf24,191,91,100
0xff062471eaf07b50fc1b77e61787301867610f80,450,16,434
0xa55d9ef16af921b70fed1421c1d298ca5a3a18f1,45,1,44
0x31429d1856ad1377a8a0079410b297e1a9e214c2,104,83,21
0x8392f6669292fa56123f71949b52d883ae57e225,456,456,0
0x1f5a49a1a349ad8b5f7ee4cb02982d9cf3f4df01,46,35,11
0xf36b9dd2df416fde94a0f890dd1ebbd4a7cb72fa,45,19,26
0x33c6eec1723b12c46732f7ab41398de45641fa42,172,172,0
0x84c722e6f1363e8d5c6db3ea600bef9a006da824,94,16,78
0x438626ba0a4776cf5d27581bdfb03b9633dc0a92,258,35,223
0x5c9acf5e538a31b78017715652c21d1f7f1d41d1,13,8,5
0xfd5a48faf70433437079ec4da290556b187732c7,31,31,0
0xda30f261a962d5aae94c9ecd170544600d193766,26,0,26
0xcc2cd1b8e6298144fd7e86c168d1639c45157126,31,25,6
0xc4df6018f90f91bad7e24f89279305715b3a276f,202,152,50
0xb9ef770b6a5e12e45983c5d80545258aa38f3b78,269,118,151
0x7f0693074f8064cfbcf9fa6e5a3fa0e4f58ccccf,49,49,0
0xeff3f1b9400d6d0f1e8805bdde592f61535f5ecd,63,5,58
0x06fcbf38e823efc1e609b9491aab546334c6ee69,96,56,40
0x81c52ab803ce1bb18d78aee52a467df8e6458047,65,50,15
0x7dfb72a2aad08c937706f21421b15bfc34cba9ca,71,19,52
0xdde48aa5aba12ff91b8d6baadaa5060768ac314f,27,8,19
0x96af517c414b3726c1b2ecc744ebf9d292dcbf60,420,98,322
0xc8d2bf842b9f0b601043fb4fd5f23d22b9483911,192,156,36
0x22e211034214edeab1d21ba50a85a43ab70e2728,57,46,11
0xff80bd43e3f0e414afc70cb8ac1d3f0e6a303a2f,89,49,40
0x21a961f46d40085094a7d0e729c99141e68969eb,44,22,22
0xd123145184749704eeb9510fef69cd58e417e841,425,11,414
0x8dc7b6ec6fafa36085ee9ec8e39112428d3360aa,442,117,325
0x0df49ce5a655b53118824c7ad4988da4fe9035f5,293,293,0
0x5b31b8ca1770cf1f817146b4cd2078bf8629bf8a,26,26,0
0xc9da65931abf0ed1b74ce5ad8c041c4220940368,33,33,0
0x80d4914685ba4bca07a995bb160a8fc4cd4de5b6,200,125,75
0x19b08c0c1e103b9525a760913e94bc0811117891,66,23,43
0xbe50283a23cf952e78272d41adcf7ffad711b637,36,14,22
0x2322b56ae00a53092e2688ab038881a0c0cf00a3,245,26,219
0x982a5a3f6abfd179b3f7649af37942235a90935f,353,309,44
0x1f0ad1f5280adf7ad971c0f911cc1f7a882033c5,90,42,48
0xd478161c952357f05f0292b56012cd8457f1cfbf,210,103,107
0xa5bb0df45740380e366878028f09258d3dbe60b2,278,13,265
0xcd3261befea8ce3daabdc9f98c6fe1df4abd69a8,115,89,26
0x39317b8a1ae06c30bb615d88cdc5522781499f1c,78,59,19
0x2aee08c64c832d3d4100bb52169b15b85c4b1a30,23,22,1
0xeba596f75b5b9f42ba75cf05912217134cb0d7c8,178,66,112
0xcd34bd199dd4cc11311ce62123081a83db6b44e2,210,73,137
0x47d748c9babd5cca642f9f98e07442c0b5b04d2f,410,410,0
0x419c4db4b9e25d6db2ad9691ccb832c8d9fda05e,485,175,310
0x532e5efded726c6dde5228f35d805f531c14b0eb,110,9,101
0x652d68c39d3545714d9bf4616f778424a34cf603,137,86,51
0xa51cee4dd9a4e254dd5b8923024de5aab050391d,114,75,39
0x8c9317a16fa01c0227a01e728d3069e0575a8d5c,137,14,123
0x4dfcad285ef39fed84e77edf1b7dbc442565e55e,100,38,62
0xa7e0719a65128b2f6cdbc86096753ff7d5962106,80,29,51
0x398aea1c9ceb7de800284bb399a15e0efe5a9ec2,58,55,3
0x06daf7e34595f9d3260dd5262dca8e3bcfeb39d5,432,290,142
0xe09fde5ae0a90fc86ede741bf5d8d307a372e2fc,51,39,12
0xb0aeb224a915f7bd0460e21f55a213e5f6075523,21,20,1
0x39207d2e2feef178fbda8083914554c59d9f8c00,79,6,73
0x041259e02464cac4b4a8abf89d249ab15daeab73,73,56,17
0x62efd38a5efd7cfdb1c6e1c50f3083af636d1b40,120,56,64
0x23df60c63bf9b5bc78f9328f6b864768a0483cb0,144,144,0
0xd2aad45015090f8d45ad78e456b58dd61fb7cd79,204,58,146
0xfa347ed0f9b0c3607b6531f0559bf28bfc4e3d28,77,70,7
0x1894852504288219fa835af44528571d543958a1,51,25,26
0x38ec27c6f05a169e7ed03132bca7d0cfee93c2c5,81,77,4
0x21381e026ad6d8266244f2a583b35f9e4413fa2a,111,111,0
0xcfe17f8d1bc8c35a55487b917579fa3945ddfe0f,162,18,144
0xf81421fc15300c5a8cca9afe12f5cbad502fa756,95,6,89
0xd2489fd449af786ce6a8c5f52042ef239fac8009,311,267,44
0x88266e58a66cb5b1880814f6bfe5e12b68832b9d,10,10,0
0x7a8ce4beffe38f431a2f12e1a8b7d7dae62df359,86,44,42
0x0aa80dd6058d7730aeaea67c3525e7a61cda9725,28,1,27
0x7fac7eeb086d3c294abe48591073c4480251abce,29,26,3
0x041371f35dcbf957301cf52c50bdf562f047f1b0,75,48,27
0xd2b6752132d59bf5d0577142c36376b7421c3163,95,82,13
0xa4e8c3ec456107ea67d3075bf9e3df3a75823db0,342,153,189
0x0dc56a3b08b8bf1545e08b840eeb085b9c123763,49,49,0
0xd3e4ba569045546d09cf021ecc5dfe42b1d7f6e4,132,132,0
0xd3a4542fe6cdd6c1930f072b2d168cf506248acc,37,36,1
0x539e06a472e015ac95f4f31fb246f2d623a9261b,67,52,15
0xa36fdbbae3c9d55a1d67ee5821d53b50b63a1ab9,58,35,23
0x38d8b04ab6b9392c8e14f4745eb25dc3f4a49bb0,114,95,19
0xaf95e486d156476f9816df9a7356dc96257a5282,76,24,52
0x8d96b4ab6c741a4c8679ae323a100d74f085ba8f,52,52,0
0x93e57b6aeb89fc074313f71922c95abc3894a050,38,26,12
0x33fd4167e51a10d19c89c3a606389d0fddc3e676,122,81,41
0x3f2d1562c5e8109f697a19fa4eea6cca5ca138df,141,63,78
0xee637e90bf26425fe091a15ec721fefc158250f4,58,45,13
0x9acd29e52ccd4c20016b72fb816ee207c8de4d47,172,0,172
0x30808a6047f3d61c38ff43d8390da350d9be1870,168,117,51
0x430fef0e064dfde9f72888bd6f619fa58e7723e6,18,15,3
0x510887c470ee8eebebff0104b54d24aef8c45368,190,46,144
0xc005204856ee7035a13d8d7cdbbdc13027afff90,78,26,52
0x000a682feeeffc5e56a58a3b015fb07665d8a979,115,103,12
0x09f589e03381b767939ce118a209d474cc6d52fc,65,30,35
0x346b5b8844d2548f6ad55089d8939cffbe3acbaf,56,18,38
0x5b19518e78de2fc0c8d9aced836d17a5ada8aca1,174,77,97
0xc7f7c884bd9ed8d13a262386dcdf3e12a7a4a347,23,23,0
0xf97df1e168c27e22eedd34c05ae0615605c5dcbf,438,407,31
0x69a96059cc35da280af8005d165da1d040297696,461,2,459
0xa4fa96ddc3f0beed8c90e8ee32c5d674ae4f2f8e,21,9,12
0xee0ba89699a3dd0f08cb516c069d81a762f65e56,297,220,77
0xe0a189c975e4928222978a74517442239a0b86ff,240,83,157
0x89c9c2e4ebeff6903223b062458e11e56636f838,222,176,46
0x7778360f035c589fce2f4ea5786cbd8b36e5396b,91,6,85
0x5047aa3b10286fe2c9b98972ff4e352eefcf4dfe,23,0,23
0xcb54762349709374c3fc9763155165c5fe90e0eb,205,2,203
0xb2d4415a5b0269463f5ab9bcddc3e388caf1be03,385,122,263
0x79a06acb8bdd138beeecce0f1605971f3ac7c09b,183,41,142
0xd6a152c351588eec72556bc9769d9b22f37bfbf1,133,16,117
0xcfb152e5b93fc2c9906d4ff41fc8407dfa5e8851,86,14,72
0x1eb6951c148fe0ba8f3cdf1dc807bb22ff094ba4,84,58,26
0x0e1f990d264a9818460dde1b81c0b04d8a88e751,36,11,25
0x13d66dbace34218fddaf50f7057092a43507adef,177,91,86
0x396882c0f9f26c3e425a2b5888a6e0e75bc06234,304,36,268
0x3efea7300f538aa71781613679b1acd97a60df8d,69,66,3
0xa258c4606ca8206d8aa700ce2143d7db854d168c,264,264,0
0x9b27dd5bb15d42dc224fcd0b7caebbe16161df42,7,7,0
0x2e2691819d3441994e9709e776bd77d08cd9e89b,63,32,31
0xd8adb97480e8ee2a8e58db53b6e485613cb7d131,64,46,18
0x67e6e27da4aead180d1b1dd220aa7cb1d3a60b73,160,34,126
0xf59481d45d7a2e7c8a2f0ef9114309d6f45438da,31,25,6
0x7828c811636ccf051993c1ec3157b0b732e55b23,173,58,115
0x51fe2e572e97bfeb1d719809d743ec2675924edc,277,277,0
0x3b2c32363f8a61de868708dc6d0054246b5c98dd,55,53,2
0x5180db8f5c931aae63c74266b211f580155ecac8,384,61,323
0x9b6db880376d0dbbcadea88f7c9bac253b2308c5,59,50,9
0x2b1bb7efd69f45d1fc31fc50f0c73c1069e9ac7f,33,19,14
0x42dddba609589322e5c6133939ddd20941f9abb2,379,379,0
0x72a06bf2a1ce5e39cba06c0cab824960b587d64c,427,44,383
0x0453435725ccb8aaa1ab52474dcb12aef220679e,82,77,5
0x13de9c328622ede0cfcc711e774ac30d6a62c58f,106,106,0
0xaa20f900e24ca7ed897c44d92012158f436ef791,355,51,304
0x0e0fc97e5337478830f30dda023339607ad1ba4c,64,49,15
0xf859a1ad94bcf445a406b892ef0d3082f4174088,465,465,0
0xc9eea096c23aabc60207a3804dc73b1ffb32cafd,47,46,1
0x4f9254c83eb525f9fcf346490bbb3ed28a81c667,354,154,200
0x5691d95d42131742196b1d1ebd02fcfc7edae5c3,133,30,103
0x1d69a5cee83381459a2589828df5e8d82ca2cb88,133,99,34
0xfa3118b34522580c35ae27f6cf52da1dbb756288,114,114,0
0x925f7eb0fe634702049a1344119d4046965b5c8c,85,38,47
0xb71b0a17e21a0d1bf4f07858bcd6b18a985467e5,113,96,17
0x4ee7104442ac3fea5665143da9ede79beee8519c,185,164,21
0x66b5fbc506ef9b884b7d5496d37b109578288d7c,84,7,77
0x39c45666b72c1d06d0a76858c0aadad3f697e026,78,55,23
0xf4efd3d0c43a6a7e6a43baf306536cd6d6643553,218,21,197
0x34b09150783499056b2e04a94c25814fe6ac1c7b,113,26,87
0x4cec571394ee433cd21390286284abecacc0e98f,245,245,0
0xcb8ca05ea094738f982037900c997672156416c2,23,21,2
0xae667177ca6793e402e57a392a336849d6885114,157,5,152
0xf8a8db29a9fba05ac4e36b8d7df6d47d120247fd,304,55,249
0x8f369ae35bce72a50f1188b96d516fab425511c9,186,69,117
0x12bb5bf8a166098e1839d3f1396d73ac3fe42926,148,148,0
0x32d74896f05204d1b6ae7b0a3cebd7fc0cd8f9c7,128,37,91
0xa4eed63db85311e22df4473f87ccfc3dadcfa3e3,211,96,115
0x175d5a6f4e14f3cc685a88617d1144094e7f6098,178,176,2
0x5067006f830224960fb419d7f25a3a53e9919bb0,69,44,25
0x9234f65147cac2eebe251a1c0376f13db1384fe8,39,26,13
0x8f55d7c21bdff1a51afaa60f3de7590222a3181e,98,3,95
0x81b75fb6d271805c67c85caf35f94583a746ac09,50,45,5
0xcbccbb06f572df174a7da47684cdc28121fec421,56,4,52
0x32e136be91606c645ff62ff7075b2f0472fa13e1,207,58,149
0xc5bbae50781be1669306b9e001eff57a2957b09d,436,436,0
0x919d43d3811ccbbeed3345f7994c68a9d5f53372,37,22,15
0x10a543ed2b41e011d91f2de2d8f0229c864861e5,123,76,47
0x0f655baba887ef60a8e73918f2d5ec6b3d09559d,68,20,48
0x4195f278d75f30b5fbbeb5a4244a8af7259abb45,466,428,38
0xfb76f849baf4a4db22550ebc7beb520652f888a0,76,56,20
0x7b2f7f95a0565b16aa69fdee6b945ccdc5f5ca29,78,75,3
0xfa1a856cfa3409cfa145fa4e20eb270df3eb21ab,386,386,0
0xf7143ba42d40eaeb49b88dac0067e54af042e963,286,191,95
0xb0eda4f836af0f8ca667700c42fcefa0742ae2b5,112,45,67
0x506e30de46b3d8cd56e2be747b559654e40e42c4,122,23,99
0x751a86a2506bbf30e04fdb493017bebde5c0fef9,65,65,0
0x4b0f027d0b694aae2761ed2d426295d4f949f5d0,118,6,112
0xa8cd4a74f03a6115529b00ee2fe646e5e4100e75,38,33,5
0x368f51eec801500e26aa730201b21d36c46ebd6e,75,51,24
0x1be56412c9606e7285280f76a105eba56996e491,90,74,16
0xddb149ae8e6635df01a530da1e46921bd78dc385,285,20,265
0xa5def515cfd373d17830e7c1de1639cb3530a112,83,34,49
0x85057ef13bfd8c1faf70768bfe870c0c2e8e61cc,167,11,156
0xd450b8f443ffbb76300d4fa10a1900f61b273b31,171,20,151
0xf4fca207bf7629c947ab699a0159d88dec189cc3,35,26,9
0xa80f2c8f61c56546001f5fc2eb8d6e4e72c45d4c,240,18,222
0x7e6bc952d4b4bd814853301bee48e99891424de0,303,248,55
0xe3234e57ac38890a9136247eadfe1860316ff6ab,222,6,216
0x9a0b657dcfcd65774a3fb5219e09fad0debf2e56,179,171,8
0xdca9e0c6d45eeee6cbbeaae37ba2f310230d27d1,93,31,62
0xdbcab7a768ea9a00b2ffa5a2eb387cad609e2114,201,124,77
0x5403e89be8c4595c5d5eec8ed7be4949d15b5f9e,41,13,28
0xe66747a101bff2dba3697199dcce5b743b454759,169,62,107
0xe3a56e474892be0778038d53b9945f0f72fec628,203,44,159
0x75c24725d2874f12874d67b1e7e24b593f0f91c5,73,6,67
0x6044e4c62ba46f0733f2f62bfd5259f365d572d4,16,16,0
0xa094b1e927093fae077b6a89b440e2575de9143e,96,29,67
0x6018e493558a0e6d6079762b52b4d88e14f0354e,18,10,8
0x5c1a0cc6dadf4d0fb31425461df35ba80fcbc110,396,65,331
0xfcd433977292f107aac6e30e7712d0e38eeb4a7c,158,127,31
0x00281dfce4cfd72c0b6fda2aaaf077258743f9e8,63,22,41
0xc3af7bb38999e8a1db7849e30706efbf8ffd57fa,39,17,22
0xfc1c17926389e94a946edb42e16c0a42a6ec2806,52,40,12
0xc3683a429c01604915a932f8d8c2d9b6086a49ab,27,26,1
0x663e4229142a27f00bafb5d087e1e730648314c3,457,457,0
0xc58212bd2cc5d60cb89e980713461be027389b2c,92,51,41
0x8447783298ac335afedcfe67978dc9e6689b28b3,49,49,0
0xe89c20096b636ffec9fd26d1a623f42a33ead309,48,48,0
0xf9afa20983e169879683582dbb60be9c354fa738,100,86,14
0xc8e3c50bdc2b6df0963936b4c62a106c43eb1093,116,104,12
0x3c52031019312bdf2d24b13b51a60b1e8607ce22,23,8,15
0x9184b91159c8912eb57f73b737cddd24ba521581,217,134,83
0xb4c1216b653dc657c043e347ce13bb9a620c2c29,229,29,200
0xeea95c5e799565343f4d70bb76878ca8086fcc11,237,234,3
0xc2b3daf1b51238bd13afcef6e713813e6c2574e8,154,12,142
0x5c9f8b00db5ae281e8f401789224fe0227f24d81,66,66,0
0x436cc556d9a9517d0808ace3ba1f52fe7a15d831,83,51,32
0xd7f0cc50ad69408ae58be033f4f85d2367c2e468,97,96,1
0x23d29535dd1a10d8783f76a5bd32c860262b8191,248,71,177
0x537b2279d8f625a1b74cf3c1f0e2122fb047a6b0,177,39,138
0x6a48a272210eaa205c279e1c862f87875c623ae2,182,27,155
0x5a35a6686db167b05e2eb74e1ede9fb5d9cdb3e0,107,68,39
0x7d572ca644cc9bb4ef079ae59527fa6634b8f9be,32,32,0
0xed2647bbf875b2936aaf95a3f5bbc82819e3d3fe,158,14,144
0xd6d80461b1875a8679fe789db689156f42b7f86b,130,39,91
0xd7c302fc3ac829c7e896a32c4bd126f3e8bd0a1f,54,54,0
0x0f91b9accca2838dbeee53f3aa555d426ad16f29,5,5,0
0x3b612a5b49e025a6e4ba4ee4fb1ef46d13588059,266,54,212
0x9040e237c3bf18347bb00957dc22167d0f2b999d,152,28,124
0x0fb69d1dc9954a7f60e83023916f2551e24f52fc,129,36,93
0x7030d581c078911af286f28fdb99034395f4d403,14,13,1
0xcc1704ba33ca3451452fcc3436eb451a3d11d1f4,83,83,0
0x2ae61706433a65c5776e7bcbc94c3ef7422f84db,87,62,25
0xfacb4bc7bfa5007d91095564e05918c82079befb,79,75,4
0x7a2002d85205e98065e3eef57a73eb75757fdc00,67,61,6
0x6e25c0ec1bea020f6cd46ec255d419a7f4334cfe,194,75,119
0x82628be9bde73b862e972793a151e7dea9e9249c,64,63,1
0xfc6fd61d2415ebfea98791517b6198d38bb4a659,95,70,25
0x0ef99fb40691ee202a386fbf857cac5aecc75a13,31,31,0
0x7581f8e289f00591818f6c467939da7f9ab5a777,85,44,41
0x5326a5cba96969868e1a03d38dfa46d0a283fe1f,56,55,1
0xc92090f070bf50eec26d849c88a68112f4f3d98e,387,292,95
0x04150f928c036810be42ee2e42c5a3b85561c3f7,270,106,164
0x5d843fa9495d23de997c394296ac7b4d721e841c,103,103,0
0x79a66c4b781add975f3858ffb2554f0c5e0ce9ef,97,28,69
0x1ffc950aa28f235a3245f88c4021b39160dc9294,104,90,14
0xd0242443f18586c389a1013539e93f3a7b27018c,50,20,30
0xab05cf7c6c3a288cd36326e4f7b8600e7268e344,34,34,0
0x3c99f2a4b366d46bcf2277639a135a6d1288eceb,358,336,22
0x749cda693c2f29bf894df5b7060034cb675ee631,200,114,86
0x6fb42a71b305dafb98688ba9fa76791342ad52a3,152,48,104
0xcbf60ab64d521874c800627c9e1395ad0b06bd38,251,24,227
0x27c70cd1946795b66be9d954418546998b546634,357,201,156
0x2b73ebc1e7a53bda495272b34b322a855130983e,167,167,0
0x4508401bade71ae75fe70c97fe585d734f975502,20,20,0
0x29af9d1d936955b17d850e09678022ba869f4ab8,295,295,0
0x08dc692fe528ffecf675ab3f76981553e060fd8a,85,3,82
0x2e2a639e148a14a63fee373a1ef67d323b8edd55,97,83,14
0xf1005f6379f35fe681c7c458eb4f3704ead4f14a,86,86,0
0x6416314b3819cc71a825db9b2edb20db2f18657c,40,40,0
0xf7875f0ff958270b7bd5fa7cfdb8f42c0cf5b11a,170,169,1
0x7b39917f9562c8bc83c7a6c2950ff571375d505d,31,31,0
0x2e59d147962e2bb3fbdc52dc18cfba2653c06ccc,30,30,0
0xf0f7a2611decec20c06ba66aa3766d4f88e628b6,104,98,6
0xc7f3dba1970bfe60feecb6e5e4a44103b57b1407,279,31,248
0xa3f75e5b025a59beceeb30fdda2428fe4912f83d,51,41,10
0xe3c408bd53c31c085a1746af401a4042954ff740,92,6,86
0x04abeda201850ac0124161f037efd70c74ddc74c,356,107,249
0x37cf3904b3103497c422dbef23fc0b17e28d29a6,351,6,345
0xcf8335727b776d190f9d15a54e6b9b9348439eee,240,240,0
0xd313e1481404d62efedd5c831e4513b4334dfa8b,157,157,0
0x96e61422b6a9ba0e068b6c5add4ffabc6a4aae27,77,77,0
0x55f3bc084da207b7347538b74cc388deeb3ab448,302,69,233
0x23203bdafa61c5c3185fb8842e81bcf2fcb21751,48,32,16
0x2183533bbc58c9afef81bd4165bafd9f7654ed16,67,39,28
0xb67812ce508b9fc190740871032237c24b6896a0,112,25,87
0xeb00e99089cef9a946028bab6149f73d17b59a08,35,35,0
0x4b13e4107b62cdcb96e0ad84ad4bc2f684440d13,86,55,31
0xd1d29b66d30c932fc27824050489bfd6b63db175,42,42,0
0x90f87748c68c4b3e63256831717365b1f45f55f4,75,53,22
0x56f0f938d1a3fc8b35b1f14a87687264d2184d1c,189,36,153
0xa0b329ea79e09fa19ffdc781eca58cc8916ee855,90,10,80
0xde124d0cfe5ed0cd095909efbebff4964fe34eb9,43,32,11
0xbdbb4454a5e4c01dd84ac96caffd8ffc204c0811,69,57,12
0x8e6cd950ad6ba651f6dd608dc70e5886b1aa6b24,223,72,151
0x2ae3651708e5480280d8d777571d25b04536b25a,85,52,33
0xe71eefc41007d90e89c0aa7ff788ab77d887e583,31,31,0
0x5b70f8b71c6f945a86561e97f714942b6a742b1d,164,164,0
0x8e5474ca17499626ee88e2a533bd369ebe72099a,127,45,82
0x2e424a4953940ae99f153a50d0139e7cd108c071,125,52,73
0x741d06382f00ff411c3996895bc6f4d40e0455de,93,49,44
0x6d0f5149c502faf215c89ab306ec3e50b15e2892,145,145,0
0x00dca92b7fbd0c01f3508756718807836ec82156,98,84,14
0xf1963ddead54830af81d7d4876086c5d108d5bf1,166,74,92
0xbe2c9c8a00951662df3a978b25f448968f0595ae,60,12,48
0x81ae0be3a8044772d04f32398bac1e1b4b215aa8,469,172,297
0x45d8f7db9b437efbc74ba6a945a81aaf62dceda7,224,27,197
0x7f280dac515121dcda3eac69eb4c13a52392cace,64,64,0
0x081fac886fdcacdc826c4135ed4ba5b65ececfb8,116,76,40
0x588f4dfe4cd9d32d5c5a0798e3171322227daabc,53,49,4
0x7127206a49824d693932f9edcb77c53fbb8443d7,304,70,234
0xde5ea375ffbdc8b25a80fe13d631e8ba0ab4bb02,103,10,93
0xce0f25934deaaddd174427f1978bcd487a85e9fa,213,211,2
0xd1b0cee386cebd9bce3d6b7279b98334f938cfd7,363,352,11
0xa0008f510fe9ee696e7e320c9e5cbf61e27791ee,147,43,104
0x69068e88c3be34bfad1e12e8ebc604455d9a4e3b,47,47,0
0x3f20958d3f58aa4f3c14c9350976721a0acac440,287,160,127
0x9783b81438c24848f85848f8df31845097341771,83,83,0
0x56681458e00cafe1206313d2d033946f458fdefd,266,53,213
0x4f32ab778e85c4ad0cead54f8f82f5ee74d46904,189,11,178
0x7ad940ed9308545990497dd04e76df7d3c127ed4,125,31,94
0x0bd4d37e0907c9f564aaa0a7528837b81b25c605,93,27,66
0x03f8987348e2dcc574cd6458e20d685844876994,428,397,31
0x66d592cc979d441a3e4dbb6e043c3bdad241dab7,73,15,58
0x152cc0b640fa85fecff43d2a417fa9b369661b97,162,5,157
0x70bef3bb2f001da2fddb207dae696cd9faff3f5d,107,68,39
0x6f14e33f19975c8aa5adfa66fc2bfe80f539e7b9,353,311,42
0x064d54c858f884698ef34b1cae5d989a2414e1b6,208,21,187
0x71c99b3b2b2ca1e29eb05dfe0e12c75799c744cf,160,30,130
0x40cfee8d71d67108db46f772b7e2cd55813bf2fb,22,19,3
0x14e0a1f310e2b7e321c91f58847e98b8c802f6ef,228,132,96
0x8bb1510885751c98500110255b0d90c17f317c27,68,41,27
0xff3ac80c1caa08cbd43a7e90d20c398d54c7342f,150,150,0
0xb6ee9668771a79be7967ee29a63d4184f8097143,303,97,206
0x618c4c2537093e586dadc357b570f8913b14c05e,314,10,304
0x10a0cf0fd3b9b2d575d78130b29d61252313423e,211,197,14
0x5434f009b3bfe776e94f9b1c2e92ce52205eb6cd,74,20,54
0x3684b581db1f94b721ee0022624329feb16ab653,137,137,0
0x0cc894a8753095e8f1b774c5a2cce8f5715dddff,127,5,122
0x5754f44bc96f9f0fe1a568253452a3f40f5e9f59,75,73,2
0x937cdc24e2b3d7e69ff5ed17f85fb21c5a3d9ee2,46,40,6
0xdb042927c36791bd500698c7d1bd81b6864229b5,55,55,0
0xedd27c961ce6f79afc16fd287d934ee31a90d7d1,275,32,243
0xa11ee51be234e71117f0b9a7b7697080f6b85b18,70,61,9
0x92925acf2771bc59143228499f9610fe5176eb9c,78,78,0
0x7a2e961c7adc05f8352818274687b3dda477dbaa,79,12,67
0x020dedb172c761cb55694385627a72eb95f4ffd5,16,15,1
0x513d30386eaf774a8fc916ec06c7d1c001575ef6,42,22,20
0xf03c4e6b6187aca96b18162cbb4468fc6e339120,197,92,105
0xf619e90052965e4c366c0c62af0f90216f35a5d8,154,49,105
0xf57e11e7aa0419d0b2d95538daf846d042dfef51,74,38,36
0x345974220a845ddeceed011e8e6106b59724b661,144,33,111
0x46122877a1ea7f531b53547ace9246d76b7d7dee,347,41,306
0xe6d48bf4ee912235398b96e16db6f310c21e82cb,407,178,229
0x298be2d097536449dfc75fe5859fd9a089ab4c1a,60,45,15
0x67c62a12d0ebe83e38f9041b9c46d6141e689bb7,58,40,18
0xe5170be552e725436365bede40868a26184f291d,68,51,17
0x1e4e46b7bf03ece908c88ff7cc4975560010893a,102,102,0
0xa83ad73eed496fcd7adc5f4027cbad818d0075a0,286,17,269
0xb76ae0253f77086b92a494e8ec4159ec26005882,52,52,0
0xc26064ac72101b555ff2fcc1629a7a867b69c188,128,48,80
0x9f6f91078a5072a8b54695dafa2374ab3ccd603b,80,80,0
0xd6f75a20aa64634743d40fafa88473020302c530,196,61,135
0x00000000000c2e074ec69a0dfb2997ba6c7d2e1e,363,363,0
0xabf988fc071739c19b45cc1c8d2a3b8d146223bd,26,26,0
0xe0fa6c9ce6d457ae8a0b8b2686ce48039416d1e6,99,13,86
0x47b9f01b16e9c9cb99191dca68c9cc5bf6403957,67,14,53
0xfa10661c28f309b88aecf14d9ab8f24764d6b10d,90,38,52
0x8726bda0a07521bc9ec8d1ad3d200e8a0aef5fd9,53,22,31
0xc6db556fd9ec09bab6dfea320e52d8476f61d424,76,76,0
0xd5c9c69c93e5ea7ed2cbcc15d613522fc52c8d2c,50,24,26
0x7fc51137dcba54ba96b3d33015f6915bdf8a9b66,94,82,12
0x33691f7858b6fbded5913ae4917ee7e4c8d37d66,12,9,3
0x92919faf5bfa1957515a62efe854991e273cfa9e,13,10,3
0x266dd809387494fcbbb19c61ff9b0d6593e5fe50,384,315,69
0x0b17cbf93a6bc286a2760ad206b03d4e42997382,135,48,87
0xef1583a57708a943511fb1f582f7c918260c0311,63,63,0
0xbf3e3e6c558102f52057b87d385e03ea064c904b,222,101,121
0xbc1600d509ef643461ea8317617c54c925d9e446,59,14,45
0x2eb4f7625aad8c521e3600ee38fb8f82751e8870,321,112,209
0x7bb6413c939d9ecc62bdd60d6e23816b1ae9099f,331,311,20
0xbff2fc2f0f6df609a78280f85c338616cafd2ec3,94,89,5
0x74ee68a33f6c9f113e22b3b77418b75f85d07d22,236,115,121
0xed20be8fd0addbc4af850a3309893b3b499f802a,79,8,71
0x4acedb34ed530ad0b38dbf59d3ca094b94251a95,56,54,2
0x43ebbeda1ab50de58e2adbc071ab78d27864b5e4,235,149,86
0xb16bb75d2c0f4198399051c9e18e2b940cce539c,39,39,0
0x3cabf160081387cd7dcb775434339c42c232e23a,128,7,121
0x5a8578f1cbea043dcfc0b530024fcdcc159c03fd,77,47,30
0x862c9ed3efca72b7f4d6f13ebbc958de4129e2d5,18,9,9
0x4d4f3715050571a447fffa2cd4cf091c7014ca5c,168,37,131
0x5594ff2015dd9c96f8f020e666aa96e4a438e3dd,45,42,3
0xa3dd4e6711b71388d6d585ddcfbcfc0eef42af63,267,248,19
0xe82c0828ff43e58ec10009b379aeb6296ae9d104,44,30,14
0x1e38e9ad28a526512af9b8689c50d91443b6c3db,196,31,165
0x21177c97be40b52b002fbee000a03212708bcf47,181,105,76
0xcb3738ff351d571d10ec416deeb1c05ec62a5b75,499,2,497
0x61cece14e222385d5ac83f3d0cbd518f5feb3559,169,26,143
0xb8981acbbf7da95a8ff6df79aab935ce63434fc8,30,1,29
0xe0a2e8a4d94e0c395e88aad7c9074d73a115885d,222,217,5
0x4bb08998a697d0db666783ba5b56e85b33ba262f,249,148,101
0x04a3957635ab968c4b92681d6082fc61ff080c5f,157,26,131
0x2d366be8fa4d15c289964dd4adf7be6cc5e896e8,126,1,125
0x6f3b4226bb4bf60fc4d7ae93fc81f6d054dffb5c,24,12,12
0x326f09ffcdd200f1b110e6dda0d240635b89e507,27,10,17
0xd0318da435dbce0b347cc6faa330b5a9889e3585,156,72,84
0x4b520c812e8430659fc9f12f6d0c39026c83588d,144,111,33
0xac27663e7b27da4fa969ddc990b504679a0d6f92,90,40,50
0xa7b839c910f0eb62ce1bf6bb28e93282aa495b7a,31,16,15
0xebf56b58be8339a827f9e9bed5feae3a6c63a562,122,37,85
0x838cd6b5bf716ecb1529670850b7265a2d1bbd7c,87,31,56
0x23d1bfe8fa50a167816fbd79d7932577c06011f4,130,37,93
0xb218e552de5bef2bcea73590bfd0f709bb5d523f,243,218,25
0x8762db106b2c2a0bccb3a80d1ed41273552616e8,487,211,276
0x83a8b5b4d7b92420b27e342dd2309aee20becae9,326,326,0
0xb39f5f5199042086d6f162ededb761d0f33a2849,125,88,37
0xbec9e7fcb2474b458c1b5bc0b89975861c03eb5b,10,6,4
0x61107a409fffe1965126aa456af679719695c69c,70,70,0
0x787697c08353883cfbc4fe5c35b43c04ee4a3533,95,93,2
0xd2a077ec359d94e0a0b7e84435eacb40a67a817c,255,37,218
0x866ebb7d3dc493ac0994719d4481341a3a678b0c,72,60,12
0x8a6d4c8735371ebaf8874fbd518b56edd66024eb,296,6,290
0x96bb57c45f4c25e2e6c185bab5dec5440b2c0256,17,17,0
0x24e89bdf2f65326b94e36978a7edeac63623dafa,130,130,0
0x4b81d30d621e8a22ca6016ec8053e3dfaa3d5edf,386,196,190
0xc34dcfce75bf135387291a4066a2bc5698a63ec3,34,28,6
0x7525c860cb7814c8465551dfe3f791e6212be19b,21,19,2
0x74c7b793e2b6ee2f8e3f0f88c95b5eb77e3f8c0e,32,32,0
0x232defa1b115e467405e951231f08738f5757bb0,176,93,83
0xd037af68df72725a82b62aee9fd70aa958801cb1,30,13,17
0xef23f2bd157f9f97f42820cb48e3bc031b7a2d4c,21,21,0
0xa53e7fd6abc0fe9769690af55f19c2b4a13f2bc3,58,39,19
0x4f1b1306e8bd70389d3c413888a61bb41171a0bc,260,148,112
0x0ef1633226fd27f7197a4b7c5bcb7ab5a7464b78,24,12,12
0xc5f31b784a7c0a50804f5cda519caa962e47e240,136,132,4
0x9a44c846221322e8c114525dac3f8b34ee138bfe,212,21,191
0xfd957f21bd95e723645c07c48a2d8acb8ffb3794,144,144,0
0x770d97679fb3f2a3565c05eb7f430a5c204427f1,158,91,67
0x3249c4c8e4ee09b82560dfc19c5962b9d49b6c1f,164,39,125
0x28462739c3eb65a571bf92689e8257c806bd275d,92,29,63
0x629a493a94b611138d4bee231f94f5c08ab6570a,83,15,68
0x9d46c1bfdb45b0e751d70c1baa777536392e215c,378,140,238
0x93a42f8eebeecdda3cbdc593f3130bca5ffd8467,145,98,47
0xfbebc148f214765abb05e848840ec358e5ba0ecf,66,25,41
0x2f81533eeff5b9f6bf8159cee874a2a968db0305,149,149,0
0x17a9c0f1610dc132fbe01e743dace12771b3fa8e,299,292,7
0x1ba43d6bb1965f6ed2932786f7c717cbab6599ce,59,47,12
0xd79b945c14b4803de79d662e55afc56e6a6a6796,53,36,17
0x786dc63ed1e3235ecef29743af84110fa197df63,57,57,0
0x1dbce54d288d71e2bc81c9d93df15c6cce199698,54,10,44
0x7da96a3891add058ada2e826306d812c638d87a7,304,304,0
0xcad011b3b79a3a83c576e6b2682049e296be9374,79,79,0
0x174be2a7e44072df43e6df78e11deeb48227c500,90,53,37
0x63af02a2a14945b28799696e0f45d6321fb2eee5,67,9,58
0x84f88d40b36aa01e89009c577b97ddaac98ef53c,55,29,26
0x89bf355004f031e23bc31110a3f90ed7a485fe1c,123,82,41
0xe483e27dfe801472cbd3a7c52d2568fb4bda002b,63,47,16
0x1d3cb729db867ad24e97221c1f7da6532ca23ead,98,86,12
0xdf85a78fd65b5695ae6f9ba1880f6c6ee7f86237,25,22,3
0x08febeb79431dbb9ef814d5dcf45a78de5da4eea,67,50,17
0x6f40d4a6237c257fff2db00fa0510deeecd303eb,147,147,0
0x50d1c9771902476076ecfc8b2a83ad6b9355a4c9,338,77,261
0xeeac6bfba0ef8b49a3a35e7742cc367e81c1954e,37,34,3
0x138ded8d927e66ddb3a417cafa9baee958162547,22,22,0
0x4ad3785ec7eed7589fa86538244a4530f962434f,414,116,298
0x9f5a92323b5613f2f0edee21efb5eb966dbf34f5,13,0,13
0x07edbd02923435fe2c141f390510178c79dbbc46,48,48,0
0x901c0be93a24a3c5e2a6c8b542cc196b468a7669,179,60,119
0x6067e1963fe613609ee61e93588e4736cbfc7800,66,46,20
0x22be9a505dfec44a39a0734c1424d67ef528cdb8,85,0,85
0x6144d927ee371de7e7f8221b596f3432e7a8e6d9,45,14,31
0xdcaf23e44639daf29f6532da213999d737f15aa4,217,146,71
0x3fb666e3db5d1b2736b4ee4dcbccf0724f729515,14,14,0
0x6063281bcc0ee709602a0b9c1285990918851d66,23,22,1
0xbd3de9a069648c84d27d74d701c9fa3253098b15,114,32,82
0x0477a628bd5722f56646b094126d4489b121b5ea,288,248,40
0x02aca53594fbe6b132e8e4a9ff7e3a092f8f7762,272,272,0
0x2dec96736e7d24e382e25d386457f490ae64889e,197,170,27
0x9e62a8dbbaf93a6992166e3a80ac15c991987bf5,163,46,117
0x4b521fe3ec416e0226feab30226c94444f63f4e9,59,50,9
0x82c5409423bbe4838af56b5e1e6ee868013f1d57,119,119,0
0xc091b26352bfe14bf543be52defe50bd7963d49e,263,263,0
0x733f699e7ee37bcadf4d6098e8accf1be5a16285,123,113,10
0x0033c144fad1ec7827e00383c0e0cd0ca672afb5,25,22,3
0xe1bad922f84b198a08292fb600319300ae32471b,185,38,147
0xfcfc8eacc436f336a80c63a7cec03d9b04c62f25,48,48,0
0x08d7c0242953446436f34b4c78fe9da38c73668d,120,37,83
0x40cf6a63c35b6886421988871f6b74cc86309940,201,73,128
0x39057da7512ea480a487034e78d5fb4525795f9a,25,7,18
0xb2469a7dd9e154c97b99b33e88196f7024f2979e,102,102,0
0xe01569ca9b39e55bc7c0dfa09f05fa15cb4c7698,82,60,22
0x0e9d6552b85be180d941f1ca73ae3e318d2d4f1f,208,130,78
0x52f761908cc27b4d77ad7a329463cf08baf62153,190,190,0
0x574499f704d078c63cad754b03d5577ac0d34ac7,94,59,35
0xedb171c18ce90b633db442f2a6f72874093b49ef,100,50,50
0x92818b9b38cdfedeae254b338561d7de3ebe0037,41,32,9
0x6dfcb04b7d2ab2069d9ba81ac643556429eb2d55,135,34,101
0xe3328e75e9a286550c55d0f80213f96951ffb47b,13,13,0
0x11739d7bd793543a6e83bd7d8601fcbcde04e798,161,9,152
0x41be64ae9acda8ffbb6814b4dc4a271de87949b3,62,43,19
0x4d5af0e264f5223ebc60dba58eae0d1f916b65ac,35,23,12
0x1575f4b5364ddbd6c9c77d1fe603e2d76432aa6a,219,6,213
0x07e5ce0f8fa46031a1dcc8cb2530f0a52019830d,140,97,43
0xc652c1800e28add44224f2ee0c94cac5e9264e9c,81,35,46
0x3f916867a9f38aa68ad7583c7360f83387d06daf,127,45,82
0x1559fa1b8f28238fd5d76d9f434ad86fd20d1559,157,133,24
0x5a192ff14810ecea58b977f7479f893ae919c55d,163,23,140
0x4bedc9e2c8e442e4cf5087c2860bef4f22baa809,206,93,113
0x93dede06ae3b5590af1d4c111bc54c3f717e4b35,71,71,0
0x4c1e4718818ac8327edc2552883ac9f19a5d0eaa,90,61,29
0x8270fc3b2d23de703b265b2abe008883954fea8e,95,35,60
0xf16a5b64f5a774c24218a83f6fb2c7700fb6469a,84,61,23
0x11293678d2be8bdd9b17cdf10ff3b292c5fba1f1,288,203,85
0xedf5d556975509303790f53bca834230c72f3f6e,122,21,101
0x3460cfe5b8f880538d0fdee0139bf5a2d265957b,162,10,152
0x6712545a0d1d8595d1045ea18f2f386ffca7ca90,108,59,49
0x1045f5ccb01daea4f8eab055f5fcbb7c0e7c89f0,57,20,37
0x7a631cbe065c2699a07e20f608aba213b6e55db6,279,24,255
0x65d8b2bf930a0015028efcaee5af7bf61b90b76f,87,48,39
0xba353c71360243fae0e06d72e564279ea2a6181c,42,19,23
0xaf89c5e115ab3437fc965224d317d09faa66ee3e,88,64,24
0x2e541cec5cb41e7678ac3c8e91acb3fc1db0da07,358,285,73
0x25692da406889bf4db93f921063d9bc952bd01d0,315,276,39
0xd2669aefca82e23d1b0a94459deafd656f6b719a,341,12,329
0x40210598f8e99d8a228750b57c13384e7023c3ae,82,58,24
0xcc12532e95c2a6a4c53af153b9b739a3cc9218a7,309,37,272
0xb7ec7bbd2d2193b47027247fc666fb342d23c4b5,195,45,150
0x390416ae4324494338293974ee6388e777fac34b,191,191,0
0x99654fd49c0e51b8029d2ba7de5b99734ab7afec,179,95,84
0xb49fa25978abf9a248b8212ab4b87277682301c0,50,21,29
0xfff46beea0dca55cc6bf39ec48e559160191093e,114,103,11
0x6583228ee5a616b0d7ab675d8f19fc5c9b8649d6,57,36,21
0x2d304c03e5fcb7e60491a7df4f59df6b0b888685,79,70,9
0xc608c683defa32a45f07f60e0bbb4cdf57ff6ff9,32,25,7
0xd627390a7997c3e0943c184fd57aa31ed8774771,42,33,9
0x6808a595649155d62fe3d5b82f3a1ac04f61cf56,87,73,14
0x5077e8a1f40b7b9e7826dfd6db100b8e16881196,101,101,0
0x0a913bead80f321e7ac35285ee10d9d922659cb7,226,226,0
0x3ca5b00ade54365fbd590d4bc397e044a13068e5,100,73,27
0x1de98b5b77fdabb0ef7bce033690b56660413f48,186,65,121
0x0144b7e66993c6bfab85581e8601f96bfe50c9df,150,38,112
0x553e9c9ff5d7c45ae49ed5edfddca441d2272bc8,69,2,67
0xb98eda42741fce2ef8ecc0e35766e59a73cc3efb,413,69,344
0xc28bc7b5ccbbce98c2280e5a87e931bff6496988,83,73,10
0x3a5051566b2241285be871f650c445a88a970edd,205,56,149
0xc2535dfb210121227609a15506d3a4b94da6bece,209,14,195
0xcab988394304d9a61aa8b61fb32b8130e3f6f68f,210,55,155
0x5ea82c27efc7634f1c5ad20a3561c453433a2f3a,48,6,42
0xc8f7e62532b19a3ffce589c0047d29d492e03835,29,13,16
0x34950ff2b487d9e5282c5ab342d08a2f712eb79f,191,68,123
0x19854c9a5ffa8116f48f984bdf946fb9cea9b5f7,176,176,0
0x2f14f1b6c350c41801b2b7ba9445670d7e2ffc70,175,107,68
0xec7726b20f93e7a5e8c4306e1850ca9c0310254a,125,76,49
0x6add0e64aee8e6741f5362dac3b165f95d992b27,80,69,11
0x7815bda662050d84718b988735218cffd32f75ea,77,3,74
0xd713408ba041f4e47edd6c8e932b8b0ed3287650,65,65,0
0xa849eaae994fb86afa73382e9bd88c2b6b18dc71,483,128,355
0x329ee913aeb384822a96c71b609736c77aa5e8a3,390,369,21
0x336b45f90d74a3263a9a11b7e2d76730886afa9e,172,44,128
0xd4275e04dbe82526e4a17ac0fb8f509b6080a455,210,210,0
0x86be523761058d3ef23a7f4d6a78c3e29f63d0d7,97,23,74
0x718a1a78fdfaea3ebfc3ff3d8414f8564bb02e60,56,50,6
0xc77b230f31b517f1ef362e59c173c2be6540b5e8,180,47,133
0xf1caf2b40b58917a89da562b5b0c38ba883a9384,135,135,0
0x9940bb667f64fca06fc4127861855696def7c69d,275,117,158
0x26cbc7008cd879f4b63b69a915378f2d9b17bbf0,112,112,0
0x77fda43066435d6b768c58c9749f17906967f60b,45,28,17
0x9d6a7159e5accfc6520932f0f81a47e2ffd349a3,275,232,43
0x9fc8f0ca1668e87294941b7f627e9c15ea06b459,161,77,84
0x5501024ddb740266fa0d69d19809ec86db5e3f8b,116,49,67
0x38bc3dfcb02e62011095bd79536673303552a799,371,340,31
0x555d4e319d6508fb9fb0a54882a5b5e98ea74121,76,22,54
0x524a5acff466d893717fbdbf7cb8cfa949adf19a,78,35,43
0xa5349c4097607e54fe9c5426f5e882f70d0bce68,77,63,14
0xff3dc68e39313a874e1aa21183c94b1da73fbf98,115,115,0
0xeedcd8448bc38a6f43a3aa18651f44782c318fd0,70,70,0
0x3bf42951001bb7cb3cc303068fe87debf696ee3d,211,112,99
0x4bd70556ae3f8a6ec6c4080a0c327b24325438f3,295,295,0
0x3b8420eb6ef77bc25025b32d8205cde2683f979e,134,60,74
0x3cf57cc9cf5263748c6f926ff498ac0c6f95b26e,237,32,205
0xe182af6be923b29f6a53855d5571fdd96b21d93a,324,228,96
0x2c2f7e7c5604d162d75641256b80f1bf6f4dc796,82,79,3
0x19062190b1925b5b6689d7073fdfc8c2976ef8cb,147,45,102
0x8d7c3e9f145db8290601ec8b9d7c2af7f9f81fba,90,66,24
0x33ec109543f41c9d7b01fcc054c9d779f11f758a,113,113,0
0x5266c5aca260818be013c80bd9ed5ba0f3d49070,169,115,54
0x0d87d35dc73056484e4e41300a810dc58ad1d668,41,22,19
0x49907029e80de1cbb3a46fd44247bf8ba8b5f12f,180,110,70
0x92ec47df1aa167806dfa4916d9cfb99da6953b8f,119,44,75
0x664ac093f047a131403e9b1cbe3ff1df7e756429,89,69,20
0x7b75e328829f66bb1da0b3bcbe7e8123751a05f7,36,7,29
0xa32210529c69cca8cfc58dbfdbf06654288462f5,186,169,17
0x178c820f862b14f316509ec36b13123da19a6054,368,92,276
0x066d498c64faf49c265ccfc522b8b3a37449c177,71,67,4
0xc789858e3b777aa6b7b209921d9368c4e898167e,107,17,90
0x69cdc3245c714a6b99cea9b43869e2b893a031ad,76,28,48
0x4b85bcc3c388d15aae3c34edf019b7411a506766,47,22,25
0xeae8dd0b39e81e90b60cabc48e4de0b2df649bc9,49,13,36
0xabb43e76eed01f5c406334830b6124db7f7eeb34,60,60,0
0x6e1404a557850551edaa9fd1311c9297baf7bd52,405,59,346
0x659a00c33263d9254fed382de81349426c795bb6,84,84,0
0x45fb0ebeb161f175c4b2e7e3b5799e97d656ee3b,83,75,8
0xd13e468e0a526b5042521b0fd658454242472ea7,143,26,117
0x1671edda71662725d01596498b7d83361681ba3c,136,134,2
0x327de1b1af3989cab98ec08a4c87c4841034e517,97,78,19
0x519272821dddb3afc7accd1823b674d30946185e,133,77,56
0x63ab6f1fee7a46ab7baceb152f7b39a899b2c056,70,15,55
0xcdaa2b5257bce7718d5b866a967141bc3c557133,193,184,9
0x6a8e8ea5533170c2b5dbef1e44544d57349eff56,155,155,0
0xa86359c1ad8c0483a1a49b37ea3646deaf6e342a,442,428,14
0xa65ba71d653f62c64d97099b58d25a955eb374a0,329,276,53
0xb852c6b5892256c264cc2c888ea462189154d8d7,441,297,144
0x127e479ac59a1ea76afdedf830fecc2909aa4cae,269,220,49
0x8f693ca8d21b157107184d29d398a8d082b38b76,107,4,103
0x1e283601f53032d9aac8dc73632f4e482e761c70,127,57,70
0x5dfeb75abae11b138a16583e03a2be17740eaded,197,115,82
0x8ba5721062282e66238a9f01a52716102124f6d5,60,51,9
0x88d85f72cb543a3e2a0ec22b056037646969164a,31,25,6
0x79f512e549ce166fcd95db52a7c4f66832496a95,27,21,6
0xfdf27d7c95eac62d86979e2d73fffbcf380fa9fe,86,11,75
0xe41c7e05838f180938ad08643d7a2fe0a9e5f4e4,132,15,117
0xee573a945b01b788b9287ce062a0cfc15be9fd86,224,108,116
0x441761326490cacf7af299725b6292597ee822c2,281,57,224
0xe8342f37a8bebe07a2c6f7f7409539650e2ccce3,43,16,27
0xbd2fbaf2dc95bd78cf1cd3c5235b33d1165e6797,136,28,108
0x98c7fa114b2fe921ba97f628e9dcb72890491721,191,150,41
0x79c8817d3561be1ea789eda02adb8c70c61cdd38,20,20,0
0xef3af51bd327ea667ed7ba73c96ad0d5cfa8dde3,28,28,0
0x4c0c7a2d85be0fc70d44a0f69e1d1baed93ed820,105,16,89
0xb74dda1dd3faf7102a12200a4eba9aea6547939c,322,321,1
0x1321f1f1aa541a56c31682c57b80ecfccd9bb288,115,5,110
0xcfd74a41812c0f864d38a8aa10f48b84a2f6d59d,20,13,7
0x7d8d74b44b433ca6f134e43eec1e63b0c43eeafa,60,16,44
0xbe34652ed180bda7b9a757bac71a22e681c06c5f,61,3,58
0x500f312864d14bcc73b3760c55fe6567b193437f,307,306,1
0xd0c3cd7ac1109593e31150098ef77abe3ff18f98,109,93,16
0x3cbb7f5d7499af626026e96a2f05df806f2200dc,74,74,0
0xca77bdc583c13eb9714b108581b269d2e239eee0,60,42,18
0xe91852c1c7fd57e3b11a51f2904584e3d5bdd279,76,67,9
0xc2faa7cf625b8adadbe423738c269558dc909d41,151,151,0
0x09233d553058c2f42ba751c87816a8e9fae7ef10,242,75,167
0xd779eea9936b4e323cddff2529eb6f13d0a4d66e,55,55,0
0xf53bb7d247670452409b13f2e0522b0cd4f6b63b,48,28,20
0xa333f9722b4980f4aca6e897f97193b25a719bf5,200,193,7
0x06fd3999fa72163c6f21f649587e6b6d670cdc8b,497,409,88
0xa7eef6bec65ce5ca524dbe0490aafb52bf4da650,139,1,138
0x95d2dbb007b66c47aedc1fb5b50f6ae1221db8d4,253,253,0
0xa5b866070675dacef0e36497d756547fbb60afeb,238,185,53
0x49a470186e3704424e2a044e5a8adc637815b3ec,156,7,149
0x537edd52ebcb9f48ff2f8a28c51fcdb9d6a6e0d4,100,24,76
0x52bbfadd3a0d24f76a9e78a5e6fd08dab65daa14,36,18,18
0x8c5029957bf42c61d19a29075dc4e00b626e5022,207,44,163
0x1720d3a3984c75e6514316c5aec903651e4abe28,218,75,143
0xb5893a75b74f9caccd3c23b4a974db5f53b4e9d2,252,200,52
0x09007e5a45bcfca2fdf8fe320d331af889f88256,252,237,15
0x06b3e0f4674474232b6cee01e14d7ddb08a04fbf,379,14,365
0xd501900646641eaf5755758e11eeaa43df691924,107,20,87
0x22b04a99ae8cf14248eeb6ceeb6b6b536673cc71,89,23,66
0xdd01a768ac00814325c0fa6d3314f0ef3fc19ac0,39,12,27
0xd20969460645add745f3f490d0f7aee1be60b741,417,105,312
0xcfef8857e9c80e3440a823971420f7fa5f62f020,83,83,0
0x863f7abaf3d279d301a1d5c6e1f321e2cd2b428d,145,15,130
0x87dcb78443f9814e300f5dafe8eaf46a34832742,308,94,214
0x78fd3fa3ce045f59eb8c4dc7c21906295a8e3ab4,341,257,84
0x4a9271911a7fcdef1159a8e6bf9874b28dced5c6,79,68,11
0x53e8ed5311d4815cb39007a5eadbea42d6d1046c,60,32,28
0x180ce135fffdc4e47c58ae7b7e5463b62fc4d4c2,60,57,3
0xde7d85157d9714eadf595045cc12ca4a5f3e2adb,215,53,162
0x6b1bff72f00cc147b5dc7a5b156fe7a6fd206dda,252,252,0
0x5930db0f73b9bcf40f42d72dabbfdd16249ec5be,159,141,18
0x5216db4d4cb22d1ba38866867c38d8e862974e82,266,37,229
0xa088ac5a19c28c882d71725c268244b233cffc62,74,39,35
0x9cc3a20d9e7789e5ad5f0b86edf2a65f55d26b41,81,81,0
0xc7ea7beb0606f2b7fb984206e363228456000bf8,43,12,31
0xd9c036e9eef725e5aca4a22239a23feb47c3f05d,254,162,92
0xfc1e1fd1d25d915c7eae1ece7112eb141dca540d,317,317,0
0x3acce66cd37518a6d77d9ea3039e00b3a2955460,297,98,199
0x26d2edd9bce916b9fecab9f3196367033dfef036,68,13,55
0x6f149d6738ad1001bbeb61814cd1fad92ef5ec6d,34,34,0
0x80b71d526bd9201078433bb3baf84feb6eba38da,74,52,22
0x64f35f96db9b2f54d258ec677332f24aa4846271,41,32,9
0xa086cd8e22d1e51735a2c338149ce62758d7b4ba,381,363,18
0x9c86c3f09406395d2cdac14e1415dc88a4a1806b,88,88,0
0x4e76fc610da679c9d07c7d640831ad6ff81e0252,65,45,20
0x837704ec8dfec198789baf061d6e93b0e1555da6,249,249,0
0xda3643af97eb050b79067aff8b3d72254505df86,46,45,1
0x934cdc04c434b8dbf3e1265f4f198d70566f7355,113,113,0
0x30a663f66fa4689b5482bc24df164ab6891b5bdb,258,258,0
0x7d0e26ae212734656f410bdbb53eb3d665b46b3f,176,125,51
0x3d6a1f739e471c61328eb8a8d8d998e591c0fd42,287,287,0
0xcb4307f1c3b5556256748ddf5b86e81258990b3c,445,118,327
0x5208390b80f7e4dd63b691896b8677b21fafbc32,140,104,36
0x55724d388aeb791f64ba42ee918a38ee28a39f19,92,48,44
0x744cb7dfd307d09d00a6e2b536ee616f3f897bdd,153,39,114
0xc8805cebd927941a3b26e2edced20d666fb118ba,86,5,81
0x97c3522f1900b9a075aeb513d956127627b5f86c,13,2,11
0x26248302283dc5cc6352ce3e85a261fee481fd07,64,62,2
0x534d37c630b7e4d2a6c1e064f3a2632739e9ee04,182,117,65
0xb3bc23be3e63532ca48a77cae930393b1c058ba5,24,24,0
0x4758f5189cecb2384e54389d1439cb8ebaf15565,187,33,154
0xea917326e8a95299c02655fe947962c43a11487f,73,19,54
0x8ddfd6149ddd2e34ff029291c27d6a8ed39b8e8b,63,45,18
0x0ee9acaebf415c0a9dc5e80ffee724ec5a105cc5,15,15,0
0x92491c8871ef7e06921f29238674caf54652f218,143,4,139
0xe8e9d211f9aa4b139b6a0ad59b6694be509f148d,65,61,4
0x47d182f57202af56d19d85a351cb18afb8b7ac16,183,3,180
0x4c11249814f11b9346808179cf06e71ac328c1b5,271,88,183
0x0ea256a96999647a07d63ba2a02823c30abf8c3a,62,62,0
0xb31ef9e52d94d4120eb44fe1ddfde5b4654a6515,118,118,0
0xf2e63dcf2a215826ddc3c543f495da807becaaea,71,60,11
0x6c5f5e5a5bb4a140789c090c3f80cc875078c6db,104,84,20
0x5e3217b92a69147ec6e8675669819ed718ad6b4a,47,41,6
0xdaeecd365bcec74656bd4068879db469e815641d,247,99,148
0xfd7869963a29e18c66c90715c6621fbed5bf81c9,34,28,6
0x4e19034ad1f56f0208e38caecb24b4557a64b428,70,63,7
0xb48eb7b72ff5a4b5ef044ea9e706c990bb33884d,144,127,17
0x738e19cbe9f0443772b0ccce45d9fd8f98057850,334,3,331
0x70e8de73ce538da2beed35d14187f6959a8eca96,158,158,0
0x77372f52b61d8a2946a73ca3a00c02e8c7b588de,52,41,11
0xaf4dce16da2877f8c9e00544c93b62ac40631f16,364,277,87
0x3c48ca59bf2699e51d4974d4b6d284ae52076e5e,51,51,0
0x64de91f5a373cd4c28de3600cb34c7c6ce410c85,304,304,0
0x52ec2f3d7c5977a8e558c8d9c6000b615098e8fc,32,32,0
0x9c066824f00b9f444f6d56f29c949a07eaab39fc,85,1,84
0xb8be3baea710c42b1fee566f1086b169b726f4a8,239,149,90
0x4717b54e2f36e62d0cb55495196ff13943e86d81,21,13,8
0x1c96e737e576de9d44dabe5751afc86a91a25903,268,63,205
0x116aebbad1c8226c80f9f0cb4e255540a0f7afd9,120,36,84
0x31d4c5be1082a88f2abafea549b6c189c2cf057f,295,213,82
0x8d609bd201beaea7dccbfbd9c22851e23da68691,414,132,282
0x508d06b8f3a4b0fd363239ce61e0c4b0b82f3626,182,145,37
0x1ed89eb526a8be0ac8c5f7a1646698c6913029e1,94,71,23
0xb3c60348a8f8ed8b260fd1966c9f2b740e6caedf,31,1,30
0xe41bea6888f771a0c16d7188284522b76c135252,118,26,92
0x0e64e8432a259c52846acdaf4e529125e840160f,125,66,59
0x464fdb8affc9bac185a7393fd4298137866dcfb8,83,78,5
0x06911466341299d79e9e1368a016c73d009691cc,118,65,53
0xa47da714d0265c012e85703fa7280d69fd5961df,74,50,24
0xd376e16ac4d2160541048e08eb95001b6b8f1a68,51,36,15
0x7ea61250bc132cfa1ac90b266241038376406e5b,28,1,27
0x88cb253d4c8cab8cdf7948a9251db85a13669e23,83,83,0
0xd5bf9e015755489d7f8e1465ce3d82cc550efec8,65,15,50
0x4d0d840f32c8def495170318dd052f2d082d4906,105,44,61
0x963b9e20321cab408f3b35520f0fe3f54148f508,135,50,85
0x91f42059d9258f82544267abca56af6b1487e727,87,85,2
0xe31107697ac27303a12de3f17b89b53a33a1696e,19,8,11
0xee37e56f3a47d7c752c92407064f96077338fd5d,100,37,63
0x5a7c2faf1f08314a1c24f4e09f452d4eb11f6eec,324,0,324
0x334238e4e2ea83c3695f90c40f7608cb78ea5c79,45,44,1
0xf3545dd41364ceb7aad568f4b60981b49c81d81d,37,13,24
0x3266724e4e58e5891eb30e6d329ba119a192483c,116,116,0
0x568a6f14c8096983b341b5514930a45637e13222,225,30,195
0x25a339134e8eeedc9b73a51f2a4aebeaa1ae7b97,39,39,0
0x6cc8e06d647883868f2d3149b0ea0734fd67f3e4,316,263,53
0xa3b7cee4e082183e69a03fc03476f28b12c545a7,113,74,39
0xb0eac62cfaa83d774a0ee5cd12c48b1f9e245513,45,41,4
0xabf9e19cdd5d46bf13f94570d37db8d70b592e1d,33,30,3
0x72b886d09c117654ab7da13a14d603001de0b777,130,130,0
0x5d95c4c73e152727750df27ff7da1c7169430dd6,147,33,114
0x9192249b95d0d3dacb3a0b0cd93560f4209c7493,3,1,2
0x1f27b6676aed74571c86a9a2684f86af8960a1d8,354,93,261
0x970d5e0bd5c4f193fccf7fd579590c5f5c69b2d9,141,33,108
0x818bab157da988549f570e6e71ac8c6c68719b26,107,59,48
0x26db7c201cf83b0a5f4e764e854b9f108ef0e71c,184,181,3
0xacacef43b4a695c06daab79725477327bdcbfd0b,48,44,4
0xca62ec42a1f25db13a55a4ef65dadf8c5ee260e8,349,56,293
0xac43f1c3dec807ceab45e9ab3327126aa69b7a26,191,162,29
0x34b6f5aa05d2bf9e524d5f0f5fa8cea6dbef2bcd,447,6,441
0x9e04f519b094f5f8210441e285f603f4d2b50084,60,8,52
0xa42707dd8e034ce97945e7cc107fc593772602ce,76,72,4
0x2f71f82d082cf7ece361f5992679fadd52b645a9,118,26,92
0x558b43902dac85134c72a2b948e8db597e2992f0,21,20,1
0xb474842a8c01d9de15b2781462673e1ac62bd5ce,33,33,0
0x2a036569dbbe7730d69ed664b74412e49f43c2c0,124,36,88
0xf170dc852241822f16f2c51d8f0f58164a863f79,31,29,2
0xb7bceb36c5f0f8ec1fb67aaeeed2d7252112ea21,326,326,0
0x7e5f21576c3eb6796de56c21f09b93e1677050e0,46,36,10
0x9c99d7f09d4a7e23ea4e36aec4cb590c5bbdb0e2,165,27,138
0x0a16305612706b4eabce43247d61fe7fbed708e4,395,89,306
0x9f5a47429d263f5f6c0d3c7423364e73f6fc3174,371,100,271
0xe22d6d84e048f08687c087561a350a33d8af7cc1,66,50,16
0x2fc52c61fb0c03489649311989ce2689d93dc1a2,144,9,135
0x88c2177f954a36ba4b138c772db8707d41c13cd9,14,13,1
0x6d3ab34f42f8ecf7645f05c343f8d520e0764589,56,43,13
0x87e0864de88c60c5d11d51647e5bf12db3974674,46,12,34
0xd73ca0d13e2bba8fbc6cfe60c8fd5753563da1de,20,20,0
0x24ed24f98965acad3109bf0786dcc67f7496ba55,77,70,7
0xc67f5e3a5b697ae004edd8f84925189a81c6dc4b,79,43,36
0x32ddbb0fc65bb53e1f7d6dc1c2a713e9a695b75b,196,103,93
0x809826cceab68c387726af962713b64cb5cb3cca,433,126,307
0x8035d57f384b79ac0f808359630daf479fbe80d9,46,32,14
0x66f73d0fd4161cfad4302dc145ff994375c13475,57,19,38
0xc7df86762ba83f2a6197e1ff9bb40ae0f696b9e6,163,61,102
0x12770beb72920bcdff7b132e207040691dd27213,111,23,88
0xd98827cad6c190ecc5bff92cdceae8b167f468c2,115,25,90
0x90d9fb9cd52fd640f589c1e74955ef573ce63ca6,97,84,13
0xd186db306f8bbdd515663e3880b2a94c16fa58b2,358,113,245
0x172700a7dbbf92ee1db1474f956fd1078d2d0a00,41,10,31
0xf297f8970ef3dadb3beb6de78b135debaad3a626,164,98,66
0x3d198d8c45c3d2adec3eefd1a550947718b200f7,37,37,0
0xdbd9f2007fc114306b078edd1b832af3ad5c2980,36,35,1
0x229d314730a8bc5547f05bf54163c20cfe8e013b,40,25,15
0xcf8918df752ad873b79f8ea05a80ad8fd02a64e6,257,204,53
0xa93a4c25bc4c5395c66adfb53e264bd870ca2876,431,431,0
0xe1c7e30c42c24582888c758984f6e382096786bd,206,71,135
0xbd4b2dd8fbcecb2af5904ff5f218037b0f693275,39,5,34
0x2c9c19ce3b15ae77c6d80aec3c1194cfd6f7f3fa,88,87,1
0x71381aa65eaa38e77bf14ae450da9f6202eb59fa,45,11,34
0xc89c55c62128b8ae7cb1c4923733585ca709ea74,24,0,24
0x64a1c0937728d8d2fa8cd81ef61a9c860b7362db,162,109,53
0x1788430620960f9a70e3dc14202a3a35dde1a316,191,59,132
0x478b33d7f923eecb39a712e038cf2f40293b96ae,165,45,120
0xd5eab5726bcd05a62becc74bdac5df9c7fa93622,445,11,434
0xcdefd353ba028a77c1cfbbf9571e7a19df582380,63,51,12
0x1a300c5a5639c4605c1b47f6e079e8b4056a9376,76,0,76
0x742e8ffa4f7c7e1f07ae576e2d2fc712bc925653,343,316,27
0x626e8036deb333b408be468f951bdb42433cbf18,202,197,5
0x19bfcdea24062e7db4e92c6742032cd89a3c8e07,71,14,57
0x29b4ea6b1164c7cd8a3a0a1dc4ad88d1e0589124,95,66,29
0x1e725bcc09ad221d35af5adeda404fb2147b43fa,110,36,74
0x0f18d9e6111fadf9151f769a9ebd47d093ad2899,35,22,13
0x8eb24319393716668d768dcec29356ae9cffe285,420,206,214
0xe6d1cf4945c90409963227caf95cfab0dcd61537,43,32,11
0xd95c08db87628febfc551c1ff1cfc9fe1269ef9c,187,155,32
0xb271d2c9e693dde033d97f8a3c9911781329e4ca,326,5,321
0xd8faf7d15782c60d71e55895f2419566643ba9bb,95,78,17
0xa71b14c54a379ac373687be30fff502cc1b260d2,23,21,2
0xa63673fd80e67aaeab5489c61760a490476a748a,99,22,77
0x67062888a7c4d7acac8d4ee82920aa1e0189accc,115,76,39
0x63347a7ffe6d0974b7dafd0cd18ff000c25ca5a8,25,19,6
0x0c2b624f5e1c0e2843e4cf78d6d0303eb2259ea6,27,27,0
0xb000a4933107033a4e5483a1576eda178f769508,125,79,46
0x15b363ceb7688a727b8406aed009d70f7704cd34,267,72,195
0xf61690ed5334d00ba7e03ff96dacf1fcf0685169,80,75,5
0x8a2279d4a90b6fe1c4b30fa660cc9f926797baa2,190,57,133
0xcbbbdd5e36f579369d92e2c7514a61d88b5dfe05,33,33,0
0xb184b9414e7d7c436b7097ed2c774bb56fae392f,190,99,91
0x5b003b8a7ddc04ccf873cd098647dd525ad5e854,67,53,14
0xe493ea3c5f689280b19f4f566a62e65e7bc5c4ff,43,43,0
0x37c997b35c619c21323f3518b9357914e8b99525,91,2,89
0x049bddf5c1aa5ec3edae66525379e3c30cdf88a7,33,23,10
0x1482d014aacbeabe40e81aaecfa53c1b226a059f,18,18,0
0x0ee1fb382caf98e86e97e51f9f42f8b4654020f3,39,22,17
0xa2ea5cb0614f6428421a39ec09b013cc3336efbe,44,19,25
0x64a2ae6d69f6c6ff2efcd99b00476f61f5dfb7ef,63,7,56
0x33b4fe5e40e4903a0849ca97b3292eac3eb0aa36,63,37,26
0x66f4735c4fcd49832b5746c767b168fa1ff89407,54,51,3
0x63f421b24cea6765b326753f6d4e558c21ea8f76,242,76,166
0x22c594c42fcd0b9dfde27aa8976a510c9d044356,299,242,57
0xb318d1b6805d2f8ec0e95e2600ad60b4725827c7,388,371,17
0xea3171718dc324d8258dcdb92268cb62649bd0c1,146,107,39
0x334ec5498b9fe6575d118d89a8c9f3b4472f7862,33,33,0
0x4f70d1c9d5c8a57db5acc139915f69d06bd22f49,201,94,107
0x2e38ead6a330fc54dc543df6e7cec73b4eb874aa,278,278,0
0x46a53e620b5bf44a4400ecb576141aa6205f7431,176,108,68
0x96ff741d07a856f69527fbe07cb4f67640e97ee4,23,23,0
0x7abc458a355beb1866bbf3563d48ad5a1c904621,333,162,171
0x162b78713ec6eb643e5f3bb52fbad9d3c5233ef9,60,45,15
0x9f9b2b8e268d06dc67f0f76627654b80e219e1d6,241,188,53
0x01b23286ff60a543ec29366ae8d6b6274ca20541,80,25,55
0xeeea6c44d19df3855afa7350a5b78e59bd56dd89,44,41,3
0xeed10864e9fd813d12a0f40eb5f73ff2d31b2abb,50,19,31
0xe6028b8ecd996f719a5d5ad0c15f3667258eebe0,134,99,35
0x6f5e77cea0abdda40013a8ef53639c96972fb745,74,74,0
0x7a1eb86c35136143dda358d4a2d8ac25c4902388,496,25,471
0x4ea8972d6dca586baf22dfbe727f31c3274765ae,283,33,250
0xc4a0b1e7aa137ada8b2f911a501638088dfdd508,92,26,66
0x5a775dd40782bd0238472a57b3780ff54da6e669,285,277,8
0x249c3a9839c27a6a79820a24e7a6fec6b5992423,28,13,15
0x6f0365ca2c1dd63473f898a60f878a07e0f68a26,180,35,145
0x52ad791ed49d4d8b0e2d029a381f703f57e37614,49,24,25
0xb95e7a78764fefe89d9795c7641f6136278b7c28,139,129,10
0xd3771e1aad236a9ff04b4ecef91ab88f45eabcc4,383,379,4
0x7ed2ddad638ec29d71868b1e967fc8b53573ef62,174,80,94
0xc6065b9fc8171ad3d29bad510709249681758972,42,3,39
0x5423856728612f358c84a37805799755be2722c8,68,59,9
0x7ba6f990188f0a28594ca2441c0bde310c2bdd70,22,22,0
0xe2889645716c27194b75484eb7150f9c9ddd824c,186,112,74
0x6ff2f6ee0db091d7cfde2f2220ae25e90d7032a1,65,60,5
0xaf847f761e4fc8165f0261808d8ab5acbb7fd77a,65,47,18
0x15a2bbf2db5cb0ca73ed97e4fc1250ecb7f0645c,43,36,7
0x1569f5d2114dafbd35d7c756f58510703b04d35d,33,5,28
0x8419721412da63076b4556247a028e93ab51f9f4,89,89,0
0x622eb38c3640d6b3f2886564f721e366daccf379,69,69,0
0x3d7bacc0dea5b0b2e65b9cb25540abc612e6f61e,35,34,1
0x85522a73cb3fd47d3616e5e82b4988b05a5b8576,57,16,41
0x400850974d6d69bb5f71e0f7de445fe27e132838,135,95,40
0xad265ab9b99296364f13ce5b8b3e8d0998778bfb,335,245,90
0x4f224627a5588c104168060c70175efb6af414ea,83,33,50
0xd60917e1abde5c9e3395cfba5688c735a89b3281,165,23,142
0x3e52dd75ebb13077fc0eb3eefd8a69fb5ad39aa9,55,36,19
0x8c539b123424dbb7949b9f683ac466fbadfb0699,66,66,0
0x3eeb21a41025d9ec8d9540aa6d17d6900eec6957,84,39,45
0x46a026ba6537edca574990666d69cc3b3b85f456,22,6,16
0xfcb1315c4273954f74cb16d5b663dbf479eec62e,263,172,91
0xa87f2697241913fbcebb49add1f5e38a891758de,490,27,463
0x130cfab3817467f532c179d4e6502f5a7e7d44c7,80,0,80
0x8a854288a5976036a725879164ca3e91d30c6a1b,364,364,0
0x5bf844122db21ae6f787ddda9806aa7dd6489998,34,34,0
0x681c4f8f69cf68852bad092086ffeab31f5b812c,349,349,0
0x769a6dd9fa2178c486f1718537ebd365d7a0ae10,65,37,28
0xdd510ce28dfd085d9cf58f5402ca6d63985e83c0,386,386,0
0x9294b5bce53c444eb78b7bd9532d809e9b9cd123,260,138,122
0x320cb39d51acff8a9a18084b168917372654223f,335,335,0
0x08d967bb0134f2d07f7cfb6e246680c53927dd30,208,72,136
0xfe459828c90c0ba4bc8b42f5c5d44f316700b430,76,76,0
0x997dc9046a17605e347ddf4879d0675837c26222,15,14,1
0x6632a9d63e142f17a668064d41a21193b49b41a0,209,119,90
0x9048de699869385756939a7bb0a22b6d6cb63a83,128,32,96
0x215de37f364801c2306cc4a4ed63780e614979e7,128,38,90
0xd4f8b4826847ca01652acaaf09e48b3cb96f72df,224,20,204
0x9addc548b700b1e6e8d9c9cac3303b847f1c0944,41,30,11
0xac144405e0710b334a7cde5ece6abcc1df63022a,36,33,3
0xbba10c994e2780b459cf6511d9ad3d4f5d38b5a1,144,2,142
0xc2ac394984f3850027dac95fe8a62e446c5fb786,104,30,74
0x36060a7313a65d4d510827003bdc7166f23c1c67,103,68,35
0x0f2d719407fdbeff09d87557abb7232601fd9f29,167,167,0
0x6cbe9edec134b9d750f4f515dc02a9bd656ed512,100,76,24
0x3aadc3bce49724ce299fd9f3850211211c399c8c,49,49,0
0xe3feb315ae49491900e34763d7d5aecc4277d843,147,99,48
0x6f24a2a5ecfffb0610f69929e9aa7fcef441897a,82,42,40
0x11ce3c5ecfa4cc788eaa94157a63a1ca4863a90c,97,80,17
0x5c523d6abe17e98eaa58c2df62a6ec9162f3b9a1,125,37,88
0xdd7e26849f031562d4def5f06598a270eccb9460,473,464,9
0x81a83975c9ed8c56c45154e42967d084ac58a17d,125,61,64
0x72519fa6cd095c99d5d67e31ddc117409bc5c047,41,41,0
0x4e13607c0777e86dfac61748c18b44595d23c9d6,107,64,43
0x4a8f5f96d5436e43112c2fbc6a9f70da9e4e16d4,35,1,34
0x5c211b8e4f93f00e2bd68e82f4e00fbb3302b35c,166,101,65
0x4521c9ad6a3d4230803ab752ed238be11f8b342f,142,19,123
0x165f6bf638a83ef603064d84f12ea944d17dc8da,55,16,39
0x10d97d524577ae4df2724c83aab184c23fdf5d0c,60,16,44
0xe909c4a1275e8fd21accda5d4332d2306d2812ad,174,46,128
0x4db2f986ca49d3938b472a3bf1aeba6168e61f7a,64,22,42
0xd1c352788be45e2896a24780a53e83dae4543ff0,36,24,12
0xf8417de025933ed54d39f8a4f67bcc9d83c13665,41,0,41
0x553cb3f9dfb836f0d192545f99987c0bce1cd27c,88,33,55
0xd1b624f07a4d9b3e3746e33cb58f42df079b5444,43,40,3
0x5308ae1a272e87cb5b09d1b09492a414148b71a1,83,72,11
0xf5b5efc906513b4344ebabcf47a04901f99f09f3,143,41,102
0x8abe8ccc71aee3e80bd02e7a3ee09f12ff425c9c,61,61,0
0x535181d7a6e103b927afac13de159b07f9dcea6e,70,55,15
0x4287bd7cc2b4aa8650e2887055a4674759c216e2,366,345,21
0xaea3f88b62e87f7bf5e99972a22439071b3a0135,81,81,0
0xfdeef424c147e869a9bb2723874186f06f36b386,83,27,56
0xb02ffc9f45dd07cce192d7b8ddddc9eecee13aa6,33,8,25
0x974b48447a2b0e235a2bae5026de178ebab433ad,26,20,6
0x08389495d7456e1951ddf7c3a1314a4bfb646d8b,140,140,0
0x2f8d29fe4cb2c7836d2678ffc344904cc46ebe37,40,38,2
0x3ab6ed69ef663bd986ee59205ccad8a20f98b4c2,108,108,0
0x0586d61c978acbf8bd793649d7f33158a1d8fc93,47,47,0
0xa02120696c7b8fe16c09c749e4598819b2b0e915,93,5,88
0x7995ab36bb307afa6a683c24a25d90dc1ea83566,242,27,215
0x49aac71bb0ca59feff7900dc5d15c81efd354ce0,32,9,23
0x55de881dcc0cffb648860635fac8997d65db6cb1,139,41,98
0xa3417899116f780c72c8f6fc60842cb36c4454a1,47,47,0
0x8dccd0ac948d4dd262fbd0e679c3d54677f56b34,170,47,123
0xb59933d1e071abb1199d1bf87dd2f938fdb35999,24,9,15
0x7d0e63736aeb136acd44c70d6e1a0f27fb897679,390,256,134
0x91cc3844b8271337679f8c00cb2d238886917d40,226,92,134
0x5f75b17a44625f8814fea5b30fecd3d6ab510bb0,334,334,0
0x9a43be5183a9f69cc7e03d29ae9f24f133038f9f,281,67,214
0x98a4f41cdae6df13088b0ba0f25f688365348f6b,24,24,0
0x321864ddb3066d8268073ecee591da52c308eb40,71,7,64
0xc67b12049c2d0cf6e476bc64c7f82fc6c63cffc5,96,96,0
0x78a5e2b8c280fa5580fbe1e1ed546183f959d305,144,82,62
0x846c66cf71c43f80403b51fe3906b3599d63336f,237,84,153
0x602f65bb8b8098ad804e99db6760fd36208cd967,59,24,35
0x52daf33dac423ca3d63e53b098e3edab3acfdb0e,121,97,24
0xc1529c75a3b5cb40d5727cff5d113a7fd380632d,43,38,5
0x250e674ec63df4273c493c419d9f1e44035cbdac,112,74,38
0x2e792f8d3ee6dc4abb62b95f1f7ba2b6904ea7a5,30,8,22
0x76a34d72b9cf97d972fb0e390eb053a37f211c74,101,66,35
0xdb7b094fdc04f51560a03a99f747044951b73727,111,49,62
0xba6b0dbb2ba8daa8f5d6817946393aef8d3a4487,41,41,0
0x1ffcd1f2511d4a277a7efc08a4f3e808544f6ab0,435,44,391
0x2c9023bbc572ff8dc1228c7858a280046ea8c9e5,254,77,177
0xb7c9e99da8a857ce576a830a9c19312114d9de02,127,8,119
0xd9f23b79810b4fa2785d3399ba0a4cbb0e42be51,38,14,24
0x8fb6df76235b2f1c605f0ee962d1a727783e0221,357,357,0
0x94bccfcbefd6102b953a85afb81236958c10feed,297,22,275
0xdcb1cdfe2b5f592e7bdc2696b7a68c6e866c4cc2,468,49,419
0xb5068f4f23ce76f6f9e789e39b390de176a21e7f,140,38,102
0x2ba797c234c8fe25847225b11b616bce729b0b53,34,20,14
0x805c2077f3ab224d889f9c3992b41b2f4722c787,104,53,51
0xf5427f53bb7362d2cedcd143bcf0a6a16ecb916a,315,311,4
0x73f16f0c0cd1a078a54894974c5c054d8dc1a3d7,379,379,0
0x477f516db22683e65df58c2cba4f5d5859d48424,148,50,98
0x87c4ba6f6ee73e0d420eb56c54243a5ae486e51b,329,143,186
0xec7f8a34b97ac65caad3841659f2cd54285a3950,141,67,74
0xd9d74a29307cc6fc8bf424ee4217f1a587fbc8dc,32,32,0
0x8740540363ecd1e426333b2af89b5d8bd3606002,205,137,68
0xd56ebc09816e5015874d463a301821ad5e0d2f0b,64,16,48
0x564207a9cfb374157bfc6ac7472d8782bbc0f4d9,51,51,0
0x7fd0e15577e54d80bf6f00c6343c0af2297db45c,35,35,0
0x2a2550e0a75acec6d811ae3930732f7f3ad67588,84,84,0
0x39edffb48fd5cac073e5ffa512c2150d5b5aaabc,188,28,160
0xb84f1226f321f62fd3c4becb1b8f26b8420f1735,37,11,26
0x25990c664d53bb17a175050170043ed4b983a221,15,15,0
0x8b5967b5e370666acce559e7b7bec52c63ef0f89,52,45,7
0xe1747a23c44f445062078e3c528c9f4c28c50a51,148,139,9
0x25a1de1c3ee658fe034b8914a1d8d34110423af8,146,56,90
0x6e9da81ce622fb65abf6a8d8040e460ff2543add,191,42,149
0x3ebe3ac2aafac38fe35427fd07cebe2a8bbb9b74,263,32,231
0x956a316aa74b489ccf26b4be79f80183f31b39c0,64,16,48
0xeb6600e62c24d17734c1807414a9159b116c9520,361,262,99
0x2299bfdd01ea047a1a3231c2702bfcb44c1e4d25,99,73,26
0x7140400c663da4c4fe6adbc26340fc17827c5481,97,84,13
0x64b53b530322da81f1c5ba3c206fa291d5f332cb,48,48,0
0xd45eb82de0f33d4d2261c46b03a6000dd2366480,234,52,182
0x42bbfa2e77757c645eeaad1655e0911a7553efbc,117,117,0
0x22674fd4ce74765c211eec01698fda36f57a650a,120,47,73
0xda19f6959c47fd207746808adb04c79e3b358997,34,10,24
0x94952c05f3c1ee0810f7c84574773a8c65c8ffb7,142,97,45
0xd5ccbc9a8f13bb6cfec7938992bdf04ff1a45683,26,24,2
0x513ef3f0d5259a0819370459a86930d047bf8e9d,79,79,0
0x905bdb976e4bdef5b42c83475f54d1c2903a9bf7,118,113,5
0x950b9476a4de757bb134483029ac4ec17e739e3a,191,34,157
0x784d3caf4bff470bd54b5219bf8208b13bed25a3,251,195,56
0x1c48f86ae57291f7686349f12601910bd8d470bb,164,164,0
0x66290793c75abe25f4edb91eda3ebd0a221c30e3,82,25,57
0xb27614ba8d583faf8177eaca1239188d63b4c4e8,347,332,15
0x7ac66d40d80d2d8d1e45d6b5b10a1c9d1fd69354,418,372,46
0xc4e600b2aaca19da4199cb87589ed90184a59246,231,200,31
0x0a0d164a2e7e0423f5f61533dccfab1b6efd6b4b,34,12,22
0x882a64d93779d0f4e50cca3c8735c61983f462a1,58,58,0
0x1b7b76b3febae2898499705e1adab7f724668f4a,21,20,1
0xb71b1720a28732060acbd259b03fcda768a6ddd0,37,34,3
0x7f3141c4d6b047fb930991b450f1ed996a51cb26,62,62,0
0x0c9153d9abb5e0489c89b38837f248816f151f42,255,214,41
0xdb298285fe4c5410b05390ca80e8fbe9de1f259b,81,18,63
0xadd3bcad41124026e300991e862621419e96b626,34,5,29
0xaa099b15ee2ad59e7c2eb553bcb184cb2473f21f,43,22,21
0xf16e81dce15b08f326220742020379b855b87df9,193,58,135
0x2cea61e0ec92009e6623532413a2961b0e2ca5ff,403,27,376
0x2b7d62c8d3e0cdf1c51c0a0d5077a34ab47b45ba,79,61,18
0x8a94dbfb613958e0cd78b4461edcfc9c97d9b708,119,79,40
0xc308e9f442e56a05e61bb785d7e048f0e52bec5f,70,17,53
0xd10ea170fcfd4d6f2c9fd7a596d7b0ba10a52648,393,89,304
0xb85f4b36549e03c20242a3c6ef705221fdbd0843,40,38,2
0x01ff50f8b7f74e4f00580d9596cd3d0d6d6e326f,203,65,138
0xf78765bd14b4e8527d9e4e5c5a5c11a44ad12f47,186,59,127
0x697e0a5e2a6be117760d192a03fac688e774efcf,114,81,33
0x82a8f334a4b6e7d62cca189d44c295a293dce631,28,10,18
0xf205969d2822900d4617731d3a7b62535d8beb50,68,51,17
0x0eed0a2b4df338fc1bca6115e4100592632d14cd,92,65,27
0x05fee3b8e939acbb4e8073d784e3ec0977509770,312,230,82
0xc8de19e46a370ae31e6f64880cebc3884214b826,70,65,5
0x58169d34e9298761f97a06cf9ba5f4b134e268b9,60,50,10
0x486be2be480aed1e21ba884b0b559fdd0eb14153,52,17,35
0x89ac26c0afcb28ec55b6cd2f6b7dad867fa24639,160,160,0
0xe84a94b049eb07386e9f9316fe45651e8987236d,154,120,34
0x4bb33f6e69fd62cf3abbcc6f1f43b94a5d572c2b,135,34,101
0x75ecb52e403c617679fbd3e77a50f9d10a842387,56,13,43
0x1a2d222c3ff93f4f1a9d26b27f6669bf8522aa62,26,26,0
0x8e0fe2947752be0d5acf73aae77362daf79cb379,61,61,0
0x0e42ffbac75bcc30cd0015f8aaa608539ba35fbb,104,50,54
0xf1268733c6fb05ef6be9cf23d24436dcd6e0b35e,302,230,72
0x386300f232aca4bda9253f3201fa512683b6e477,409,144,265
0x4f89cd0cae1e54d98db6a80150a824a533502eea,156,87,69
0x5c2877fb8992d22b8d764e7d799b7f89d8130ecb,128,82,46
0x7c41e89e299b1af7c549d42e1483b25bf84b1a11,44,7,37
0xd9aaf0b1733159a4628ecf718a9a3920691891ad,62,12,50
0xd46814b736db3c6feed576a59e3ff140075c9e0a,143,60,83
0x27787755137863bb7f2387ed34942543c9f24efe,180,51,129
0xac87febdf7ef7d5f930497cafab9c25d35b932f9,157,49,108
0xe8d86c216439a50eba1ea01007addfde17fd471f,266,116,150
0x5d01663be95186409129eb4696b6a9d2be8c825e,378,9,369
0x77caa81d0c99383c9ff4ba177d0c69c8a41f0f50,63,34,29
0xccc8cb5229b0ac8069c51fd58367fd1e622afd97,182,61,121
0xc7c9567bd3020e8148e43d0831c33d4843f0b0e1,139,76,63
0x0c6822ca73de6871f27acd9ca05a05b99294b805,306,9,297
0x98e5790f343b83e850c20fb2d100b28de5e8aeeb,407,17,390
0x69690fa25f3c2d4ccbf0e4395b098951f7473ccb,62,52,10
0xe8fab2124411e8f5643b15a4a439109ebdd7c9d5,114,95,19
0x851d6f58f2e5f425da765453054a39c93f5d940a,41,4,37
0x503b13a4fee55d0178a44c2c45319ad266e56508,58,58,0
0xaa6f1adf4915955717d8fc66758ff604797fd889,31,28,3
0xe803178b48a0e560c2b19f3b3d4e504f79d229ce,60,12,48
0xacf63e56fd08970b43401492a02f6f38b6635c91,181,62,119
0x399bd363426dfdd7f84fe8b917e1a3525b039309,38,38,0
0x770ca0b825810f43ca7d67fdc2bdc7f10f911264,89,80,9
0x3121c26bd9749cd1951dec16e0d22dc68879173c,198,5,193
0x2b841d4b7ca08d45cc3de814de08850dc3008c43,185,93,92
0xeab695a8f5a44f583003a8bc97d677880d528248,490,490,0
0xc9e3ca32caaa6ee67476c5d35d4b8ec64f58d4ad,232,69,163
0x056354f3ff20743aa4c0da365603871c7000b081,109,33,76
0x2bc26843dfac673e5936851a94b48f391d49c35b,43,43,0
0xcf0c122c6b73ff809c693db761e7baebe62b6a2e,371,371,0
0x659cf1306edba213d1fb8f9352b4593a82b05d0c,74,42,32
0x5973ff9948aa4f90bee03b4dfd17620b2d098506,104,78,26
0x8bb6f9463524af5c248d085d37c91b96d8aaff80,57,11,46
0x134460d32fc66a6d84487c20dcd9fdcf92316017,320,85,235
0x921fa0f0fe7e01e861b2cf583a54a8c3e9b40b1e,58,2,56
0x9cc26d6c68af6c7b7316dea943f059441a54d68a,81,54,27
0x3c2eb40d25a4b2b5a068a959a40d57d63dc98b95,51,34,17
0xb1dc55ef244365b490fd742ffef3f1f76f754c72,41,34,7
0x6c2ee8f91eeedab26bab7fddc8b6ae8ecb045a99,17,16,1
0xc314d734eae9b3926c15bc2c89596822b541effd,131,131,0
0x38b7e06eb1a6b8af8b3a06ecc0f673d9f8421ebb,58,10,48
0xc782ab25dac76565d3fdede36fcf87227c9217da,177,99,78
0xbe38cdeb8a95e78b3209c80c9c251d47e5ac8756,3,1,2
0xb4dff5da3c48d6411f6ac633ca634454d77c9353,10,10,0
0x940a2db1b7008b6c776d4faaca729d6d4a4aa551,240,85,155
0xd5af737470e963f40f9e681b2e9d12acdbbb5492,252,45,207
0x8300cbee453bcf3ea7807da6489519203ce409d9,76,16,60
0x21663c006603f43a40c638fcd2406940aa96da19,105,22,83
0x16a534a7fff753c9fb58dcaeabc1a6b33424d7e3,51,30,21
0x8782248479384806592275850628480268655141,45,31,14
0x7ae89e0730cc05ecf952f6eb9b5ec19083342699,73,55,18
0xb1784e823dc14ad29ec3080127f9d04a6c968ae5,36,5,31
0x80151bf10579df3aeb59e747d3ac0201e4290986,157,83,74
0x3ea8ea4237344c9931214796d9417af1a1180770,56,28,28
0x880ed873dde83f533564903c8aebb6e9fa9f8c81,148,90,58
0x15a0995025ce062c9511eb483749b68d7363fdbd,148,129,19
0xdb9d18375ffc8f646849e8caa46d4ebb994024fc,75,50,25
0x031ac90dcb0f59ac3a73a4a4dfaf1d88ad03ef0c,223,223,0
0xf05e0a149e4ab0253aa5e1575302e721d02369c0,116,69,47
0xcea55a18b3beb6c2fab7e546679037d3d845011b,22,22,0
0xa23c1194d421f252b4e6d5edcc3205f7650a4ebe,50,1,49
0xc67be59f359c48eb46bca5eb6a50429c8f04af96,191,93,98
0x8e1b448ec7adfc7fa35fc2e885678bd323176e34,240,80,160
0x506a286a6bb78c9e5d189f436619a87a90aab088,122,93,29
0xe0962d2e64c5922ea7e8b4967077c4cb7ea7cbc3,248,173,75
0x80d2f4321d5fcbae61d06b8a716b1b1ef49471df,54,16,38
0x5ef37d3c4b5b70f7453b93f811dce5ae169ed736,50,48,2
0x66ebc734c5aa30dded9c5886e7e0e4ae105dd6e5,50,50,0
0x73da73ef3a6982109c4d5bdb0db9dd3e3783f313,363,41,322
0xfc6bc5d50912354e89bad4dabf053bca2d7cd817,426,75,351
0x36b00c4c6ce3653a091c7940fc98c3acb0043871,91,4,87
0x3da2133160967ed0ac99a807e3bf9dc98fb9a15c,136,108,28
0xfc0946b334b3ba133d239207a4d01da1b75cf51b,219,182,37
0xef2eecaabfce330a3f5fa24c99e27d5a04a2155b,84,57,27
0xb1cc77e701de60fe246607565cf7edc9d9b6b963,75,42,33
0x000000059619cdddc056910672abc90887136a95,132,115,17
0x3496b523e5c00a4b4150d6721320cddb234c3079,132,132,0
0xfd2043f00450ed34589dffedc85875b9ee9855d9,41,41,0
0x56d4af4959a30b5d1f360130132dc7dd0d3ec370,32,9,23
0x6123b0049f904d730db3c36a31167d9d4121fa6b,138,82,56
0xc744df3419a8c9bd4d6b9852a503eb1c5308a326,37,37,0
0x15b2e5f145b7b8a72320d19957895ac8919a4127,50,48,2
0x24103f6f965785972f0bdba638cda7a48b7ac232,131,50,81
0xa72255611b53d42f327bf958e9532904530563a1,25,25,0
0x1d2a1292bd92dea7be273592b5343aa35ff2eeda,196,68,128
0xe935e764da0f1a2597f9c1bf13a64515bff9f7d7,373,332,41
0x44fd3c75124768bb7df3a8b20dd65352df75ec6b,120,120,0
0x878e06b10573e1d09864a9ab2641a91eda5bcbe1,67,29,38
0x1897d69cc0088d89c1e94889fbd2efffcefed778,136,97,39
0xe2dbd3ef8d0af1b8537fea5817db3508212d677a,98,97,1
0xfe5023264a0c2ac70018e1a8a6cc2418b70f1358,38,34,4
0x1e52f7a450b08b1b249a4f4f54518fc5278c2285,108,106,2
0xb7960ec09ee11ba7606eb881991d6ded46d8c198,165,158,7
0xffed35bc5fb514098df353840e4eda01c4c7c776,266,19,247
0xf30547ff2df1f1cbe5c8dd758b3dd098c856e38f,91,19,72
0x2da719db753dfa10a62e140f436e1d67f2ddb0d6,122,122,0
0x3c0417900f5231d448c32c7f4cad40e1efad36fc,180,20,160
0xe12992c2c1ac6576fac2ae4089f96b3e1e71b07d,36,30,6
0x28a7149960bd2176809d1161442ff597d829b9ee,98,94,4
0x75d7d7e9dc084a18410f652b794574f91692a3aa,169,18,151
0xe6333fce83a1c1ba4bff1661267bd256c94723fd,36,36,0
0x630f9ff82f82a68671df290ffaec2d767df77a07,89,35,54
0x79aa05963c92a2a10d96bd840eb5e73a1e675e92,383,171,212
0xe243cd91d372d6dca64fab9048246ae5544fbeb4,74,48,26
0x3c54b798b3aad4f6089533af3bdbd6ce233019bb,464,424,40
0x70be4e3761188d0a8c525e54bb81c4ea97712de4,393,308,85
0x201414c33648572e848419f7f692afd587af1d06,36,23,13
0xc2544a32872a91f4a553b404c6950e89de901fdb,67,12,55
0x77c7f7dc1b592e884966f0dc4ae0ffb93cba1a7e,80,46,34
0x25812d13b509e23a2f3a7787f4a12e9f0a924ab9,42,30,12
0xc1b927df3a4707d332538d0899ed08f2e2206921,31,11,20
0x2e2627cffaaebc3a11e5890a8a3fab6cc2fe5cc4,58,50,8
0xce0659d7f444eeb208c2b0b86107e6a654518593,25,9,16
0x33bfd20660eeaf952e8d5bc3236e1918701f17d0,141,141,0
0xf0bb34a3816d020cdc97fe824792c3866c04578a,210,164,46
0x659a4bdaaacc62d2bd9cb18225d9c89b5b697a5a,186,83,103
0xc1caf0c19a8ac28c41fe59ba6c754e4b9bd54de9,302,94,208
0x815c23eca83261b6ec689b60cc4a58b54bc24d8d,139,64,75
0xe5ba25f22a20a22fb47dadf137f33fe2e9ab22ac,216,14,202
0xbd82cd2f7c2b8710a879580399cfbff61c5020b9,179,179,0
0xaf316251082fee7dff8412ca896601796674e0a6,143,78,65
0xd7dcd9b99787c619b4d57979521258d1a7267ad7,37,0,37
0xa9507bd8abe68de8ba518902e85398ce3fa7b3a1,275,275,0
0xe4462eb568e2dfbb5b0ca2d3dbb1a35c9aa98aad,180,26,154
0x0651132f094551f9d4e40de3e1e2f8b7ac149c3a,182,128,54
0xef4fc659254954d83597a33c68c47cc7d9fd24a4,257,194,63
0xa872947e420fc87d0ad56b6c296439f55c3768dc,183,103,80
0x192f212de38d73fa536ff57e613d03071383dc43,96,94,2
0xdf2c7238198ad8b389666574f2d8bc411a4b7428,375,164,211
0x0403d6672abc0a5dda86ee9840473b16ee2566b0,77,29,48
0x3f27666ee22fcddc8323b1c0515b53d07d5902fb,28,27,1
0xa93546947f3015c986695750b8bbea8e26d65856,7,7,0
0x4cfb0d02894d29e27f3ccf24339f94a93ba1670f,136,13,123
0x080e92b26a1d93546d2f5a8ef05a8b823306c146,269,82,187
0xb5d5ba5a8cb511a2344d94ef432472f8b7773d7c,87,25,62
0x6275d695ccbe13573ebbf1541fda4203d40aa858,38,38,0
0x8c32b78193b063e3a53f9d49a14faea8c1d1eb06,104,93,11
0x897249fef87fa6d1e7fedcb960c2a01ec99ecc6c,219,41,178
0xb267deaace0b8c5fcb2bb04801a364e7af7da3f4,181,48,133
0xdd6a643bbde396191f14d720570b8d546dfec2b6,431,428,3
0x3fc1801789ccd1d5cfaad4116413c00837414856,84,60,24
0x06bdc702fb8af5af8067534546e0c54ea4243ea9,328,275,53
0xd2c15763e503277c057d4a30f5b7174b844ed5b8,71,68,3
0x4a621d9f1b19296d1c0f87637b3a8d4978e9bf82,276,112,164
0xa0dc4d0f30b1c06d1747f5e0c43498c74ce042d3,44,37,7
0x5ab0a480d188a09791698f8946576b3cc0f0b66f,70,57,13
0x888f98efcffb7822e6eebd249262853db960dead,45,22,23
0xa462127735352b1f03da8ab92a87803d05cc6a7b,209,186,23
0x8859dc9e8a388ad56f3e53570793d0f1f8aab16f,44,44,0
0x808ed7a55b133f64069318da0b173b71bbe44414,19,19,0
0xc907ddb25a926d51784aedd4cf9c04e3eb5da12c,158,124,34
0xde0282a9775cdfee15fc5308b78e4f9c8ac3ea9b,34,26,8
0x5f366d68fab76baef6b0885da7a57fdc8e5cf64d,29,23,6
0x362bc666e88898092a72d5ec8a2f8dfa971f5742,2,2,0
0x5b228e392ba2f8ee133f98fe60e00526a52067ea,91,70,21
0x9af839687f6c94542ac5ece2e317daae355493a1,208,89,119
0x613485c528bdebfef7bed764aa4d6e4ba30ef565,83,54,29
0x333a4823466879eef910a04d473505da62142069,79,5,74
0xa3f3cba668d11402d79d2650238a1269e9cfa8d0,39,38,1
0x584c4cb61de0af1b345b887c89b636f56286046b,51,21,30
0x71583d71caa09a4f5e73bf1a724e7b1eabd5a215,238,37,201
0xbce6d2aa86934af4317ab8615f89e3f9430914cb,246,134,112
0xa213c344d14e9ae9da2b70a8f9a0122131d59274,69,65,4
0xc7e76248bd47dda22db50a1743032082821f6172,200,117,83
0x79986af15539de2db9a5086382daeda917a9cf0c,303,75,228
0x63d48ed3f50aba950c17e37ca03356ccd6b6a280,438,358,80
0x320623b8e4ff03373931769a31fc52a4e78b5d70,353,162,191
0xf12f0fd99e913fde707c449e488e67687ec1a7c4,300,292,8
0x2bafe42b06fa29a5ea283995647f09470b1ada12,46,45,1
0x40bca1eddf13b5ffa8f6f1d470cabc78ec2fc3bb,169,117,52
0xe12edaab53023c75473a5a011bdb729ee73545e8,243,116,127
0xb525ecee288b99216cd481c56b6efbdbe9bf90b5,125,8,117
0x7e4b6d79bf0a9655142c78cc8c5d6b6d2fb88226,427,76,351
0x887a58e6289333cd875c2e60d217bc0b4ced24ff,30,26,4
0x06fd60173bf869b8ce4439e3477223c013bad466,229,48,181
0xcfe4e6dd48c6f1271708c0311047293c0c20ea56,19,18,1
0x9c822a2f64d6f778b77e3b3deb9bf82af9e44253,130,115,15
0x28b44614080047260371e8aaa98fe279d93f673e,55,33,22
0xc1aea99329a439e30d622210c2c0782797c98c48,230,219,11
0xfd217296e581627c59e3a36c264ebfbcbd813223,126,110,16
0xd5378cb5d6dc9ade15039cb4c1c607bbb12db8bc,36,36,0
0x709d30f1f60f03d85a0ef33142ef3259392dc9e1,461,354,107
0x18613d38367dde6522d36f3546b9777880d88ca3,78,48,30
0x1cc808b1f08116726f612c8e90aadc90aabb647c,227,223,4
0xe7c8477c0c7aaad6106ebdbbed3a5a2665b273b9,162,11,151
0xd5c5927c9db9da82acfb29ed51554d25f2ef7b7e,332,22,310
0x38a6fd7148c4900338e903258b5e289dfa995e2e,67,26,41
0x92231f262ecdf3d458af4362bd354e183edaaae2,20,10,10
0x6e09e29861190265b7a40391d6f709f81c6da148,72,59,13
0xac0968a3e2020ac8ca83e60ccf69081ebc6d3bc3,45,14,31
0xd0f0c40fcd1598721567f140ebf8af436e7b97cf,153,31,122
0xacc81514ce7feb17589a04aa57464d298776d06c,64,57,7
0x0a0211973587a837491f0abe8bd1ec8d442efac8,162,114,48
0xcaace84b015330c0ab4bd003f6fa0b84ec6c64ac,101,23,78
0xfb5aceff3117ac013a387d383fd1643d573bd5b4,145,26,119
0x79f1c4cf7266746698e91034d658e56913e6644f,266,43,223
0x8ec9c306d203fe7e2fa596d1b19790a9db05ccd2,51,13,38
0xa844b918f0c362068e3894c68af5b2adbd37ed2c,80,17,63
0xe7ae6d0c56cacaf007b7e4d312f9af686a9e9a04,95,20,75
0x1ffe11b9fb7f6ff1b153ab8608cf403ecaf9d44a,151,16,135
0x4b1d0b9f081468d780ca1d5d79132b64301085d1,89,6,83
0x108a850856db3f85d0269a2693d896b394c80325,115,115,0
0x7dc997b55c6002f093059b0243f9b19eadc8d67f,116,105,11
0xe8524434131bfde8ead553859ad42c8798c68a91,75,12,63
0x274ac60e8fe074c9262b062d04be59ae1013e339,83,83,0
0x60c6b5dc066e33801f2d9f2830595490a3086b4e,115,15,100
0xdb27d0f7e764d7165fa8749307f7bdea1cbca010,26,11,15
0x1ddb32a082c369834b57473dd3a5146870ecf8b7,72,26,46
0x5706147ca5828af643e19f7aaf5a50e1294799a0,297,291,6
0x6e80afccbbd8300bea03674a1a261788d1ee7571,49,29,20
0x2f2a3aff01e7a15fc38662b61b90cbfaec4c3a0b,28,21,7
0x02444be2f00d08a8b12f19ed7dd9c3f3e0f6e684,17,17,0
0x3e7b38e7f6c089345ccca785b18890c528636673,211,14,197
0x1ddb38684ca7f07e9f62b97c6d872700edc8b7ce,54,54,0
0x6a47f2e78e6a594e594fd3e318f301e987b60d55,81,33,48
0x94d4a314fc718adfb3e9e25d3e3a984862ec7f1b,75,64,11
0x1a1073d1c161ed3eb25838ab8d74cd4d61ca2a5a,54,43,11
0xcc1240aa82c7c72ea57629420bd24e209b2ae35b,129,129,0
0x8971f9fd7196e5cee2c1032b50f656855af7dd26,211,65,146
0x7cffedb2f4fc0cd7c29af95488fd34554539589d,86,80,6
0xc55126051b22ebb829d00368f4b12bde432de5da,74,74,0
0x470ebf5f030ed85fc1ed4c2d36b9dd02e77cf1b7,85,6,79
0x12ce8670bf6a071a9d1a6518ef96923dd1c070d9,129,107,22
0x23c8ec51e03e04a00591caba9b202f089a6b6bbe,108,60,48
0x0eb65b4c3d3de340e1b15384f8f211784247a37a,148,71,77
0x0b3ae1dcc8ad62c1ab8693a9dfbfa246fc20482e,80,32,48
0x83fbf5fe391dcaf4ef852b766b728729b6a47ae6,191,81,110
0xddd616648446da56821df1e1606161ab44b09507,149,17,132
0x98f832d1e7808652f380db21568dc96efc02e7da,84,24,60
0xa7206d878c5c3871826dfdb42191c49b1d11f466,373,153,220
0x570fa0bc16487152cc2b5ced1533930bb4888b66,111,11,100
0xe0258fb9a9a8baa379cd91174e587c04f39a1987,14,8,6
0x35d4718ca7e350007b9fd6b881912f65c2cd4c73,19,18,1
0xad5f6cdda157694439ef9f6dd409424321c74628,119,95,24
0x43d3cc4439d2ac6fb93032004f6c094a5c21b185,76,73,3
0x807338b965280de52b2d5b3ebdab2bd348336ddc,59,50,9
0x82840058ab0b44d0a1d208b24fa60ce8b88c1e91,176,176,0
0x5c0920476efe00f0a00c40c4c546d228f0c652d0,51,37,14
0x0c20c04a60e8ebb844220c31c06caf769968e1ab,90,24,66
0xf0f7c1159a523ac3475ef80f4a7292ce9b33a2b5,102,27,75
0x41f58a8a5874d0ab9dda0d60649f10bfea6c2e01,30,30,0
0x617b80414dfa15da7f62238346022aa643832028,45,36,9
0xc8d3dcb63c38607cb0c9d3f55e8ecce628a01c36,56,9,47
0x402cdbd1c4abab725b6970812bee1b08ac864854,87,65,22
0x029b340eb3f1230433d924900ab2382c106e97ee,22,22,0
0x0443c0bdf071b4ff1846fa2849b5fe094439df63,70,70,0
0xc221b7e65ffc80de234bbb6667abdd46593d34f0,123,123,0
0x3b3e0d7057cdb975542cae6db0ceeb150f8f6f0a,39,38,1
0xeba8b372776397ef3a030e3cd0c58b9d2ad3a449,109,82,27
0xf95d66433f277da32dfb3199e5f33ae64c1aafed,28,1,27
0xd0888b57f3b760129ad6b2f750e30f3f7760ade9,49,25,24
0xb51f64a297122d44822fcceecea3ae63b98f4297,47,47,0
0xa8260cd3ab7dea3afa65044dccc5be15190ec6d0,60,35,25
0x84927e55ed03ea00732f17fdaa89f482ad12c005,495,16,479
0x48fb253446873234f2febbf9bdeaa72d9d387f94,162,162,0
0x5caf0010a824319a64aca8afec402574dbed2d99,82,14,68
0xf1bdfc38b0089097f050141d21f5e8a3cb0ec8fc,226,37,189
0xb33595329e96a5f5144d2ec0100bf0b3ddcb9ab3,110,92,18
0x0f513e0aa598e1c2d9a5c125cba52dc2b58b19b4,54,44,10
0x0c51c3c7f8c40b56edc8ca421a4891d4ad023fa2,12,12,0
0x8fa6a34aa6a246f3e7f60d43f3596a5e61bed879,280,253,27
0xeb5d200d2308c2421f05dc524b5fa51a7f30592b,30,20,10
0x145ac4edffae802d8260d64e5720e4b210039c71,337,77,260
0x61e90a50137e1f645c9ef4a0d3a4f01477738406,116,5,111
0xc10a2fc76bc0ea798a15c31d095bf2a045e149de,126,7,119
0xfee26b861d62e746aadf8b6fbd067dfbf4ac232a,253,64,189
0xd26a6b1fd73c3575969d1a50d7f2908d53af411e,28,7,21
0xa73a3a74c7044b5411bd61e1990618a1400da379,28,28,0
0xbbab3bdb291b0f22bc9881895ff488a5db67bec8,52,11,41
0x02beed1404c69e62b76af6dbdae41bd98bca2eab,396,66,330
0xd151bbc88db8a7803a2ca7a9722037abdaca9b8e,125,78,47
0x71868fff0140f9eedb8ba923482d27919ae7debb,22,17,5
0xf0776d6bc830892d2ec6c125f2cef40fabe3d89b,108,92,16
0x966731dfd9b9925dd105ff465687f5aa8f54ee9f,82,27,55
0x1bd460f46a62503837b8853a089f941df515fe1a,58,35,23
0x5cd2fac9702d68dde5a94b1af95962bcfb80fc7d,93,31,62
0x6fc981d119fce9f7d266548a88031bee44056209,27,9,18
0x75f52e1a6062bf46e125feeb6f16812c838dc07e,101,25,76
0x4628f8bba191205d334fcd3ffa8d4a436ca3e012,295,242,53
0x0ed518b5d9872129c4fb23cee7bae27ef3701f87,164,38,126
0x085d8213b41eac0a6c5533900a15495af68dd358,187,165,22
0x947aa772cc1646a66a90e94ff779ff1e28b009a7,127,118,9
0xecdeb3fec697649e08b63d93cab0bb168c35eec5,139,77,62
0x11eef04c884e24d9b7b4760e7476d06ddf797f36,184,184,0
0x5f758581590c45a308f7a66dfd679a80f83c4b52,29,22,7
0x41231dadda96380c114e75e0da8a2b207d9232c2,86,23,63
0x59485114d8e7791741f76da3f4317b78c8471c32,161,150,11
0x50f7517029c505933cb5d6e9c897245226f4317b,65,6,59
0x698fbaaca64944376e2cdc4cad86eaa91362cf54,357,347,10
0xd4048be096f969f51fd5642a9c744ec2a7eb89fe,115,67,48
0xf38c3e836be9cd35072055ff6a9ba570e0b70797,132,73,59
0xc05d14442a510de4d3d71a3d316585aa0ce32b50,203,52,151
0x788defd1ae1e2299d54cf9ac3658285ab1da0900,55,39,16
0x995020804986274763df9deb0296b754f2659ca1,367,367,0
0x3aa510dc091980e3fddede457e7597bfd5d4d64c,53,53,0
0x8cdbbadf6a43a00426a85a1031f64df6035fee31,52,19,33
0x27d270b7d58d15d455c85c02286413075f3c8a31,49,18,31
0xe9291902485bd6f9e70e00a077c20308d1798dd6,23,23,0
0x6f3b255efa6b2d4133c4f208e98e330e8caf86f3,124,26,98
0x96fc547d99d14401acb64900ee85ae8d076b1830,93,49,44
0x9445ed604399b1559e240bae2917fc2185184b8d,59,59,0
0x8b7832b70400c84f6ac4e707e70939f6a92e9646,244,244,0
0x8d4100897447d173289560bc85c5c432be4f44e4,196,49,147
0x8609075b1944bc2ce9fb48986978725f145d625d,150,150,0
0x0ffa87cd27ae121b10b3f044dda4d28f9fb8f079,258,234,24
0x3aa35593b383e6fa4305d43d4a5da6d45f0504b9,48,48,0
0x7f3edcdd180dbe4819bd98fee8929b5cedb3adeb,134,134,0
0x20a8cec5fffea65be7122bcab2ffe32ed4ebf03a,108,30,78
0x1e988ba4692e52bc50b375bcc8585b95c48aad77,277,48,229
0x732c1d84a88df099c459befab680fa9e97bdcd35,47,18,29
0x39e51016334f5888aed3ea03a05310ff41e18596,59,19,40
0x56e5003cc86e75e750fbdb4716c80a2a22d2b5c5,112,81,31
0xd08b02a76552fa54d8616f8d42c3cf0de3c0a9ec,221,195,26
0x614917f589593189ac27ac8b81064cbe450c35e3,115,55,60
0xe80b2538f33b15c8070db18b1a1cd3bb961c34f1,106,73,33
0x8052a3765df60dff44eb911982c8ef1ca107ba1a,178,163,15
0x3644c53703d7f7b85678ffa14edfee49bc84f5c5,180,26,154
0x4ee54bea7966bf21bec4fd96816a95a3610f2e45,55,5,50
0x08613bff1268dc9b0928f760b86f520fb3727c5c,64,29,35
0xe4122b32213221508f4b49f54c79a08e28951c07,115,20,95
0x27702a26126e0b3702af63ee09ac4d1a084ef628,299,299,0
0x376588763a9b0ead13b43db3f6fdb3be70eb4b1c,143,75,68
0xc98d64da73a6616c42117b582e832812e7b8d57f,122,70,52
0x0827b6c6e9c53f2de4327ad172fceec9987b5c5e,30,30,0
0x549aa38949b479def938bea22aba1d81fe28352f,108,34,74
0x715978e9c4e45967304a367fe24426ea1a5c0403,221,21,200
0x3c7f662b19327ea4d30561b515536472f4c8435a,25,25,0
0x27a84f81605f06449ebf2b81e587540311cceaba,49,49,0
0x810ff7073b98ff8706876750196c65a77c8bbaac,174,172,2
0x7cf7f5383496e17cf742464606aeea24f715dbde,122,59,63
0xadc28cac9c1d53cc7457b11cc9423903dc09dddc,179,134,45
0x251457b7c5d85251ca1ab384361c821330be2520,144,31,113
0x3106a0a076bedae847652f42ef07fd58589e001f,136,135,1
0x81bf66ad88f4569d5d31711ee7b5642e4ef9bb68,199,180,19
0xa1cf519debbf6300992a9f7f76c85011d2373744,90,80,10
0x4f2ab9d03ce5b8d0d3bca09259c78005d2775e08,138,50,88
0xae788f80f2756a86aa2f410c651f2af83639b95b,62,58,4
0xda60730e1feaa7d8321f62ffb069edd869e57d02,345,295,50
0xdaa9a36333379d0c00abb2efe0066de7e88c94a7,351,115,236
0xdef1ca1fb7fbcdc777520aa7f396b4e015f497ab,81,19,62
0x249e38ea4102d0cf8264d3701f1a0e39c4f2dc3b,258,258,0
0xe9a1a323b4c8fd5ce6842edaa0cd8af943cbdf22,139,19,120
0xe1b05227824e45f5713ea8bf6e4ad59b3d4a98ef,311,187,124
0x7adcc055d2a46afb40cae0679e59801d6d7fe4d9,53,52,1
0xde371dad8d8fe3799b8dc60560341614228c5aaf,97,51,46
0x4f8ab77e9a839f624d5b00cf227bd61d17957840,175,68,107
0x51af0de2f4e2aa6898c52c0036b07d2156272134,75,50,25
0x9eeeaf684e228c2d5c89435e010acc02c41dc86b,294,145,149
0x44709a920fccf795fbc57baa433cc3dd53c44dbe,173,173,0
0x86818955a7476349938334981eb5c39416bad5c8,72,71,1
0xc6e145421fd494b26dcf2bfeb1b02b7c5721978f,61,61,0
0xc487e5286cb522bd5b3241dbbf2a4019dbb0d5f8,128,105,23
0xe8ff5c9c75deb346acac493c463c8950be03dfba,295,295,0
0xd629fe374143b60ff4b0decb81673ee85a977d17,61,40,21
0xe028509230bdf46383288bc98959f9db52ff7fcd,53,27,26
0xbace7e22f06554339911a03b8e0ae28203da9598,216,44,172
0x90bc95fe1b65df5db9ecb12f2dc0a555b05ad7f2,312,28,284
0x9c48aaee3243a2e0c3b991386dc39f0027cf2ad7,17,17,0
0x7761af11c8dff84e72d8208d9dd86330ae3d0827,19,9,10
0xf6ee484f82f28d69688f37fe90af514ce212b7c3,470,400,70
0x520e08245865af97709f9d693a21901e78c7f645,117,100,17
0x653430560be843c4a3d143d0110e896c2ab8ac0d,197,197,0
0x1cecfdba1aebc9f400fcbe1a16c02de29024ae1c,24,19,5
0x9afb950948c2370975fb91a441f36fdc02737cd4,229,189,40
0x30efb10082622869a3233a65db5cbefc0ad351eb,72,8,64
0x8b3870df408ff4d7c3a26df852d41034eda11d81,87,87,0
0xec67005c4e498ec7f55e092bd1d35cbc47c91892,312,119,193
0x3b58c52c03ca5eb619eba171091c86c34d603e5f,95,23,72
0xed040c7dbb44fed124d8cbf4b68deab715de1db7,18,18,0
0xfc2068c3d47b575a60f6a4a7bf60dea0ac368e01,282,87,195
0x45ec819d71fcc4a2ea58ff70e66d4216c403a424,74,74,0
0x9d5963ba32e877871dff3e2e697283dc64066271,134,26,108
0x52c5dd8a4ffb5a24121d76c222014697b5e6cc6e,132,50,82
0x3d84cbdc126b1d9dca50bffe0c7bb1940a4d029d,146,34,112
0xc744c8f5d1c5b289e9505b46ccc76c7070d9b858,47,11,36
0x313d47ac9106ddcae354ba601a0f9097375587f0,122,107,15
0xb08a61d96108136439180ad3f3e340a24e448f6b,136,81,55
0xc0840ec5527d3e70d66ae6575642916f3fd18adf,170,170,0
0x5dd57da40e6866c9fcc34f4b6ddc89f1ba740dfe,75,75,0
0x08f0b2a4351514e63e9e03a661adfe58d463cfbc,89,39,50
0x1796ae0b0fa4862485106a0de9b654efe301d0b2,244,9,235
0x89ece0c728a5f7a908c482641c3736c13bd77dae,86,63,23
0xe624621ce169e165b3d03053e36aa64d33cc31db,22,22,0
0xf6cf31c74d05a5879df2ec7ab2acce687e6b09c6,183,183,0
0x901ea3606d567f9f1e964639d5cbb8659080be8a,34,3,31
0xd05dc200c9a40e83718406a28b337451e3c994b8,69,24,45
0x0445b21526be5809ec28f169bff96f5e7eff0352,27,10,17
0x8fc7f11342dbe913f783833342291c1f26a64363,73,69,4
0x629d37b273c05597c8befb7b48525803b202d9ea,410,48,362
0x88e5ef9fd7154727fa0268f26d188e77612e1d32,150,32,118
0x27eebe5d6532f1f00d3a214725097d21c85bb646,371,342,29
0x18f87c05325ae47bfe75c039198b3dc1cb2ed23d,231,168,63
0x4f662318efb4b3041ea0d47304d94eeda419cd2e,325,305,20
0x6db3bf96864d8f9d6b29c0d3dd9d76019b98ce9e,35,15,20
0xc836e4a06a193f00350eb07a23d731621aa6027b,108,33,75
0xa2abf3474be8dd25e40ff10a339354bda083e892,41,33,8
0x34c4eba1966b502dfcf0868b6f271d85cc8a2312,150,91,59
0x754854d0ee6a6a15a4010672ab489be2ec967f21,39,39,0
0xa774ffb4af6b0a91331c084e1aebae6ad535e6f3,89,89,0
0x115ec79f1de567ec68b7ae7eda501b406626478e,287,94,193
0xf90733ab2f368ffe41bfba80443e04fc33321f67,134,20,114
0x772aa30eb700ba9ae85a0f85584dc6231eb8d9ea,30,21,9
0x13d15d8b7b2bf48cbaf144c5c50e67b6b635b5cd,130,56,74
0x00000003e02101799c6d82dc467db1fbcb4d867f,27,22,5
0x22987407fd1fc5a971e3fda3b3e74c88666cda91,137,73,64
0x31ea0de8119307aa264bb4b38727aab4e36b074f,36,4,32
0x7dd04448c6cd405345d03529bff9749fd89f8f4f,191,56,135
0x32e3ae01eab5d5d5e95aad5d4936a8bf6421a61d,20,20,0
0xe7e07f9dff6b48eba32641c53816f25368297d22,206,100,106
0xf711f6a6b41a8d2339237da7c5db1f6eebc0d9e1,57,34,23
0x252b9f56359901a0bde52d0675b1f1130d86f471,114,49,65
0x4cff49d0a19ed6ff845a9122fa912abcfb1f68a6,79,76,3
0x69d38ff11285941f2f6cf8c024f2af7ae51f79dc,21,21,0
0x9ef0e1254d07a8134d3768f143f2bcb631b57c40,117,117,0
0x0ea3ae1a8f9ca3da867f20a2e3417612bcd80e68,13,12,1
0xdc0fc76a7e38b63e713773e9a44ef0d7867f7672,142,92,50
0x2dde86634921a42b3c662c1c99cda8301cdfd273,135,35,100
0xdb5b3dc41fde2851ca4ae992073f41f4ffd39539,340,95,245
0x3cd859effbb3375acde3e2941c7e8e833221dfb1,170,139,31
0x598fdd501e1e0eddd34069d38ea7b40e35cb1832,141,108,33
0x94b6f3978b0a32f7fa0b15243e86af1aec23deb5,205,189,16
0x3110ef5f612208724ca51f5761a69081809f03b7,196,118,78
0x01fe2358cc2ca3379cb5ed11442e85881997f22c,103,86,17
0x980c9a33ec42024e25c6ef01ede64e920526b180,91,57,34
0xe01384abda74a2e3510bc2e8bbc21feb9cc5dd24,81,49,32
0xc84e3cc9eb54e118f3944985e8b862bbde09377c,44,36,8
0xd5692e2d9432d8aa933b2cc06cb2113705262850,52,29,23
0x75b4384108b63be2beab3c944ebf5c5787066791,88,87,1
0x97f62a99136ee425832df1804972c716e8c51332,17,13,4
0x17ed38f5f519c6ed563be6486e629041bed3dfbc,270,65,205
0xa3c1e324ca1ce40db73ed6026c4a177f099b5770,31,31,0
0xc4a92b15ec1a48a82b4afb79222d06d03de9d616,38,13,25
0xbda2481db91fc0f942ed3f53de378ba45ba9d17e,231,109,122
0x9a760fc1b9e33735fc5e7cf4bcbd448dbf6d4fec,18,18,0
0x571f39d351513146248acafa9d0509319a327c4d,228,16,212
0x8728fb57b46eb2353d66ea86e335451e8c5edcc9,56,37,19
0x1e06b4e9309f5e664b19a5179966ba5dbd903bec,121,10,111
0x637598669c5383e94117959ab84f765b086aa4fb,49,40,9
0x5fdb2b0c56afa73b8ca2228e6ab92be90325961d,356,45,311
0xaaab5040164ead4427cd43366610740692897c40,262,262,0
0x825d7da423ff393ea2e06a6305a06de47a753dd0,43,26,17
0xb113f4a2bfe541ae99458b1fa29fe2440cfd0142,51,51,0
0x5e14097daeb9b91c4354e2280dfba01c68e3e103,208,10,198
0xc101916cd9ddeac5a6f915eed033b1b6e4a637cb,195,38,157
0xe56891ec8fbc6b74cc8a8d0e92eb53b34e9ac1fc,103,39,64
0xe8e6c3807084016b55cc4a71e3817a36f10eee3c,41,40,1
0xc1e729cd98766b2cbdd337f4e76268a7a9ea467b,404,404,0
0x9bbbafc845813d1580427ecf69e576b02fa4d626,105,56,49
0x505b5eda5e25a67e1c24a2bf1a527ed9eb88bf04,147,118,29
0x5058b77cbd029f56a11bd56326519e3ec0081cd0,83,78,5
0x6bade003edf7bc29f2e8b858233d21c302c2007a,15,15,0
0xdbddf072d7aae7b9288e31a4eebe6c54e3a143b1,97,31,66
0x36d7b711390d34e8fe26ad8f2bb14e7c8f0c56e9,199,117,82
0xcca8050215e585e2a223c6ea9d1d1f9b30beaf3e,385,185,200
0x8aeb57b948890c1c2dab3266444376a3f09d82c6,62,41,21
0x62674b8ace7d939bb07bea6d32c55b74650e0eaa,253,253,0
0xdc5864ede28bd4405aa04d93e05a0531797d9d59,151,151,0
0x1bbb57def2f6192f0b9b8565f49034bf1fcdb604,324,324,0
0x76194f083ccde0a111330f0f67252751a45f8e52,28,28,0
0xb1f2a25ffb2b095e99f430caf507cc31f9a3eaab,103,0,103
0xcbc6922bb75e55d7ca5dabcf0ea2d7787fd023f6,46,46,0
0xbe4e191b22368bff26aa60be498575c477af5cc3,171,135,36
0xc1328cf1cf8db8a5fc407cd56759007c7d20e398,196,184,12
0xcb84d72e61e383767c4dfeb2d8ff7f4fb89abc6e,106,21,85
0xd3228e099e6596988ae0b73eaa62591c875e5693,176,93,83
0x282bdd42f4eb70e7a9d9f40c8fea0825b7f68c5d,120,37,83
0xca72fecc4bdb993650654a9881f2be15a7875796,359,31,328
0x1d6bb2d0c9dfe9d0da142da3e0aa8c181217e0d3,188,100,88
0x8600d97b5dfa63d3e9a5e82d0257f97ee1e7bece,2,1,1
0x965b85d4674f64422c4898c8f8083187f02b32c0,47,3,44
0xdc51a1f6e6dd40296ea02ffdf9dd7750a2417be1,184,136,48
0xa5fb4e920c30a4a8158521783e527974ec6aee85,121,29,92
0x565abc3feaa3bc3820b83620f4bbf16b5c4d47a3,330,75,255
0x2b19466ee159de81c0393b933472bba4ebd8e0be,103,81,22
0xabd9f85030df1ec2a3117fa12b42c73a0d6fdc5d,93,93,0
0xa5f9211240d9d8c40753f713b11e67719e7d2260,74,57,17
0x22c08c358f62f35b742d023bf2faf67e30e5376e,418,348,70
0xade00c28244d5ce17d72e40330b1c318cd12b7c3,232,57,175
0x374fb05c96c36348b92e38fb088b26b8511e3b3d,27,3,24
0x322642ea10c801080caf251aee260f3bfc5172cc,197,176,21
0xf9b8e02a97780381ea1fbdd41d7706acd163dd9a,53,34,19
0xf5b969064b91869fbf676ecabccd1c5563f591d0,158,142,16
0x49efd5986807b139048ccc00b4c09f2135b5a8a8,108,45,63
0x3480a0c6b20ba329fe15d618f74b1b28f13411b2,71,65,6
0xdf79224d959126bef179d3fe37de77de353a2bf6,52,35,17
0xf0b49f1061c41098f70e1a6103e7626e4c89d8cb,70,70,0
0x3769c5700da07fe5b8eee86be97e061f961ae340,100,60,40
0x283a844bd9bfae7655b72430c2c11fd57b01f1c4,47,40,7
0xa0f0546eb5e3ee7e8cfc5da12e5949f3ae622675,125,14,111
0x7401aaef871046583ef3c97fcacd4749deb88448,105,93,12
0x3f95b55b591e188d845e1d68531555322c8a5507,195,68,127
0xdb3b2e1f699caf230ee75bfbe7d97d70f81bc945,319,86,233
0x582b874af6a8d0ec283febe1988fb4a67c06e050,273,239,34
0xc9fe6e1c76210be83dc1b5b20ec7fd010b0b1d15,76,43,33
0x41f57e862c863721322d0dd0fe8ea8091a459439,392,374,18
0xa6dd98031551c23bb4a2fbe2c4d524e8f737c6f7,163,112,51
0x6a5418b18a59452a05dbcc1cd80d9ed61b4cbe05,96,75,21
0x4efadff2c961102d9b3296b0e42ce3786b5d6d7d,120,110,10
0x9a989735ad76b2a7e0f888069dadfffbacdbe267,86,69,17
0x2f2e1edf30bf7bfa8ba13c8c16bf3347f0e238ff,375,374,1
0xbf662a0e4069b58dfb9bcebebae99a6f13e06f5a,90,34,56
0x6991b7da25bb883960ad344fa6689f5525fa2d82,64,58,6
0x706fbc8b9523121953d0a91022f92660599bdf13,40,22,18
0xe03c1a549cb9d90051c9ab6bbe8fa8348c321f87,44,32,12
0x4935ddc88a6872a545a2bce18153bd652fbde67d,38,30,8
0xcbb136c9d9478172f52abb2a903e16865770f058,85,16,69
0x301144b43d8dcba1b3e9f70ed7338d0751d700a3,81,21,60
0x327f25b05a291817fd10bab26053f0eb66c16158,106,51,55
0xa626f0c2d01281d9f82bfb47eb39f5ef66a92d17,484,480,4
0x358f8ac9a5f8891cb98f61ce5f6466ffc8e28c68,148,84,64
0x047c1aad2b91466893f40dfb775dbf9056b8705f,47,47,0
0x592ee9695b18c38d4c99567633ffa23823a7eac2,259,215,44
0xfd7c6a97ed8d42844dd163f5b3ab021202ac6802,55,55,0
0xcff8b97bd9c075d93822285ecd4a56a536926b6d,197,18,179
0x2cc07c210d23ab38c4d031ed51d543fc0a635ee9,329,70,259
0xcab2b7614351649870e4dcc3490ab692bf3bed60,113,113,0
0xb4efd85c19999d84251304bda99e90b92300bd93,306,306,0
0x37504ae0282f5f334ed29b4548646f887977b7cc,383,383,0
0xa6ead9c26580e04dd33a4bd10cd7e8a0d44ab638,25,1,24
0x2df63ab4f5240823c5112338741bce71d284109f,98,0,98
0xb2f57ff4e1fea6100dc8ac965f08297738825fee,106,18,88
0x074ec67e45391426ce1bfa45ae01c12f51d95129,400,232,168
0x1daa11cfd5cebb1c250e8620e166a85f887a8b65,33,31,2
0x467bccd9d29f223bce8043b84e8c8b282827790f,320,123,197
0x4339ad90aee97f3f8700f36f32762807eff75b72,71,66,5
0x7093431941e810bec79575bad211d5d83d1e552a,105,95,10
0x41ac9fee31050bb72a5eea1435a21b22589697da,259,77,182
0x9f32186f8313439d3b3d1b253cc4fe5fe87696c5,33,25,8
0x0e76cbdbc42384770ceec738b910b9c7c08557de,57,56,1
0x5e6e60d298a0011741246a80a609990d62ba6646,33,21,12
0xd2c4718a9b158d76e5571f0ec92a253845263ee0,82,77,5
0x1fc5ef0337aea85c5f9198853a6e3a579a7a6987,91,14,77
0x11a4c77eee4db7aa7da0d836423529e68a9a1f28,50,46,4
0xd75b811814fff5f110dcc37f25285d90d3e7f63b,101,82,19
0x00a7c81a7a50212de4f5c0a7d4c0ed79229fefdd,76,66,10
0xfc221ad0f3212c2967f7642cc320e67da13a2000,230,199,31
0x2984cce7b3405d74428dffefcb14350c69bdb180,52,27,25
0x51ad9df02902fe652ea039fea7f4b23bc2d1e9b5,214,5,209
0xb47ecdfdfeea76910b5a3ac7fc99adaf1522bc6c,29,22,7
0x08066d3ed45c68dc7deace081d55f9abb63432ed,327,95,232
0x945a2efc658312f4ca3ecaf520a4e7860873225a,72,47,25
0x66bd174c61659019091373348879d3cccd03c96c,39,10,29
0x0e534224d71b95ff3ae4ac2bd97e364c8414a4c3,113,24,89
0x9ac22f8e5a70f57a40b5890338be8ba771183dfe,324,24,300
0xa99926c48c2f7140f51cd0cbc105a120ec2f5027,18,17,1
0x43df272d30bef32b3517bd1c7f51e87e03877030,41,7,34
0xe3c1451816fde53b1c179774c4d9b3d2ea7b9a16,55,45,10
0x455c732fee7b5c3b09531439b598ead4817d5274,366,169,197
0x850aab69f0e0171a9a49db8be3e71351c8247df4,163,163,0
0xc6dbddbf2b239ec562e059be7a0958c2c76414eb,126,84,42
0xbc23e5c67e0221b540ad446289d16e3fd9c95405,39,34,5
0xda84a1ec664b15d2ebb64ca2bece34220d2a9727,38,38,0
0x6eb4848979be3159ebd55f2d0626b95ff9e7a555,16,16,0
0x4cfda7be4d62db7214dcaa582a2d721eb5a21ebb,222,198,24
0x7248dfd2860c1d41acbb926423f31876089049da,14,14,0
0xb705268213d593b8fd88d3fdeff93aff5cbdcfae,384,220,164
0x1a226fefd114ec0fe0ea87bc9d0b371dd2b2051a,37,33,4
0x6443906bf780753522c4c5c5eafb5f9905cf069d,152,136,16
0x50092539a224953d82995c9d950e042da4556283,83,83,0
0x19d84b2a4b21910339af097a1bddb48682d6f47d,389,305,84
0xd0aaac09e7f9b794fafa9020a34ad5b906566a5c,356,303,53
0xefb4f583b2b6f0e8c658dd7675e356d8a30ac7ff,104,104,0
0x00000100f2a2bd000715001920eb70d229700085,157,157,0
0xe5f7afdce5490104ce94d707f7c84d38b055ee48,101,86,15
0x9f092029aa5c8dca892c3f031c744e065abfe476,165,165,0
0x054939c96ee1dbe06da34661321aabd27d6f9812,232,35,197
0xc679f22996efcc120626b18f9d01af1603b98952,144,40,104
0xe0121ee6e67feb940e24e79dbd22caa24b485551,13,12,1
0x7f5d260de88acfb9f9a181431e461c5b5409d91e,434,416,18
0x52ad6ea7dea6443f7c94df920671fa4ce8dba8d2,19,19,0
0x8b634b2ae70e338865bf9741b4ae935adf2b4c55,85,61,24
0x95392f142af1c12f6e39897ff9b09c599666b50c,62,56,6
0x6728d91abacdbac2f326baa384513a523c21b80a,373,324,49
0x7a4d1b54dd21dde804c18b7a830b5bc6e586a7f6,420,413,7
0xa91ac63d040deb1b7a5e4d4134ad23eb0ba07e14,158,52,106
0xc501454dfb7b493a34b8e8c28b7457a08f5b62bc,81,75,6
0xcd74cf66c43e45abd5703f3642f73d0675d6aff7,40,17,23
0x241357313e802e16eeb9380f2b027224e90b56dd,198,160,38
0x352e504813b9e0b30f9ca70efc27a52d298f6697,6,6,0
0xca20f7279f7defd14e7524e609704ea2f436a539,150,55,95
0x7f8162f4ffe3db46cd3b0626dab699506c0ff63a,93,54,39
0x6fd443cda3cf2e8de62af864a0e1f4bbaae6879c,171,159,12
0xc42e0b411dc5b935772218a27837d23d7971b407,47,47,0
0x6523fb8b2adf9ffd8e86e3256a55cca9fbd46990,129,108,21
0x091d8e039d532fd02d7acc593043acff05839927,150,131,19
0xaad35c2dadbe77f97301617d82e661776c891fa9,156,40,116
0x3bf2922f4520a8ba0c2efc3d2a1539678dad5e9d,293,145,148
0x5b3944b852cdb8b7bc7db3795453db28398ce357,37,35,2
0x92aa4c9a4f54fe95d0e799687d1da12a7ebca538,108,44,64
0x572a5206236ac5be5a8521b100edcb138e783e35,25,10,15
0xcccac232b742b07635afc41eee1e33aa5d175780,55,13,42
0x21eb9ca6ed727fba2a60b889c38ac1697e8e1116,33,33,0
0x47847572b93677c1914b146bab9e607e30f4ae77,258,41,217
0x3e4a79da833ba1b844a90a352810437aea0c49a6,101,10,91
0xf4b2a56f2beb48157adbd7dacf9eb3bf7f89a3c2,138,138,0
0x160c404b2b49cbc3240055ceaee026df1e8497a0,298,233,65
0xf10a71e57dca2bc136d13bf41d568db9548f9a4c,12,10,2
0xf4d46674266f0d416376c5ce6aa9d979f0c22b95,73,19,54
0xd8e243ac8d7a3941909d03b9d7a15680d57c7248,110,8,102
0xc6c817cd60e17fed0af2a759624e02dd6c812e64,241,118,123
0x9d8826881a2beab386a7858e59c228a85b3963e1,365,352,13
0x28513c1b5b4c1c03c665a72dfa399f802ad06138,81,49,32
0x7a58c0be72be218b41c608b7fe7c5bb630736c71,184,184,0
0xdcf809bba1d9ee75c6991f1e2974163cf2555418,270,82,188
0x59ec8e68d9caa87f6b5bc4013172c20e85ccdad0,209,29,180
0xcb897d3a455f55e38ea192ea85af8cd19ca65239,234,204,30
0x73d10536915d5837135d884490eab6070b065870,439,364,75
0x06abd576711a4bf85aa2fcd9be3621d51742ed39,79,73,6
0x04fb03a5bac8eac522891e8dcb003694d75827b3,86,86,0
0xec585943d298887ef00fa48103408ff89b31dade,174,161,13
0xcb28da11adfd98821115e22db84ed97ad38c0523,109,109,0
0xc9ca2bf5df153338b9507e646c47ce9d593a8cb5,189,189,0
0xd1146680ae5a4d71f68accb6610030ced7e7afe1,191,130,61
0xf2b51568ce810a8c5b81179fbfed6b9988200aae,62,54,8
0x35471f47c3c0bc5fc75025b97a19ecdde00f78f8,289,104,185
0xeb2ae05ce78efe97fc6cb0c910b313a309368334,35,31,4
0x1c2cd50f9efb463bdd2ec9e36772c14a8d1658b3,87,22,65
0x7c84e62859d0715eb77d1b1c4154ecd6abb21bec,270,270,0
0x84802079fde7658f9d0969810693a2fa1870eedf,475,368,107
0xbad4212d73561b240f10c56f27e6d9608963f17b,206,206,0
0x19d4beb2bc410b80084fcbd0ac024326f4d3a370,69,20,49
0x249b90956ea0f80c2cb902dccde246b66a21d401,162,104,58
0xd76de6d72061a3f88420213d6e31e38248f32268,27,15,12
0xb241d2fdbafc640cbec74d10ded3fa25b094c38d,48,2,46
0xe513b50c7972185cd36de231f6af59cb034b8e1e,15,15,0
0x48355ce6ba377d06335be9499feaf735948484bc,251,142,109
0xb1a2d16634c014124299882dd37843ba005d2b2b,106,23,83
0x5b28318a20d0da6e3da8df4c58fc609db4b1afe8,31,6,25
0x8a5149b12a333c1d6d37c0f71dfbfcabf83d79fb,102,102,0
0x9fa69536d1cda4a04cfb50688294de75b505a9ae,150,150,0
0x4674672bcddda2ea5300f5207e1158185c944bc0,60,22,38
0x9761f45fefeb521f48ddf40daf6c3b3b3a498c5b,53,40,13
0x650f44ed6f1fe0e1417cb4b3115d52494b4d9b6d,208,134,74
0x45a5616c9d79951c08d53dd6b6b0ccdc93fc9389,34,24,10
0x809d8f2b12454fc07408d2479cf6dc701ecd5a9f,461,402,59
0xa8006c4ca56f24d6836727d106349320db7fef82,208,208,0
0x507ea7159fc866f9b278c8b7a00323c348e6f08f,230,203,27
0xf866f69f492abf961f40c4672ad192975085911f,96,90,6
0x8ed9a9980e4c7e87edf8da13fc2ba53802bba117,46,5,41
0x38a2fdc11f526ddd5a607c1f251c065f40fbf2f7,133,53,80
0x8a9fc26409bee176316ef26e239704dc46805471,66,43,23
0x3d565d79be393201506a627432de339ee45c5499,43,40,3
0xa6310c39faa5e21cc29c4b283c6cd4ef51c00d21,89,89,0
0xebd9d99a3982d547c5bb4db7e3b1f9f14b67eb83,201,84,117
0x037a54aab062628c9bbae1fdb1583c195585fe41,335,93,242
0x88942910d917ed29a1b9274bf7daba4c7f873b91,106,26,80
0xda816459f1ab5631232fe5e97a05bbbb94970c95,355,355,0
0xb807c14e06b18fef1d09ca7ed5cc9a32c7c083c6,23,22,1
0x5a666c7d92e5fa7edcb6390e4efd6d0cdd69cf37,167,33,134
0xba75fbc4c7a553081f7a137b6e652520db444660,83,31,52
0x219b8ab790decc32444a6600971c7c3718252539,308,172,136
0x81b66f993273e1902ec30e358683cb5f4f1325fb,24,15,9
0xf07e830d0ad7ef9b1980ff5570174f57c9f91a00,17,10,7
0x243cacb4d5ff6814ad668c3e225246efa886ad5a,142,59,83
0xf341ed41475fedd4704902b4b82f1d2eb4d477e8,125,108,17
0xe57ad2dec4a0a43e25f89813e7bd442d5e9f6995,59,35,24
0x80581ea8339d682ca5a71e3f561e3ab0e270398e,359,233,126
0xa31b1767e09f842ecfd4bc471fe44f830e3891aa,203,51,152
0x32f2a60942e7563cfc42766018641c6c6b10830e,171,105,66
0xa720e16603f81cd82faae15ae16f1acfe88ddf0f,155,120,35
0x5a0d4479aed030305a36a1fb516346d533e794fb,311,282,29
0x7b856b2bfb2ac4a0c534687065edb933956cf761,96,50,46
0xf2411b38596deb99b8d3f15e7333091add537b75,48,30,18
0x8d69047c8c673ebec12bae6af1f053d395d1e5bf,63,63,0
0x5759110402aa65241fd03435646afd01a91ab948,313,67,246
0xb2b64123c42cb5206bb91a68ed3b975f0de8a572,17,6,11
0x4b1f51f557ad195996976703fa1f93fa80b73526,55,53,2
0x38cbc47ca3f092f1b62c9cb413a9ac654519ee2e,50,48,2
0xba60f470f16654ec79f0d1b2f1c0c12390107a56,119,57,62
0x3212b29e33587a00fb1c83346f5dbfa69a458923,338,67,271
0x3b2d16288440b9571d1a42f6d4718742cd6bf7fd,184,163,21
0x536d882e109fc797ecf521ec94ad64380d8aa3ac,56,27,29
0xdbd82cabc57631d267545c4b1627558b53dfc4c4,107,81,26
0xe5caef4af8780e59df925470b050fb23c43ca68c,254,95,159
0xff89924e438bf11d8860ae33d0b5723a7ff59533,28,22,6
0x125ecab9fdc132cad4d6c055b9381aad60efaf3d,141,57,84
0x4d232cd85294acd53ec03f4a57f57888c9ea1946,180,81,99
0x50e712b3a260d7639179e8277836253461418f23,163,101,62
0x63fa29fec10c997851ccd2466dad20e51b17c8af,223,114,109
0x63ba5b422606312235405ba50b715b50898d4029,457,457,0
0x33a237b384b7065c815f7c745d73a0acf140449c,192,104,88
0x4a8cefb9ee3b7b8d9601bc07ff9d9f4e9338a480,60,53,7
0x39183467995a72a32a4f8b061538a7386e482b88,76,62,14
0x79c75e2e8720b39e258f41c37cc4f309e0b0ff80,153,62,91
0xa52bffad02b1fe3f86a543a4e81962d3b3bb01a7,65,6,59
0x08e0faff8bb80eaf8c30a99920355028b5bd6789,180,180,0
0xc4b310e8e655f83f97c4034bc18f98650a06952d,23,7,16
0xbf1aa6e9dcb03c6f6de9eca533c2cb7f1017e81e,101,3,98
0x6e188bcbfc30a461c83edc70601cb088f560b730,292,89,203
0x649ad659973049c607dd6590d02914628098ef1a,167,167,0
0x39d34084f81c2de0b6295118159cea44c8c62a1d,237,234,3
0x14a2dff3b2fb4dffa35b2006e84bf1cbb0ac4bba,153,58,95
0xd01409314acb3b245cea9500ece3f6fd4d70ea30,82,26,56
0xbee3eeeb8ba59f0a3b3e0a302ef921d6d01e64d2,68,47,21
0xb4d9acb0a6735058908e943e966867a266619fbd,311,283,28
0x8fff38100e53098cad67060ac9d5041621dce406,29,21,8
0xf9c362cdd6eeba080dd87845e88512aa0a18c615,390,166,224
0xd943c99682d5158f1cd1b563c1d764dff1aea187,3,1,2
0xa3e70c9d376ab2fe937d53de17a6707578021ad2,468,468,0
0xe4c3c91de9eb9b92cedee9ddb1e4d3388318151c,38,5,33
0xbed57beec7191e59d18844124cbb0db660aef25f,70,16,54
0x905030b96ee8f02ba27e3adc521fb4d00634de0a,48,47,1
0xf0f998b6b406f53d62fe6cbd4f607dbd55140aef,75,75,0
0xc0e8beb4ed7d0ef0dc6d84214d86d5a56e8f2f24,37,16,21
0x470c41dedfb43460991016dac017a9c00fdebe15,355,57,298
0xae697f994fc5ebc000f8e22ebffee04612f98a0d,207,81,126
0xa108bd591ef5c11c80ab22e96b236a88dfe928de,81,80,1
0xe940ea6d77bcc223a43bb41ace433cbfd39e3966,264,5,259
0xab846fb6c81370327e784ae7cbb6d6a6af6ff4bf,74,24,50
0x32a705510790abfeee275f505c1e2d273595e62c,66,52,14
0x9372b371196751dd2f603729ae8d8014bbeb07f6,145,113,32
0x27054b13b1b798b345b591a4d22e6562d47ea75a,413,413,0
0xf794f9e028d168a59341aaf77fc8f57f33ddc6cf,117,33,84
0x28ea5c00c7a73495cff05592e20e79cc7bc9a898,217,217,0
0x0e3234056ad5b469ada1afd30ee3719ac99a361f,2,0,2
0xf537f5cc6a4129d7ae7181788ef829fa0537a3ed,243,212,31
0x1685133a98e1d4fc1fe8e25b7493d186c37b6b24,98,40,58
0x3964a3f36d5673a4b5719f70097042909e7131ab,145,69,76
0xab83789d3f152118ebb5aa63190174ae0a6e0e6e,134,99,35
0x625fa8f70ef3c30794540f5652c0440d80ac92d5,47,47,0
0x9401816ab5550727194737e33e8dc035809dfa3e,98,93,5
0x5d858bcd53e085920620549214a8b27ce2f04670,199,68,131
0xa808b22ffd2c472ad1278088f16d4010e6a54d5f,313,142,171
0xd24a7c412f2279b1901e591898c1e96c140be8c5,203,167,36
0x5cdfff6648a4d8c9954522c3e045ee139a56bcfd,83,82,1
0xa1a36d3537bbe375cc9694795f663ddc8d516db9,48,48,0
0x720cd16b011b987da3518fbf38c3071d4f0d1495,69,69,0
0x89c022682e395b0513afe81ae5c176c639608245,12,6,6
0xf8e9f10c22840b613cda05a0c5fdb59a4d6cd7ef,125,6,119
0xe176a13b59a6ee59348a417607f2881baad402ea,345,46,299
0x9a7a438679bccf4dd45238dce60b8036d0435f90,77,42,35
0xf391498efb71074eeae6c4db3dbf37675fe3f8c1,39,14,25
0x401cee9353466b3d249701c3ebcbf26452ee61b5,447,447,0
0xa2e470b334777c7b6a0d8a066e4c0368695453d9,104,101,3
0xe9663ae7d85d8f1ecee35e54538e846626a63b89,177,166,11
0xb83b43cc82c13db3e80013c4d922b3fa6be881f7,212,204,8
0x92d3404a7e6c91455bbd81475cd9fad96acff4c8,174,174,0
0x303ff8b14a57922854f66ab8438f879ea071833e,105,55,50
0x8c6bf16c273636523c29db7db04396143770f6a0,117,112,5
0xa1077c7987d452f247239a26049f5e5aca8a2a70,59,57,2
0xf41cb115057a0c74273be0a2abde394eec9f9342,42,37,5
0x82a77710495a35549d2add797412b4a4497d33ef,90,90,0
0x64bd0afbd86ac88f276960b5df1c80b1cb9726fc,156,78,78
0xb79dc1c6ce2333ee7e4f4d08fc221d2cb7b57b1b,37,32,5
0x8975c0c3abc6a3f6be80fa0d068d307ef48bec02,33,32,1
0x1fec856e25f757fed06eb90548b0224e91095738,397,327,70
0xe2736a83bc9afe23db1313355dad1ceaf5399bb6,78,30,48
0xecc0140a81cd0b331091750a4420a33325e31f4a,99,72,27
0xc5b654b39a3a4b56692ad4b4d57e5b9f13793c77,36,36,0
0x73e096a6cecf53692386e7747c0fba5f2773079d,91,52,39
0x2d23dc13423852d3913d41db739f8b472626e019,75,65,10
0xc4d1ee61fb0b02214f85327470bda39f7ad8e47b,33,10,23
0xa64110834ea212aa2406fb8eace5676eb6ee18f6,101,75,26
0xbb8b5f8e8e5d3cfdd1afcdd43640844c463d7f93,330,296,34
0xf4d06d72dacdd8393fa4ea72fdcc10049711f899,437,50,387
0x805ff672e64c4aa3c4678ce5363d52c88a8b14f6,370,78,292
0x2e32bad45a1c29c1ea27cf4dd588df9e68ed376c,413,253,160
0xb62e63c57d63f0812d5f2f583b733e3c5e6848f8,118,100,18
0xaf07b6a033ac624a741c88dce056f6d9e5a5f322,54,37,17
0x018c3193b39f5a0dd5a578ac204ea12604056d04,78,72,6
0x18b2c87d80c3321653b5e48c1a4da5812d1bc57d,36,33,3
0xa722f8e783d472ab66fb2e4be1c1ca01bd166c3b,118,85,33
0x64b6b4142d4d78e49d53430c1d3939f2317f9085,110,76,34
0x58091d4c4f8f37a103789dc0341616717a6f31cf,203,191,12
0x4d8679083f77a44449162a0a7ce500f77ca406b8,219,1,218
0xffd287647f3f5ac7e5d613911b75023311712f93,138,38,100
0xd8912c10681d8b21fd3742244f44658dba12264e,416,416,0
0x4cd988afbad37289baaf53c13e98e2bd46aaea8c,270,270,0
0x47a00fc8590c11be4c419d9ae50dec267b6e24ee,473,394,79
0x37eb591cc5007df65f76e866ea57fdd2b75f42a2,79,6,73
0xef920c1df72b8a1e48e976ca78e09fe35bfc6f38,124,16,108
0x61f4a7fc8710adf481ba8a48c9f151d8e7413a74,45,39,6
0x82c708379490f88d0d751d87610fd03f6f51a761,233,152,81
0x648e8428e0104ec7d08667866a3568a72fe3898f,395,395,0
0x3e86d6cf041b719c575f57050697c115f0a53758,286,286,0
0x7a94638e232e653a8e44a4e1c260a796d730fbc4,346,212,134
0x6e091d256e99d5ab1c713f2477207c046073829c,124,97,27
0x2a91e656f845b906e8b42658a0741be72dd0e615,225,35,190
0x4cff01dbed00a5e95d705f96acf369f210c203c8,417,368,49
0xdaa5f6cd0d1ae382a67e8a9b1ddff08685e443bc,139,139,0
0x4f67c58c522d3b12ff41a3c366e3a4745f7423e8,92,77,15
0xba1ed22c69ad00739ee2b4abd70e270be9e87ee2,71,11,60
0x340d2bde5eb28c1eed91b2f790723e3b160613b7,326,99,227
0x34195292dc07b0a0da1540d5a8b3bf6d509f06c4,115,98,17
0x29d578cec46b50fa5c88a99c6a4b70184c062953,50,50,0
0x1e1744ffd69296765f0447e88ac38be74a4ead13,162,76,86
0x354f4bfdefe5c33e420194ecaed0ad2c5da5de67,113,90,23
0x60129d8bc41ed80f7b257fdbc2b57e6230c219d7,40,19,21
0xc0c293ce456ff0ed870add98a0828dd4d2903dbf,109,108,1
0x50724f304a0a0625681286a178e06b8e514292c0,142,120,22
0xd3b626bf5a1d26181b1174241e929695b3108cdf,46,46,0
0x5ad0f6563f83b68b69ed3db5dc69e0748a8a2e5c,99,71,28
0x57d819152a8bc86d097fed1dcaa6259b5380a4b1,335,142,193
0x438295b5082dc6a0cc50960e3513d5d7f23405c4,71,47,24
0x701b2e775a82dbf50bd80a22a0d32eb13fb81825,87,40,47
0x5cf04716ba20127f1e2297addcf4b5035000c9eb,279,95,184
0x415f77738147a65a9d76bb0407af206a921cee0f,186,107,79
0x3ba5cb0c136d2bb99c3fcfe49a5adf2970be127d,32,32,0
0xf137a650502d53eb774f6b3a366977ea4c8d6a2f,97,96,1
0x868193f5743436b7052549e6a3640580a9355f27,150,82,68
0xb982fad15538647743b983f4aa5deaf8266e0d67,201,115,86
0x3758e00b100876c854636ef8db61988931bb8025,108,108,0
0x44cba32eca1e0542aa763d3697522e5b0e5cf38e,181,32,149
0x88f09b951f513fe7da4a34b436a3273de59f253d,66,66,0
0x2173f496407b96051052d1ac8ea0e886da6c7579,23,23,0
0xa00108f4cfb6400d43c911af0d7a3422f7c011e5,92,81,11
0x58732f8cf59571c30d3ec5f3c2bf764ed37d3fac,251,249,2
0x32973908faee0bf825a343000fe412ebe56f802a,207,164,43
0xf2555451d1ed412d20369300bb15f30339b38bd9,131,77,54
0xa98cc213495b178bc0aa690223325bbed2dbbc71,186,125,61
0x762bc5880f128dcac29cffdde1cf7ddf4cfc39ee,277,27,250
0x1aaba8552d4e2fbfc99bc86f31f28788c7dc1218,160,38,122
0x9aab071b4129b083b01cb5a0cb513ce7eca26fa5,216,48,168
0x989240e071304aa6003d9e15ecbfdf6b5ed6518d,266,262,4
0x345c2fa23160c63218dfaa25d37269f26c85ca47,151,81,70
0xc18c07a18198a6340cf4d94855fe5eb6dd33b46e,181,143,38
0x043827a6dcfffb7fe21953d3bad32a1c74bb73bf,21,21,0
0xbc17729fdf562723f0267f79ff25ade441056d87,80,80,0
0x31eaa2e93d7afd237f87f30c0dbd3adeb9934f1b,129,24,105
0x7ae1d57b58fa6411f32948314badd83583ee0e8c,201,50,151
0xd0660cd418a64a1d44e9214ad8e459324d8157f1,220,56,164
0x8b2fda65cb4609a5f60c0a14c1ae33791a3d56ec,432,206,226
0xf3a43307dcafa93275993862aae628fcb50dc768,36,36,0
0x2809e6bd22a9a37c7c109145c5448a0bf88105ae,109,26,83
0x26fa3fffb6efe8c1e69103acb4044c26b9a106a9,285,285,0
0xd2f668a8461d6761115daf8aeb3cdf5f40c532c6,240,109,131
0x65e6b60ea01668634d68d0513fe814679f925bad,61,61,0
0x35bd01fc9d6d5d81ca9e055db88dc49aa2c699a8,134,134,0
0x7b9e0e62e3798ffb33326421a7d203ffd60b711c,159,98,61
0xc770eefad204b5180df6a14ee197d99d808ee52d,322,113,209
0xe3b029478a377332ac3d64de61fffe4745459c0f,74,70,4
0xfa9473e70b75d594adff084f1721e906eaf23d45,34,2,32
0xda858c5183e9024c0d5301ee85ae1e41dbe0f880,172,142,30
0x5dfdccc4351eced30d3e8156b16b0185c87e8e44,62,35,27
0xdbd27635a534a3d3169ef0498beb56fb9c937489,114,57,57
0x1ecfdccf97edd64fb73890ca4541f306456a21ec,158,54,104
0x43a16061986d2bcee1fc5e7ed132d5058eb25d68,391,369,22
0x3de58785e9d021e9b2f3713717730b365309aa89,73,3,70
0x69e8e86debaeef7d52f2196d62f011ec26bc14d0,24,5,19
0x36b4646fedac3320038bd51a8a6589cc490b4455,84,70,14
0x162927e202e7e8da8035d99c9850aae0de4e7d58,3,1,2
0xbf9cb2cd068eac7a05d8fb1399b8711f03dd5f1c,47,2,45
0x6d9e65c3e51837171eebbb4c11808bb9c2ea9353,147,19,128
0x464ebe77c293e473b48cfe96ddcf88fcf7bfdac0,283,104,179
0x31158181b4b91a423bfdc758fc3bf8735711f9c5,43,15,28
0xe1bd5802406d41160aae5a2cd4943e5ba230bfff,118,99,19
0x557b3f338d10e3f61b4050edaa6b1337226a741a,35,35,0
0x8e37ddc122cc8af0a47785d060e091d1fbd94941,257,168,89
0xab054a3b1cf3862fdaeb251ffb32c49d26755ecf,187,186,1
0x7f8a1ae5536f2ab64c7aee5b55f9cea8634e1c32,76,76,0
0xf3e406c2db99f2024bc6c952a479152bc83b9dd1,26,9,17
0x7194d3edec8a6e814553a1700a58482c3867d871,468,468,0
0xb7751c976f30c72f32c1520dea6fa3e036e41bd6,117,34,83
0x1f5c8f58d92854a50ce505cf5a52616b12bda01e,35,35,0
0x73382b19fe136907e9fd4cb1d55228237566324c,156,65,91
0x3893b9422cd5d70a81edeffe3d5a1c6a978310bb,252,98,154
0xc128468b7ce63ea702c1f104d55a2566b13d3abd,483,483,0
0x5b85db25439b00e3e4f11d6f25a0abd3df871111,64,11,53
0x4be08b9db3eb7690b3d0362fde239aec919483d0,66,58,8
0xcf462f990f219a8eba7be7c3b0eb6cf46bca638d,39,19,20
0xadc72d5c034c189f5c0b03c7bac21ac50b9d01f1,225,10,215
0x86cc33dbe3d2fb95bc6734e1e5920d287695215f,33,5,28
0x8f92e7353b180937895e0c5937d616e8ea1a2bb9,73,29,44
0xbdde08bd57e5c9fd563ee7ac61618cb2ecdc0ce0,264,66,198
0x71996799126fb9b8d020dbbfd351290bf3b02aa4,17,3,14
0xeb489e829ff10419a8e808fc8e0003134536ad71,44,1,43
0x266fbcf5d358c4d48474834b1c70dfb73a48efab,192,173,19
0x20afd338ae17b79f1c8ac36b4d4f16ec61d8647c,52,39,13
0x9e976f211daea0d652912ab99b0dc21a7fd728e4,152,36,116
0x80c62fe4487e1351b47ba49809ebd60ed085bf52,182,3,179
0xefeea2efd639df58f4476b6129e0ae4694d26b78,87,24,63
0xe246459c060351492a0686c228e2a835e0e02290,13,4,9
0xd0b53410454370a482979c0adaf3667c6308a801,264,251,13
0xe2ea6300732ab77060463f04805bb484ccf1bd9b,83,68,15
0x121f509d496ff8b384ea41c565cfd9110152112b,180,83,97
0x1792a96e5668ad7c167ab804a100ce42395ce54d,319,92,227
0x5ca381bbfb58f0092df149bd3d243b08b9a8386e,311,94,217
0x9c8882c6b3e40530cdbce404eef003443b1e455a,84,74,10
0x9bf252f97891b907f002f2887eff9246e3054080,248,112,136
0x954b890704693af242613edef1b603825afcd708,438,438,0
0x0b5ca8596df4fc028667620c9ad789c8bd05875b,21,16,5
0xf203ca1769ca8e9e8fe1da9d147db68b6c919817,115,11,104
0x12513335ffd5dafc2334e98625d27c1ca84bff86,201,201,0
0xd47d8672e45a7204057baaa3622a3fa276d651e3,89,37,52
0x18487d2cac946c7fe800855c4039aac210f68baa,140,77,63
0x174afe7a032b5a33a3270a9f6c30746e25708532,183,39,144
0x9b20dabcec77f6289113e61893f7beefaeb1990a,379,379,0
0x1a7a8bd9106f2b8d977e08582dc7d24c723ab0db,415,113,302
0xab9867b16ee77cab40774849c5ab2c6075732f5c,54,24,30
0x391637fa2add8347df4d7558eb22d8c06ca1999e,54,53,1
0xec2e01241a28fc04f0c931367fa9ff5e863afec5,76,32,44
0xfdb760b4de27fd1a3377840bf502ebc0732a5d9d,46,33,13
0x4a221403f825ee87bba198ce8c2bdcd815570773,177,61,116
0x85915f1312bfee35222763e541499e2e53fcf586,98,33,65
0x24d0cbd0d5d7b50212251c5dc7cb810e7af71f6a,345,75,270
0xf5d442a86fac65016c0d445ba9ed6e614c0dbf03,28,25,3
0x19bb64b80cbf61e61965b0e5c2560cc7364c6546,172,112,60
0x3ecca6f922768ef2dfd0f60ad610ff7091743e92,26,10,16
0x6be4bd6e840f466ec2a10bb89b5304eafe3d0d9b,121,121,0
0xaa23386b8972d884efc6571c0501eb899e88cf4a,43,23,20
0x90e95660694b82c312be5f59481d3bbb801d8c39,129,129,0
0x358aa737e033f34df7c54306960a38d09aabd523,149,40,109
0x799cccb6d0c57345c4dab303c81a5cdffbcdea76,92,60,32
0x47b86a37a580796315467c45ae2c61500c1d13b3,50,42,8
0x6bf3493b0c9be88ec087cffb084b2801c58a4f11,35,35,0
0xd7ac080800566d42ab9789a99b7ed0dd5ecbe594,308,100,208
0x92a576207ad9cc1968210bff481f29a790863585,73,17,56
0x7f86c782ec802ac402e0369d2e6d500256f7abc5,108,31,77
0xcf2ee98ab154316a041a252e8175e400dc0ba2e3,24,24,0
0xe243cc1f37eeb9348d53b9b06cc46d34454eec37,45,45,0
0xf497253c2bb7644ebb99e4d9ecc104ae7a79187a,305,249,56
0xac2d0b4f1114123686a0e276434c198e8dd33f91,222,212,10
0xdebe620609674f21b1089042527f420372ea98a5,75,75,0
0x329319ebe02eac3de77a9aa379d620ba653b2136,120,120,0
0xd386ff8b13e20a943ee0929da4228a32ce4f5261,491,111,380
0xfe50ba7241b635eda23a32875c383a34e8a3596c,130,7,123
0x47170815973b4dfd6f6d15e1c0f67b9cf3b1ffd3,51,48,3
0x5c2e129ec58563c7206229ffb1adb9dc29db915f,51,20,31
0x8c6fa66c21ae3fc435790e451946a9ea82e6e523,71,2,69
0x8f0a704e24fcea2572d201a22979a98363656c55,341,144,197
0xc4269cc7acdedc3794b221aa4d9205f564e27f0d,106,106,0
0xf90dd052666ef7bc852fbae2242c43f892d4d0ac,160,90,70
0xec13de18765b0e65f99f6bfac56a856b90e7f2ab,246,159,87
0xbf729b04d24adff88b0b5ab9d688974d281569d6,188,168,20
0x575ec01a9e70bf3e192a774eb265c46ec993e4cc,212,146,66
0xd37264c71e9af940e49795f0d3a8336afaafdda9,318,148,170
0x563a1094235522a9d84328eef758bd9908dfabdc,83,83,0
0xba7970f10d9f0531941dced1dda7ef3016b24e5b,156,42,114
0x16de9d750f4ac24226154c40980ef83d4d3fd4ad,329,63,266
0xcaca33e6d730e5451db034b298326bd662a638c4,40,30,10
0x3441562789061864df06655a13dc41fda093713c,29,9,20
0x7a676be8344a282be2cfce69d172b11ac2fbd812,23,15,8
0x4d6ffd928de08271ef424aa0a3e82fe7884c43d5,66,66,0
0xe52d18503d87e481e07520dc23a018126a87b0c2,286,273,13
0x3d5722299f04099afa2e3570fd94ee08a732e6f6,42,32,10
0x3980c9ed79d2c191a89e02fa3529c60ed6e9c04b,326,326,0
0x27510ac089ba7b78b00724ebf363845431a78ac2,125,107,18
0x18cd9fda7d584401d04e30bf73fb0013efe65bb0,190,106,84
0x84654be796dad370032391d5479f8f1fd9ddd14e,7,0,7
0xe2d3d13280eb461ce442a09ff135b6b6e9f72126,38,15,23
0xdc24eca11d4a279be6ae8b3114097e568e682ab0,40,7,33
0x691ef79e40d909c715be5e9e93738b3ff7d58534,226,74,152
0x329fa32f6520fb67bb3c1fc3a6909beb8239544c,385,119,266
0xedb61f74b0d09b2558f1eeb79b247c1f363ae452,153,34,119
0xa4c3d7300875d99b5b227917facf98cc7b08cc53,223,215,8
0xbb53dfe73a4fe50cbe2fc436a1667beb5c22956e,65,26,39
0x0bdcae0d52ec292ebfe9875ecd649d98b4e8adac,123,4,119
0xbbf449cf8174c0cca4452fbe4785d8851a2fd641,245,14,231
0x6cb26df0c825fece867a84658f87b0ecbcea72f6,207,207,0
0x6476db7cffeebf7cc47ed8d4996d1d60608aaf95,23,23,0
0xc64500dd7b0f1794807e67802f8abbf5f8ffb054,163,163,0
0xf8e9566c8b24aa77645d503f119a4b85dc3fc6d3,208,34,174
0x2163f70d3b4de18a44e570309798e1fbbc916291,74,73,1
0x313bded01a27a17f17803b0a7a134798eccdb018,217,185,32
0x8026ec89562d4109835c74a3946096081d362ff5,31,12,19
0x15cf7afe8342e8cd2ac38426b814e01f1701214c,30,30,0
0x8876819535b48b551c9e97ebc07332c7482b4b2d,342,342,0
0xd6f4a923e2ecd9ab7391840ac78d04bfe40bd5e1,114,66,48
0xa1fb685c312c8f83825a07e79a4e2dd4e24476dd,36,14,22
0xef1efb7f22fb728820d4952b33012a7115e87687,76,76,0
0x1a11831f88954cb9bab51e4b6b7e57cb72b4a1b1,48,45,3
0x50f5e8408a9171e6aeebc1f4a159ce1ad3664158,29,29,0
0x20d4db1946859e2adb0e5acc2eac58047ad41395,120,120,0
0xb843a07ffd385c5e9284aa4925666f1d1d1101e4,49,49,0
0xf51bbb5726513b7005d25f2973309661e5206556,400,331,69
0x31fe56609c65cd0c510e7125f051d440424d38f3,26,26,0
0x188375ee3ad7beb579601861055d75ee9992d032,176,6,170
0xff79127c3538aae46b6b15f056da677c07e60d8e,108,76,32
0x45c2d9f2553f4e1794e1b99b8e319ead8a066f81,381,4,377
0x04666247f012e99f6d2ec148cce849f78c61aea9,19,19,0
0x448ad00451d153e11b582bb24164616c6c2bc95e,41,29,12
0xeca6349907535d1b0b8dd3d58b5914e0316d34b7,96,24,72
0xc96ab840a194f2417ccc0de6077b4d7ef310da2a,43,26,17
0x833482c2dc61c7e695a07fe7bfc50e063781e75f,54,8,46
0xc995756e8e6a319f209623d0c8f7629dc5636129,157,143,14
0x0b992cd45d8b72d304b5de443a59720e9bd9cc5e,77,73,4
0x272b2b3640c37f07173318465ac8eb3f6c211dce,52,19,33
0xbbaae76596467ed249f0efbb450188690287c348,53,45,8
0x3ffcfb7c1138b3fa78594a0fb3584ffd3d6d042e,69,69,0
0x972da30f00c70ce4d1bc23d935df60b10ca643b1,31,19,12
0x0dbac2cf0ef7baf21323b8e9a4af524d07093422,29,29,0
0x343f999eaacdfa1f201fb8e43ebb35c99d9ae0c1,169,52,117
0x0000000fdf9eb269b38e39e058f45d7d0ddb60f9,28,1,27
0x6ed706408b1a767bc44a54e15821d7c877330410,227,227,0
0x9f0f64c023f75c937502542e6059a2acaa0e7eca,23,23,0
0xfca823de572ed9d65ae804bb638a486409dea391,129,79,50
0x8e93fd5d7c1dcf7dd8d44d32c714b92bd049dc81,35,3,32
0x0107c4aaa31940ef88760acb1f32424ca8d8bd80,48,4,44
0x10c4a95e0ff3a79b854683484dc733b9522b607b,91,32,59
0x57928f060910f9f7714fd545969e152dd3655c28,56,56,0
0x385959371facda040d02dfd37ba2bca3eea3b57b,47,12,35
0xe5c57131fbeb8cfc2d0bb220dd027aef2332ba6d,126,19,107
0x34f0915a5f15a66eba86f6a58be1a471fb7836a7,456,19,437
0x068696a3cf3c4676b65f1c9975dd094260109d02,175,175,0
0x1ab49bd2d96a1e3100d152d9ba9a15ef4801f292,36,8,28
0x0ec7c9b2eda7d3f82a8919029c369a019e2be268,326,56,270
0x2f9531bb3d1240cbc3c17001dc879bd7067b70ac,78,35,43
0x370de27fdb7d1ff1e1baa7d11c5820a324cf623c,305,305,0
0x71a28feaee902966dc8d355e7b8aa427d421e7e0,64,64,0
0x3cbcde147df6102b2ab0693fccd7fc35efb4db2e,15,13,2
0xb83c27805aaca5c7082eb45c868d955cf04c337f,79,79,0
0x86fc6f6c6702cef7d3bae87ef41256715416db71,204,204,0
0x25ffde297087ea759adbe2379187ca5529e53c5c,195,47,148
0x4376cfb6d9fe9b94a2e9fd0c417f7d50f2a29245,3,1,2
0x10e0e63279521a046ea5a39c3303fa06afdc324d,42,39,3
0xcb1021080b61dac7032618de925a62176cbc8372,115,93,22
0x3e36222517ec1413c627c69e7d56564d8a4165e5,255,222,33
0x6eed5b7ec85a802428f7a951d6cc1523181c776a,98,74,24
0xebd707e7b27c6c14c98a327e332a0df7c6c015b0,452,47,405
0xbc6f8c94979207b5206a3e82a3d84dc82f987829,36,25,11
0xf9c53268e9de692ae1b2ea5216e24e1c3ad7cb1e,58,58,0
0xaf06a25a3db7519b06b87fbdfea67814e80aef3e,96,92,4
0x1cef785aa885836cee4f53b6ace83d187d819639,332,29,303
0x42bfe8c8eb5e87b58c9edeeba73a1d5b45325647,33,9,24
0x9196e18bc349b1f64bc08784eae259525329a1ad,116,116,0
0x19e3b41628a77e3ffbc2f7fc53fb690d9637d19f,36,8,28
0x2008e6de208ed0d53a804ece32e3cd07c761d47a,54,19,35
0x427c3fbb758e01465647eccd5cba630ece1cabc5,192,191,1
0xa059087de1321517892ec73da5f6f665c8e009db,225,134,91
0xa265bd2ba7e49bcc77cef4a7b05c7799ec8b8387,400,15,385
0x24435375b29f83b9b3e7e868df963543e6b4892a,65,65,0
0x8184a482a5038b124d933b779e0ea6e0fb72f54e,191,129,62
0xfa7e3f898c80e31a3aedeae8b0c713a3f9666264,429,406,23
0x091561eb5b0fc1da32a0f8842512a994b0fdc37b,74,71,3
0x78f28143902e9346526933e3c2eda2662d1cd1f7,242,19,223
0x0ee7bf57733e3da8c015a0e7e395d641fac512d6,94,12,82
0xae71193d1e914eea9a3164b5f52a19c86949ff50,90,74,16
0x830c4d58432ac015525dda2b2f2fb8da793bd941,102,88,14
0x86c559014d326031b0342e83668aebca3a7b0302,34,31,3
0x2971adfa57b20e5a416ae5a708a8655a9c74f723,207,143,64
0x94a15faba48264572670f75aad1ef5609947a81d,269,39,230
0xc630ecd1be7c7d51e0b4ab203dba445dea2866df,120,101,19
0x9f613b178b10f14f90be2b4ab1abd35b1a94dc19,49,25,24
0xe66069cbd7c413898a7304ea8f4ef1255364ca3c,43,32,11
0x7cc78084e8d7b2be045fd23d0cdf749599db6eb4,126,41,85
0xfaae5fef33fe34f36850f47f1cca13b4da7016a1,24,9,15
0xb98d4c97425d9908e66e53a6fdf673acca0be986,346,125,221
0x333761cefcc5c30786fb8af304569c8d171fee9e,96,88,8
0xc0ea83113038987d974fe667831a36e442e661e7,90,30,60
0x8442864d6ab62a9193be2f16580c08e0d7bcda2f,52,13,39
0x87e738a3d5e5345d6212d8982205a564289e6324,126,42,84
0x19247d1e7178a3ffd76763eaf52ebe2cf1e639ad,63,58,5
0xe6a275319d275dfc9a9960f29891b9af72b89e4d,191,191,0
0x70e423911bdf6eb7a9d6d5fee584fb2d58fafa74,112,20,92
0x87d3af525e3f42e020ca8af9c4b74a6f5a814ca7,35,34,1
0xcc1f757e3fa67b70e761c71f4b75b1e9f72263af,36,7,29
0x9c807628198a544f69f1dbc4ac4bdf56ffb1d8a1,369,337,32
0x35e8426d161b84041a7769b2598b1b75bc896f22,255,26,229
0x6ba6f2207e343923ba692e5cae646fb0f566db8d,179,179,0
0xd7bef882ac59abaaae340d7fa897536cbb572184,48,8,40
0x9ce696322a7495b83f279db6080314cf4d9f8c1f,128,27,101
0x25593a50255bfb30ea027f6966417b0bf780401d,312,104,208
0x41d70e302e63afc0f6b3d6e94aafe2489b443f48,23,23,0
0x8fe3626e6f059c1b4b3aaf0ecc190ca11c6d55a8,130,63,67
0x2b934db3169783de4ccb6f24a3039605df8f8b05,264,217,47
0x18affb2a5ead3fae42e34668871ec9b5e5e713e0,243,63,180
0x7760b8f3e81b10f9aaed70cd48940e16d5cdaec0,448,154,294
0x86e87ad210ec9e6939fedcc6d399748c3d686761,70,58,12
0xe3e23f783e270f1693c02bd158e266a9179e1013,299,243,56
0xa8580f3363684d76055bdc6660caefe8709744e1,102,36,66
0x020cdc4775366ae436f13a7d333143432e884934,304,84,220
0xed493f841b0527ff4ad0c08ac9cf84fe26ebb5e1,76,19,57
0x955cdacd6ab5fe82d43a133a3d5e211993f12e7c,53,20,33
0x793c390c5d84746cef023f46173ab4673e4f592d,36,11,25
0xc1542021c3b20dc90ea54c70dabdb0ded4d4eb04,104,59,45
0xe423bc41aecd29889ca4975f90de54d9f30d4181,36,30,6
0x16780860c1c0a69c9704ad2ac828a92654d7009f,124,46,78
0x4298892fbf6d4dbeee99d30496f085e9d8b59618,151,50,101
0x0023923d3cd59f30666c16d70a90bbb640c1370a,71,65,6
0x9025046c6fb25fb39e720d97a8fd881ed69a1ef6,382,21,361
0xde4ce5447ce0c67920a1371605a39187cb6847c8,34,34,0
0x4decc44325e18519224acf38338e8802983371f9,188,19,169
0x348eac426536595a6e75a82c033ac292c000f272,18,13,5
0x3abf2a4f8452ccc2cf7b4c1e4663147600646f66,75,75,0
0x6dc6001535e15b9def7b0f6a20a2111dfa9454e2,219,131,88
0x618c20ad429417e52d97fd5442bc49a761c6115f,27,16,11
0xb61b5aca15193ecb719433d0e5c066f9980e1e83,275,8,267
0x4133ea7e6b655fc6069825d8766076cf1d9fee41,92,71,21
0x6fecaa110f74c8181e4a90285b1065be32596c9d,120,107,13
0x23894dc9da6c94ecb439911caf7d337746575a72,95,94,1
0x445ba08dad96a3d03ce8ffcbb1f246397f971b8c,62,62,0
0x4b81714cd2a0e5ec540575d40a46f0639a20b678,82,7,75
0x727f064a78dc734d33eec18d5370aef32ffd46e4,90,90,0
0xbc19712feb3a26080ebf6f2f7849b417fdd792ca,127,86,41
0x446f86cd99d4c0f29380a2d8abde7822190c26bb,194,84,110
0xdb5c3c46e28b53a39c255aa39a411dd64e5fed9c,149,149,0
0x77640cf3f89a4f1b5ca3a1e5c87f3f5b12ebf87e,186,93,93
0x285e9606463448a93b811abb64bc15f52da5a40c,13,0,13
0x6bc1f3a1ae56231dbb64d3e82e070857eae86045,157,30,127
0x9a95ecee5161b888ffe9abd3d920c5d38e8539da,64,23,41
0x99d8a9c45b2eca8864373a26d1459e3dff1e17f3,162,48,114
0xa16a609ff4e1a15b6ccb469e7a5dd14e89305283,61,3,58
0x1d010e936ee794c100115739524ac4f692eb48a8,414,11,403
0x4f9835dbb442b263bbd20ff2731162101d9c3a89,107,104,3
0x14f768657135d3daafb45d242157055f1c9143f3,140,140,0
0x93eae233d31bbefe534e7abc9c33703a83f803ef,70,55,15
0x932261f9fc8da46c4a22e31b45c4de60623848bf,205,83,122
0x543f29e5e4edb71e9026c9c8f486808283a180fb,190,103,87
0x0ca6bbdf3e7472331ce73780e299a7b1a298681b,29,29,0
0xa8ed317c5a491bbd9127fd2fce6ec7f409b40783,310,259,51
0xa9248a0935eb476cfe2f286df813a48d06ffd2e2,300,49,251
0xed3d4e446a96dc3b181b64b75c3c70da41dc3cbe,69,38,31
0x7d29a64504629172a429e64183d6673b9dacbfce,301,177,124
0xd539a3a5edb713e6587e559a9d007ffff92bd9ab,149,37,112
0x95d10b277b7f2c7ee6c6a24d8fb9dbfef60d7dfc,49,31,18
0x62d3c05b9c3d916fbc111819bbd3cee52906c1ae,52,18,34
0x5faa989af96af85384b8a938c2ede4a7378d9875,142,142,0
0xf9039235d4318bf2faded06ca8eb5c7e9785f789,24,3,21
0xc7ebcd2b57db3d133c456fdc407f88c1616e7c93,50,40,10
0x82994dff990b80ee01a90a9c2f5afccc1f5e32f5,110,21,89
0x325bad883b4e9a35277e99902d94dd18186ae219,223,46,177
0x58f9102bf53cf186682bd9a281d3cd3c616eec41,80,80,0
0x2f3df38924fb12a82f46298b8e9391e1fb714953,99,76,23
0x4b1e80cac91e2216eeb63e29b957eb91ae9c2be8,175,175,0
0xb578f948df1f2e401522f8774229497c2bdddfff,298,285,13
0xf36446105ff682999a442b003f2224bcb3d82067,148,89,59
0x28f6691ace7a960ed6b549a2c486982e89f963fc,79,79,0
0x0e3a36fc982c62e1fbc2a04bf201639e83fd3a49,125,84,41
0xe39d9712f3749b9663627331d9bca15ac69b6170,35,33,2
0x26d3be57d9a2c4a2c2e1361e80928d769ac25006,46,42,4
0x16756ec1deb89a2106c35e0b586a799d0a61837d,103,45,58
0x08a75dbc7167714ceac1a8e43a8d643a4edd625a,58,58,0
0xe0e28f13d59b3f6c37e49c8447df3c9d418f0188,24,15,9
0x09d05293264edf390cd3cbd8cc86532207ae30b0,174,60,114
0x07a13eea351d501cfedf96bda8528bbc71ca5d80,92,22,70
0xea25e2b3e35c67876957ee00a28cd912ff113f54,217,104,113
0x64775ea96cb4dd8ef31e3d634af398c66543fbd7,109,78,31
0x98d3cd2f29a4f5464266f925fe177018e6c2f9e6,349,251,98
0x090185f2135308bad17527004364ebcc2d37e5f6,264,264,0
0x7af3460d552f832fd7e2de973c628acea59b0712,245,58,187
0x3059955684071b412bd8e6f1506577ac11ddd692,127,71,56
0xf5ae40b79dc3b7bdc340daeee62707db2c1c5e20,21,21,0
0xc5a6afbe82eb9a119ac0d15392ca43b683ae8136,409,146,263
0x261fc7dae53b4c7d9d4fc44360695c226481177b,138,138,0
0xbb7a981f5f14b82ac3d3866304c8996d1d82be46,88,56,32
0xa514ede519870c62d35130ca18e4134e86244255,61,49,12
0xa142cf204d9d64f8270bf1e84a297b8b7644ba6b,121,81,40
0xf301d525da003e874df574bcdd309a6bf0535bb6,405,405,0
0x21011333fa45f3564176e9a16a043bb84f863e5d,198,23,175
0xba07cd4712a308be5f117292a07beff94a7fe0cf,178,94,84
0x46a0a4840b496c8e8fd034c99840f578fd842341,89,29,60
0x31719ea121e5e77b12efaf134693bb2633d0dc3f,156,97,59
0x490ea97ef36161f960196956e43e2cda93595875,24,6,18
0xa5446d4c8e4c2c1a36f667db72553a1c105191b4,313,231,82
0x5771d78aef7cb1028ba3ae6c244b702988d75c91,31,15,16
0xab9ad8a1079a66080efa0522a94f303a53302a6b,16,9,7
0xff742d05420b6aca4481f635ad8341f81a6300c2,64,12,52
0xe0be388ab81c47b0f098d2030a1c9ef190691a8a,300,294,6
0x964099b09212e732f1f73d0aa4a8162c4dfd0ca4,63,31,32
0xede7400e097ed1b0c3d8c1d7530058305ce0afab,43,43,0
0x01ae9df9cc72ed928c6f34aa74a3449e8d5ab134,53,27,26
0x6d3adf9fef24ddb3ffd0457455176dc6c437199f,64,25,39
0x51012ecb5c63253317ed6fe70b53f1e40ebcbba5,13,13,0
0x91d74e31a2734f4e519861ab9917048822f0b489,16,16,0
0x9ad37205d608b8b219e6a2573f922094cec5c200,82,9,73
0xc7d21dd9ec1f3f42c313535c103fad7e5a078bc4,206,150,56
0x4ceb477a068350bc652cabff127f87ad874b11f9,380,60,320
0x36036ee347c6308b905fbe2206f68dcb98d92d55,169,18,151
0x80d77b4ae7cd0d7a21fd3c1b2da25a4a06b63923,203,163,40
0x3a921bf2c96cb60d49aff09110a9f836c295713a,429,16,413
0x5ba8996f5a2187efece48318489aeab6f553b3bb,97,72,25
0xc33b844d8c4d3e89f70023d2f04eb85d89a91d21,149,31,118
0x83249c6794bca5a77eb8c0af9f1a86e055459cea,98,16,82
0xdb631859e06fbc6604e86f592f6b8c416425b5d5,420,0,420
0x05b77ef77b12f8f84893841efe15e887ebc3ae95,61,32,29
0xe3f92992bb4f0f0d173623a52b2922d65172601d,345,250,95
0xdfbd4f523dd7532ff8af2430d9be36d8d9421825,283,283,0
0x0c94ce9e022ff45330212df75134efafbfb497d4,352,4,348
0xdedf88899d7c9025f19c6c9f188deb98d49cd760,245,88,157
0x6a445e9f40e0b97c92d0b8a3366cef1d67f700bf,77,77,0
0xddbddcfdec729ee7013c3038482538c03d7c62cb,218,171,47
0xee4446483fb92b6d21488fd4937053a09a53b7b6,276,83,193
0x8044ee10dc6f4316072379b9cbdcee7d22b97591,93,46,47
0x9b9647431632af44be02ddd22477ed94d14aacaa,226,226,0
0xda1e53e088023fe4d1dc5a418581748f52cbd1b8,88,47,41
0xa7f551feab03d1f34138c900e7c08821f3c3d1d0,62,21,41
0x315027137e85efca8adab52e658e0c7a6fa3fcca,480,403,77
0x177ef8787ceb5d4596b6f011df08c86eb84380dc,452,112,340
0x64cf2584e59aa22b23e953bc57e17b9cbc26e706,26,25,1
0xd0e9faf06ff4cc3948295b665ccff764ec696f47,288,6,282
0x00ea2894fe840f105ab99a8f8f75b1f17e94843a,311,86,225
0x8aa2e73b085e55525defc0545733d251a292c1ae,45,40,5
0x239ce1fb790d5b829fe7a40a3d54cb825a403bb3,239,64,175
0xe51aac67b09eaed6d3d43e794d6bae679cbe09d8,334,231,103
0x5075a047f3d642bece60da8390c70fec7f6c5807,73,62,11
0xb4d9dd5cb9e40c1a51e0e47f5110a643c28b0301,131,3,128
0xc6b958c1682920173b7f1ac0de9140056a0f68f6,23,21,2
0xce15ec0fbbee22c2a069fe0483f968ffe657335d,53,53,0
0xc8d5517fd038206a65263bc25b230f6809ac7e3a,154,134,20
0x64ed7fc387bfeee39898b553fe0e199a35fec5d6,236,68,168
0x08dfdbb07f013856d0d18592d20185d64c9c4ef0,110,93,17
0x7c5a0ce9267ed19b22f8cae653f198e3e8daf098,293,293,0
0xe774bbacaad2915f3db4d1bb798523c610a33532,27,27,0
0xc1c130f6e93f1809f617b28138eec0f594f8391b,72,42,30
0x3ed7dfaca773b90da1bc3fa8b04656c917d33afb,219,49,170
0xb1093f00dff1cbad4709ba7ce82c3dc9ad839c36,106,93,13
0xcd9c7c57a2d1468686c2d141530f7b70e771c05a,119,41,78
0xfa3f8d6bb5a996600c354a36c6c38f432a38da78,104,94,10
0xc6d1f1d5a46de07e73091f1c8793293b203f01a1,69,69,0
0xee8496e16d34fa7a020cc3483a8489ea9c48e3ea,8,8,0
0x7f59784d9e83835f0832f90639ee667d7ac1a179,33,25,8
0x589891a198195061cb8ad1a75357a3b7dbadd7bc,175,175,0
0xc7b91ec3d3499fa72a5675d0023314d09818aa55,64,57,7
0x810fedb4a6927d02a6427f7441f6110d7a1096d5,218,79,139
0x5dff25915d8652233cd5a8bf4498c2dac077d5f4,43,43,0
0xa3a321135112246b4cd8dd440e00e1b94cb86a41,110,110,0
0xcc0a99f59e7b153bad42f54c278c16e4081afa7c,276,276,0
0x7c022ef6cc3a62851547c0dbfb3287f6c89661de,68,52,16
0xe7a523740c7026ffa9f0b6d79df558c3330f3626,117,89,28
0x77c12fa7aa7c3a7045d1ce0f58684fc0bcc77e2b,131,14,117
0xbd34c563572bfd3b35b27df957b809813b7a6ff8,51,11,40
0x2a70e7f51f6cd40c3e9956aa964137668cbfadc5,143,8,135
0xd8971bd47b0320b46a89bc45394056a2a3af02a1,73,73,0
0xa2177f14aad9b44c2fe04ee6731629b8d4e7270c,48,29,19
0xf7f83cbb51ba65fb19ab9ed6ca9520e637b6f192,442,44,398
0xfb076d4a65838786856afdd3fc2b107de043b50a,231,1,230
0x9705a7113363a383c8a96689e20286abe6612bb3,90,64,26
0x48c58b8496642bc4c860c7efc13813b73aa674f7,172,49,123
0xc45f3c76feeea53aae5afa9b51f166e025145400,44,24,20
0x1dad1a5b94ce387c60b686e69b249ac2a23a7ca6,33,14,19
0xca6a720ac282e8634f595c4351b827191aea1bbe,42,29,13
0x8b02b8b089236f5805267580a580c870b7812dee,67,32,35
0xeb113c5d09bfc3a7b27a75da4432fb3484f90c6a,233,122,111
0xc3108ca9589732da37b6fb171ecef5477182f6e2,60,54,6
0x4c8a5c643b781197db567878cc1675ad45b6c67b,160,10,150
0x666cbd4227ed0558e5397b6ee1bd66697eead350,128,45,83
0x30dcba0405004cf124045793e1933c798af9e66a,132,132,0
0x6b4c7a5e3f0b99fcd83e9c089bddd6c7fce5c611,155,8,147
0x8956c46b7b2d39761805d56beb972429f6b84063,36,34,2
0x26b1dbf69c45f48d3cc2216cf258a96ac7026d12,62,44,18
0x8cd3cea52a45f30ed7c93a63fb2b5c13b453d5a1,175,65,110
0xc99c679c50033bbc5321eb88752e89a93e9e83c5,319,75,244
0x970aad14d99ab8ff4dc699458a2183f44c1a6507,141,14,127
0x565a21cd4471287e25f2b85d14d569db03b63a8f,56,50,6
0xa11d59ce8e001254ad6f6e95ee87c0c0aa9b4a5c,36,10,26
0x80416304142fa37929f8a4eee83ee7d2dac12d7c,147,89,58
0xc2a1d33cb2df9e96172337323af464b87e04e9d3,69,67,2
0xd5d1400efb330eb0855c8c293546a4137b58f850,192,191,1
0x5f60678049870a0dcfcf1a40bb666a6e552298a2,100,36,64
0x65a8fba02f641a13bb7b01d5e1129b0521004f52,58,58,0
0xe26f2c3547123b5fdae0bfd52419d71bdfb0c4ef,226,92,134
0xd53588cb0a47d7d885c09a9aa0130b324d6021f1,73,33,40
0x3d605a7425b913a58f7355b3775fdcb2d01fad23,59,53,6
0x630fd418668ab8121e8e3e45676bcf4c859320b3,167,167,0
0xc007290e4e0a7aaa295920992067d61812769eed,17,4,13
0xc6764e58b36e26b08fd1d2aed4538c02171fa872,176,11,165
0x91c8b5c50a35e461dc7d7ffbc301c365b83f01f8,143,42,101
0x6bab62a185980f96bbf83b0b80013962c3b2772d,279,69,210
0xda9fdab21bc4a5811134a6e0ba6ca06624e67c07,53,53,0
0x260428e36989ee6c6829f8a6e361cba99c7a8447,242,214,28
0x397deb686c72384fad502a81f4d7fdb89e1f1280,32,0,32
0x563f6e1594ff7427bb53aa479645e639c2928f9c,70,70,0
0xccb12a755bf866368e483dbed505d1c3e40d2562,49,49,0
0x0017836e2e0a5445f1816d69380f244caa41bded,289,24,265
0xd0ba5e66f46329de0d6189b0ff02ca394192d935,46,40,6
0x1feae09997631493158270754c1722c00dcbeafe,86,31,55
0x177d39ac676ed1c67a2b268ad7f1e58826e5b0af,356,159,197
0xe22020f47b7378dfedcedd2c81d4137c22fe1152,119,33,86
0xf872857390285037ff6eb97266171890e7bb135d,177,175,2
0xb0b8143ca80ad110b39c6a6b4fd6a0666b85216e,142,108,34
0xa3738ee6fe2d7ed793ae131fb279706a6e2fccff,218,215,3
0xcaa37c3822cc2e7abd2ae2fe7ee85f053220a650,190,77,113
0xffe510a92434a0df346c5e72a3494b043cf249eb,297,84,213
0x969b286112a06473608b06752aa64fdca836e801,98,60,38
0x5215b6b6155f5b1f7f449343bb7855a69e85c7f6,39,11,28
0x2dd1b9410c73e16b60240e529e38e30425f00d4e,56,23,33
0xee966c3827bf10312ac6de8d9bafd626cb106ed7,188,188,0
0x2931b181ae9dc8f8109ec41c42480933f411ef94,198,5,193
0x1410434b0346f5be678d0fb554e5c7ab620f8f4a,199,36,163
0x52a0ae79facf56421977b19bf1052fdf8b1c5c16,63,40,23
0x16ef6e8563456283f50654a8fb16056a88eecbb5,113,93,20
0x8c0ac3ce98dced91810f7b3c5b50791c8874c551,150,139,11
0x882e5b370d595e50c24b2a0e7a94e87cc32adda1,59,55,4
0xd0ba6a92561b04c1cab13d89aabd5b673215e43d,85,68,17
0x98613d2b9f1112afee75200b070f962435cce088,36,27,9
0x7f2e7c52217c8c333f24e2fe2eb371d5ee9669a3,36,5,31
0x337f6b8a13a547f44aa845173492b69a95ee45a7,68,57,11
0xde07734c6a573371a5c88753b77e3c81055bdcc1,157,50,107
0x5db2394a5abcbb7ee33d09d1d027d0215a76afce,291,143,148
0x503d73d0008b97ad1516845ef73265e77e6d498f,120,77,43
0x287850ee043155d8e4aa6656478f1fb98f52d822,67,50,17
0x1c579006cd499871ac39aa2bf787462de603936c,430,424,6
0xad48c81ac9cdcd4fe3e25b8493b2798ea5104e6f,96,96,0
0xf63063bb20a03b85bd08d5c1244af8ba0aee1b1f,277,182,95
0xf90980ae7a44e2d18b9615396ff5e9252f1df639,376,328,48
0xe3e05b8b1e6cd83fe05cd49082cd95a45e4bc59a,286,263,23
0x5199be1dff412b4b1b491d4172bbf1644c616230,208,76,132
0xacecb5d0b8c1b74a8745733dbe458a1546e32096,108,75,33
0x72b3b26848a30d3d76e5b67959a365b6ad388c49,168,46,122
0xc852ac7aae4b0f0a0deb9e8a391eba2047d80026,6,0,6
0xd946a996a6a291917bb267689f65c6c4d1966047,118,118,0
0xd50bb2b7531ae2cc35fb508a12afd3934cc2bcfe,165,27,138
0xfb61bd914d4cd5509ecbd4b16a0f96349e52db3d,244,56,188
0x55a68016910a7bcb0ed63775437e04d2bb70d570,159,87,72
0xc86c6c131abb2a91ccfb6ff42b5cdf7d18150091,56,53,3
0xdf5b5ee15cc96ba7d0cb6bd9b2c0fc4417ab6445,157,114,43
0xb3366fd40c98dd71df4ae3a0306a526f25b8fa89,87,24,63
0x40897c872214303b6f479a37e549ee1516b264a2,106,7,99
0x626160bea9450bb87f95adffd8c2d8b185f48f8c,52,41,11
0xc11e5888ea11323dde72ed85b655613ef9cde837,40,27,13
0x9f284e1337a815fe77d2ff4ae46544645b20c5ff,300,200,100
0x3ebb77a6ed0284e51ed13c8133aadb2a9526d1e9,47,40,7
0x4674a4f24c5f63d53f22490fb3a08eaaad739ff8,52,27,25
0x2124dd756125bdd97d60e4732b58905790c22953,413,413,0
0x20016fa709765558ed8229d8572a4275d3a1899f,48,13,35
0x0b87320f22c94e290e763c2f337dc0b44693a548,214,38,176
0x23d236e8eff192ebfafa73ff153067240da6c500,88,2,86
0x72377f31e30a405282b522d588aebbea202b4f23,56,56,0
0x0352768dbb2dc03fd6458e4a15989b7b6d55021f,60,56,4
0xe7ce4b8bce37ce5241d638bfec50b2d0918bf6d6,126,121,5
0xb5122abbe7f12fcec768cede35ab870e6b7f1ebc,24,20,4
0x6100dd79fcaa88420750dcee3f735d168abcb771,62,34,28
0x960987eb8f00b8ea75fdea8ccc3eb2eeaf10f978,67,36,31
0x5e1a29c0ffc4bf6a5d725727ef6ad4c506ae57a4,262,180,82
0xf5047a87fb67c68b043760dc710670e12fc20a00,53,49,4
0xd9cc62ecf0223bd45737a9dbe8b9ac6bbac8a13f,285,285,0
0xc4ee0aa2d993ca7c9263ecfa26c6f7e13009d2b6,82,1,81
0xa1faa8da7fc65ed1fad43dd9700ed332a8e20b0f,71,27,44
0x7aa8e897d712cfb9c7cb6b37634a1c4d21181c8b,161,38,123
0xfb3cf61a46a565fb1622ec5f9d42d98ff7f762aa,306,106,200
0x6fd4eb990ed2e7bb2b1203e7f728e29904a4d5a4,248,92,156
0x88c3a90a8eaf00b8becca576a33eeb138c285eb0,80,35,45
0x275dfe03bc036257cd0a713ee819dbd4529739c8,348,174,174
0x909e34d3f6124c324ac83dcca84b74398a6fa173,151,92,59
0xca3e2da3ad34ea2e0c048c4db52c516f66017957,55,42,13
0x035df12e0f3ac6671126525f1015e47d79dfeddf,238,68,170
0xc8adfb4d437357d0a656d4e62fd9a6d22e401aa0,294,181,113
0xc09bb5ecf865e6f69fe62a43c27f036a426909f7,52,5,47
0x33cfae13a9486c29cd3b11391cc7eca53822e8c7,137,24,113
0x7096ae1a95c9a4f0fb70a5deb0ee5cb9d054bc15,8,8,0
0xa55d6016065fd576e64f3081cd64e1dd3a0488da,144,73,71
0xabd567f9c0c34d3b7ad2f32a4eda8762b42ff956,26,24,2
0x0b761403fdc1e7cd8763ccd89d0b269acfdc4926,422,0,422
0x37fe0f067fa808ffbdd12891c0858532cfe7361d,90,13,77
0x76236b6f13f687d0bbedbbce0e30e9f07d071c1c,150,38,112
0x91c2bf0e0c6125036652a26752228c4a20aa83e5,72,58,14
0xf433089366899d83a9f26a773d59ec7ecf30355e,343,106,237
0xc8ccad799d1d7b142c49b7873d8bcf96511b6eb0,64,38,26
0xdcef968d416a41cdac0ed8702fac8128a64241a2,406,306,100
0xaefa03b06c0d7a0e1871650f61348e84d979703f,26,26,0
0x662b67d00a13faf93254714dd601f5ed49ef2f51,166,166,0
0x97bea466d5689b9d75c10253efc819f37abbf13d,184,64,120
0x282a7d13152b3f51a3e31d46a2ca563f8554d85d,213,163,50
0xa74ae2c6fca0cedbaef30a8ceef834b247186bcf,182,56,126
0x31a7d612788277457c03e34ecd4efe4d6e6a8e39,121,66,55
0x2f141ce366a2462f02cea3d12cf93e4dca49e4fd,368,107,261
0x77be00944c3f2761ccfc1702d8253aa70d8540c7,88,18,70
0x0d0bf229dfddf70ed3ba9d40812aa65f13c96229,198,74,124
0x832c8b1bf8c89f1f827c2bdee2a951530a4e712f,31,8,23
0xe169c2ed585e62b1d32615bf2591093a629549b6,156,109,47
0x23684c313c1bda3590598a08292a4c5467c793fd,64,64,0
0x78132543d8e20d2417d8a07d9ae199d458a0d581,93,31,62
0xf5181005304c3cc17256316c4407bbf856ab6a2d,50,28,22
0xcd4722b7c24c29e0413bdcd9e51404b4539d14ae,399,399,0
0xfa41b64086ab7d09c9a2007943b262acda68a0d2,180,21,159
0x33fbc07d9d9456d9e6d8316aa87792a20d3ad448,69,11,58
0x88a23c650e8c72960596acad5901cae56ce6ef35,35,0,35
0xf25b697e2b51aab1a5beb6a164fceb297795ff08,164,148,16
0xdce2fc2857becd024fed829aca54ea5c207a4332,197,55,142
0xe9e8109bc97390bb0025f6450093bd29a262cc97,31,27,4
0xda72090dea4c4817bcda67e8533d8847faa82a22,59,23,36
0xff2790802f3ca1777c632892394f8afaca92bd9c,74,65,9
0xacb978ef383d6f82781d9b60d2820be28bdb2081,143,133,10
0x259770ce31890a1d7b64fd93266f0d735b1a26ba,331,236,95
0x2780086dd9ef2589750ba1eea901123ab84d1f10,114,108,6
0xbbdcf966eda3cebc50017faf3ff426645ebe3a11,197,103,94
0x819d1e8c95fe3eb1f451e09f1b54e15adc6c5c43,59,54,5
0x5be372fa04ba4bb290efab27c0d772f9efc0491b,61,29,32
0x10cdcb5a80e888ec9e9154439e86b911f684da7b,117,29,88
0xeceac5562eaf4b7c07e9e208cfad7147c2436db0,84,76,8
0xd16bdccae06dfd701a59103446a17e22e9ca0ef0,143,102,41
0xd9506121d67fb918ac47af0b883730694be9377c,120,12,108
0x59468516a8259058bad1ca5f8f4bff190d30e066,367,30,337
0x6f6b838616d0a2b35f0d5bb434f8466e64d915bc,117,35,82
0xa52863eef886b51182abfd8fb2a6bb96bbe92699,116,22,94
0xe90c10611d3ea7539f76913d112db579aae839e6,204,78,126
0x8303991059c685fc0579637ed12aead79a798363,70,38,32
0xb83333b18dd311b5b7005d7e417b0cf5e631f38d,103,68,35
0xac3d006f6332981fd1a0ce2055fa42786aaf16f9,131,94,37
0xcc2fc10c8212ea88b92177766942ed79ca204625,53,33,20
0x7be3fdac0f6da6d4460fc2e4937d0017f8e494fa,178,27,151
0x5b1d655c93185b06b00f7925791106132cb3ad75,43,43,0
0x03b48ba08ea58601147607188b9f6c9ebe4e5e03,70,16,54
0xb7c12da49d51fa56bbd5731975a70cb23f4fbcc7,36,18,18
0xb4fbf9ab6172bc4652daa7b8aff67487650a6e98,169,54,115
0xbd5b765d01b3c0eb652b8b3234d81db2aba3ba63,4,4,0
0x856aa6db02b14b159ed3eacaaa70eb9e34811d24,248,22,226
0xeee040ba77fd963c67549afdfc0a5250ebfa5b99,91,85,6
0xbc6e06778708177a18210181b073da747c88490a,115,85,30
0xf21d1b31b15282592ff0e48f7b474b57ae418361,46,25,21
0x8594def8055b7024867a2e8b14f720276f9172fc,38,22,16
0x63a993502e74828ddba5710327afc6dc78d661b2,397,94,303
0x7b092ea548206474a1b970bc33a273bac3173b51,70,51,19
0x5646908923f052e640611a53ec3c202864ce8620,60,6,54
0xa2a22b46b8df38cd7c55e6bf32ea5a32637cf2b1,417,234,183
0x355a824bea1adc22733978a3748271e1bbb34130,35,35,0
0x5ec2642b5c9fb3c78ff39dcca37e277ed1695ff0,173,71,102
0xa178a73f6e215531047d3486f8edc68d14548f6b,326,64,262
0xe1d7f3f0f0d213e4a9f3e5fb0d54095a48441d5c,151,58,93
0x0322f6f11a94cfb1b5b6e95e059d8deb2bf17d6a,310,147,163
0x1a3496c18d558bd9c6c8f609e1b129f67ab08163,261,51,210
0xbe401896658fb7339762e8146db072bde126a55f,149,105,44
0xe5e771bc685c5a89710131919c616c361ff001c6,178,160,18
0x8e81d22d0dc7ef48a81ab25b773d449f08059c33,62,27,35
0xc81baae5e356c59f8687f424e23717b8a51a621d,92,40,52
0xc48b4814faed1ccc885dd6fde62a6474aecbb19a,202,45,157
0xce73f0473a49807a92a95659c0b8dd883b29c252,39,27,12
0x0b1fa4b11edbcb6d35731549211d83c857ffbc0a,353,8,345
0x2bce563c9848daf4ea7c7041d077d431eb78f565,94,59,35
0x5bdf397bb2912859dbd8011f320a222f79a28d2e,143,28,115
0xc706d3fbe10d83151ca3cf464b28139a3414fe1b,157,39,118
0x54f9b4b4485543a815c51c412a9e20436a06491d,58,11,47
0xc9d9f17cfc1347822b50da1b68c218a67f669431,65,58,7
0x752063605629f7eed2f7039aae3dc0c140e92786,65,54,11
0xaef3e1b29c6898e0ca9e2f53d0e40dbb2bd82192,68,47,21
0x1193af965786fc46a63cb4d92c33a48219d1c8b6,205,71,134
0x63e8daf718b0dc39bf214f9b4dc9424841c2b267,147,22,125
0xdb9457a06ca9bb171abf668469705b634c78fa22,51,38,13
0x36f4d96fe0d4eb33cdc2dc6c0bca15b9cdd0d648,101,2,99
0x21e783bcf445b515957a10e992ad3c8e9ff51288,87,87,0
0x4fdb0b82215b8875d3d25c70ac2a7d3c49d42ca3,28,28,0
0x322987cd1e0466be43fa88ae33e2637dff46f06f,169,105,64
0xf3db5fa2c66b7af3eb0c0b782510816cbe4813b8,370,98,272
0x31e2abf378fcc64902a958d79cdea44250c62cc1,77,2,75
0xb325b13848f79f205e901fe72702b360bcd4f133,380,22,358
0x76723d9524a743d8908458082fbdfaaf7f60b3ed,50,18,32
0xd153f0014db6d1f339c6340d2c9f59214355d9d7,139,69,70
0x884ddbb5dc6c2cef77d3e74c6ccca315797d655b,109,37,72
0x5179b679b33361e73350bfb7799f2b4c6c75a086,56,56,0
0x6dc8d7ab5f1bc92649c74185e197e1f36ebc0327,148,126,22
0x341a1c534248966c4b6afad165b98daed4b964ef,447,89,358
0x17092cf6be18d89a7347bfb584be4a74a5bfc8e0,484,413,71
0x7f30a53f290fc551a089bd83107906be649a92bd,90,14,76
0x5630dd0f061291745233e76426d23f69abec0ccf,93,84,9
0x5fc37a6ae6dd977bebbeb2831ead35bfb7263f76,288,0,288
0xde996c385948566a3987090457ed8dbd43ca845a,237,184,53
0x742fbe84557a978c8c06af20375a17bd2031f036,159,119,40
0xebbb641dfe14805939b6cc25d2a90c93bd6a2021,178,140,38
0x4f598212d55415d83a7024ddb48d9fca1afe4edf,47,13,34
0xcb1a599da5a4bd9382743ee63acd1eabf67f036f,473,466,7
0x77c140b8d4027825f959df296b3412fc2384ea92,63,63,0
0xa08e3e88072cea94ab07dc133fb591693876a7eb,25,25,0
0xef52c6ad324da5c7b96276b31cefb5923b8d0aef,157,68,89
0xa95d69f207d972992d35d9692a8092a45735e173,79,18,61
0xcf48822a16506bb80943749fa49934f8ee337fba,33,26,7
0x5c781715132e7a36c6018daf2cd7d8fe02df5e01,68,56,12
0x103c3a209da59d3e7c4a89307e66521e081cfdf0,382,89,293
0xe2ead7593cc0702f4681bb802ef09d417e744b5d,140,78,62
0x010a45801ee731e016aaaa68ee570b9950be0e37,223,223,0
0xfc483e27b2bb7d0df1e4a010b3b81bfb585fa2e1,52,44,8
0x4736090d500366293d434ddc143660d35cab5aa9,440,41,399
0x9355372396e3f6daf13359b7b607a3374cc638e0,143,67,76
0xbbc7f7e93cddf99c94ad4412e5e7a26ceddd6613,17,15,2
0x382a1667c9062f0621362f49076ef6e4fe4c9ec7,244,244,0
0x683bd13449458d923ac82dc5948d18355e697177,19,8,11
0x7f0159d3a639a035797e92861d9f414246735568,196,43,153
0x34cb8b0212d0944821012993a9dd57659f070cf5,33,33,0
0x1ffe8a8177d3c261600a8bd8080d424d64b7fbc2,58,58,0
0x671d97f97632f183a4e693a57a3c9a9577d0b879,21,21,0
0x91fad9a0241515c9c22f3d897943111a11089252,42,39,3
0xbfdc2c14e39a9db8c15a1202a53c9401a5dad74b,74,18,56
0xf51ccb15d3f2d304ae6c409303e8b3a3e397a80b,35,16,19
0xa4a7e36d9b3e33bbd861672478ed180a4261412e,163,163,0
0x9b99cca871be05119b2012fd4474731dd653febe,112,112,0
0x085416975fe14c2a731a97ec38b9bf8135231f62,17,17,0
0x56e48e7b75e5d1a8414a8781cc743d5c904ca00d,88,60,28
0xd656aa19bfaa1a97ba614ae8bcba5e3d3fac1064,60,24,36
0x59277a99c64340e86d8e16898b3c725be0f77fe4,459,421,38
0x80a4b80c653112b789517eb28ac111519b608b19,219,49,170
0xb1a30851e3f7d841b231b086479608e17198363a,117,14,103
0x7eb459ad2a5c5ac08a616b66f39e596105abd1ad,120,2,118
0xcb54da78e6921b8bb64f3e7af06f337cb103070a,240,122,118
0xbfd70ab61d5670da395eb81d27f6f1cb9c6f0142,50,50,0
0xf1929522632eda5ff5f6705378ad2a3d967c1d7e,41,41,0
0xadeadd157904040b99bffb07d935e7f97e210a4d,228,4,224
0x64dc7f3624a1456a7ba52025fcfddf428fff92e0,464,37,427
0x6ed8c49e45889babb18376a04298f46d128c53d6,21,19,2
0x7a19322ac0025c697fd4a4fd4dfc3ed559795625,39,33,6
0x6f80310ca7f2c654691d1383149fa1a57d8ab1f8,129,51,78
0x970b9bb2c0444f5e81e9d0efb84c8ccdcdcaf84d,490,91,399
0x4f85620beb2c229e34d00b1b1c9f5e76bc212a76,473,155,318
0x6267873a5a0a1647a8fbb25541605a0815e04d74,196,196,0
0x46f101f3b08a6156e8f3553945500e1f62e72a37,71,41,30
0x26d15b6af2b66a12a6629316a254dd85d4086bf3,153,136,17
0xc82e3db60a52cf7529253b4ec688f631aad9e7c2,81,43,38
0xddd6a0ecc3c6f6c102e5ea3d8af7b801d1a77ac8,81,81,0
0xca106916ca1f9c53442435036edf9b137b381c90,66,28,38
0x02d4ccfb596ac2a8b1878d3bf8a390730f42bba7,150,128,22
0xb291984262259bcfe6aa02b66a06e9769c5c1ef3,242,101,141
0x85d49c8ade94ff8f7397ca8456f33dad7f296055,30,10,20
0x07c52c2537d84e532a9f15d32e152c8b94d2b232,57,57,0
0xf6e3858bd11ad10288c9575afce9976fc9aa937c,154,102,52
0x2565ae0385659badcada1031db704442e1b69982,173,61,112
0xaadba140ae5e4c8a9ef0cc86ea3124b446e3e46a,187,133,54
0xe70da20a2b10d60ca620a4e494fe2b37c9499e97,267,203,64
0x22ca6c273d2d8be5bb11e762741efd67acdd3315,89,32,57
0xf5f38941ef7e04f04ed5e4fbe102b094854bd251,81,14,67
0x856492e4fc0de8ebacb5192024905ec857de5258,102,36,66
0x7ec2692551ad3dfe54eadbf7e26e231de5fb8f35,218,204,14
0x959d00fdcaa75d27e0d520b545a0d566f13527f4,192,185,7
0x17cbabee420494ad46bb53618793aad0a7fdcdd5,63,36,27
0xe5e14770b98d708079c4325cd8adc2b15a5fd426,38,32,6
0x4f868c1aa37fcf307ab38d215382e88fca6275e2,233,35,198
0x84cffa78b2fbbeec8c37391d2b12a04d2030845e,109,109,0
0xc5666dd4a435745b38c7a67cf5211a4d918e779f,227,205,22
0x37695523d9c82c453ff387a28b75c7c6ffa90aca,32,32,0
0x1d8779d6fae7c21303a021a8bba0431dd2aa027b,33,7,26
0x12b19d3e2ccc14da04fae33e63652ce469b3f2fd,222,222,0
0xecb504d39723b0be0e3a9aa33d646642d1051ee1,39,7,32
0x3d7462b447f5cf13b7a055a0f8eaf7d231da5cef,179,37,142
0xda9f43015749056182352e9dc6d3ee0b6293d80a,108,108,0
0x1162371684e6719cc2be0a1f8973ff6b91aa2ce6,113,60,53
0x9d65ff81a3c488d585bbfb0bfe3c7707c7917f54,103,103,0
0x9cc05bdc13dc65223623fecd20fa1f34109f8206,411,114,297
0xea6b6a4b813d1436a75883fcc789121e4b3f0465,30,2,28
0x6aaff04a0c4a1742b6cf3d36b7c07c717bd19b01,240,63,177
0xfd1076d80fff9dc702ae9fdfea0073467b9b3fb7,317,234,83
0x37078802b8f4d6cdd7e8da89bfcf3853e43fea98,399,33,366
0x4b1705c75fde41e35e454ddd14e5d0a0eac06280,76,15,61
0x644d94da13af3ac88a9a0dcaaa108e474b9a9b5f,57,57,0
0x5fba17737ee4809230946115c0e8a418bce70acc,100,29,71
0xd50e2d8b418755f9c64993baa30422fd6d42864b,101,100,1
0x6faa985dc84619c689509a55cee7ccc36251b4c0,98,38,60
0xafed2f17c749ed2705a558966cbbb343ff09e02d,286,98,188
0x139732c3f717071843f90977d93400393bdf9664,217,82,135
0x557e05005e541fddbc27692750088a928d41a8f0,96,37,59
0x524cab2ec69124574082676e6f654a18df49a048,358,152,206
0x6383aab257bcc08c82a000cc77ca9812442304e0,119,116,3
0x016ee7373248a80bde1fd6baa001311d233b3cfa,165,17,148
0x4cbcc45c3d24610cbfa4884f4d16085b590f3354,354,43,311
0x6eed7ab5c770ac20e98424efaadb2546c75a25fb,58,39,19
0x29e1ed0f65e788eea030aa28d25c8117f0173537,41,41,0
0xfa3c785b3f9e6140a9d058976d85bbb9bdd704b0,215,195,20
0xa6586e19ef681b1ac0ed3d46413d199a555dbb95,72,2,70
0x2509ee05b8df07ec75046e24bbf1cfcdb8b2a183,61,18,43
0xe9a95d175a5f4c9369f3b74222402eb1b837693b,216,94,122
0xc5254ae71c9a712cc43d2c5493fb9d4ca5bae18c,47,6,41
0x8578b174f4f1f5be1ca312a0a649199d38121be8,292,63,229
0x10086399dd8c1e3de736724af52587a2044c9fa2,471,187,284
0x16c4b48c64fb39f0fbed9d856a35f854daec63e0,20,20,0
0xa852f69dc60b63fc604c4916f54a1d94617f4cf2,22,15,7
0x6d614686550b9e1c1df4b2cd8f91c9d4df66c810,92,14,78
0x6781a0f84c7e9e846dcb84a9a5bd49333067b104,343,120,223
0x9b3cdd221c93a780125cca81b897bcc2c3a3e0d7,40,40,0
0x3b3afb6b65886eb85d99202d75448cf8e7e5837f,43,9,34
0x0e485774458ee27e23a8b04e3cff3fc5718fff2e,63,63,0
0x34be5b8c30ee4fde069dc878989686abe9884470,120,44,76
0xb36d7b21afa4a76f88f456feb5737d4f08926c31,50,50,0
0x43a10115280634d788815cd9316df1d07c92e1c5,251,43,208
0x7a15b36cb834aea88553de69077d3777460d73ac,161,26,135
0xaa0624c8e810e4bad9e9b40b3f7a6a86505c9f23,309,296,13
0x5b52bfb8062ce664d74bbcd4cd6dc7df53fd7233,148,145,3
0x74bb71a4210e33256885def483fd4227b7f9d88f,117,93,24
0x9607f5fc8544446633be0b5c0420e32b5891a18f,106,53,53
0xf896bf59f0c489b11ecd2bf223148c1196a9e717,344,301,43
0xed1480d12be41d92f36f5f7bdd88212e381a3677,58,58,0
0x60eb57d085c59932d5faa6c6026268a4386927d0,116,15,101
0x8c543aed163909142695f2d2acd0d55791a9edb9,121,43,78
0x0b75c0e17ae4e8c3731a23ad0110d2aab5757693,49,49,0
0xfe4e4652813ea5f70a4876cbc0ebbc510d660615,27,12,15
0x950f4ef7c44c27d68aa717956c8bf7e28e9b1554,123,48,75
0x1c57ede6e2162253f0dd830e85957aae13d59176,132,131,1
0x519fb7ee9c0b6b1c4ebac7a5b480337a9a0976b7,259,244,15
0xe76c6c83af64e4c60245d8c7de953df673a7a33d,112,112,0
0x5cac718a3ae330d361e39244bf9e67ab17514ce8,66,14,52
0x76e51bc8fa0beebcf3e45de408fa43c9dc5ffb27,188,58,130
0x01ea0a1c4cf5d6d948320ff16b1b6b972626e599,432,383,49
0x838804a3dd7c717396a68f94e736eaf76b911632,340,179,161
0x16cda4028e9e872a38acb903176719299beaed87,96,3,93
0xca9e665df8f0f820593ab6be851acc319efdbc53,273,226,47
0x336800d971a3b8facf032333441a9e1281443501,125,121,4
0x80336ad7a747236ef41f47ed2c7641828a480baa,272,69,203
0x72cd6a0e898a8501218b4efc220d7a1ceb925e33,36,29,7
0xfb3765e0e7ac73e736566af913fa58c3cfd686b7,106,28,78
0x0f905a23c916642fff85fb8d0f874b3e2ba5be37,67,67,0
0x9600f1198eaa8ad159c81ca804b27eb12c790441,96,12,84
0x4d169f92eebce2a899fec76fe5d0bf289be929f1,73,64,9
0x34f5c46bc8d76f0484e4368cbe6c12af91c31fb7,143,23,120
0xd4c3c23349348fa67f6d044f1357c54d8e6a661b,393,44,349
0x4b43c7a309a83e71471218af76f71e45965c1129,107,51,56
0xd396706543979149f7510839e9eb0b0608e8bc23,149,77,72
0x1b84f3db0ec59e1854f24d03596585f9740c9266,108,62,46
0xaec65404ddc3af3c897ad89571d5772c1a695f22,68,15,53
0xa222689c56f443e1397f69330b0c916e043efb20,101,82,19
0xf6df9657282bac986b0e40bdd2889aa95cae156b,63,63,0
0x49d02b5f8be84df003203303a396ba597b0d6961,264,11,253
0xeda3f43bdbfdbb9ceb7646e7edaf0f0a899b6596,215,53,162
0x5fe65b1172e148d1ac4f44ffc4777c2d4731ee8f,208,12,196
0xa1c2cfac5a4cccd7252ab355070c4f3cf460a761,26,26,0
0xcd9d4988c0ae61887b075ba77f08cbfad2b65068,189,1,188
0x7746b7ef168547b61890e6b7ce2cc6a1fe40c872,381,363,18
0x15c79f1917acdd5e4f59bc81218108adb0c9202c,146,12,134
0xef952363c1d990a2fa58f8b379a9fa33bad1dfd1,102,20,82
0x68cd21d362c2dae66909afd810e391fa152b2379,236,40,196
0x436fbf52faf705b6f82404bd06fb637bc4cc44ae,101,71,30
0xcf2bc3205c58f44a74eb489884c2619d51ff6bc1,45,45,0
0xfeef77d3f69374f66429c91d732a244f074bdf74,45,45,0
0x7b408fec07fee41ce9974fa2b7e6eb3e3b461b72,63,19,44
0xc94f3e2ade5e92389af7e543657211ecccaff11e,114,114,0
0xde075d9adbd0240b4462f124af926452ad0bac91,44,44,0
0xaf21e28ee7f93f39250c8cf36c78ceec70acf862,133,95,38
0x95b3482d303e9bb29aa0e0d62dbbdd5fe50c06ae,226,205,21
0xa23147f7757f94df82bc9c062b9f58ff1e1d69bc,83,65,18
0xaac2cb9f4561d924f7f45b47726f8b3752515ae5,85,47,38
0x204534a209fa0c7680ca64abb1c284ab2e67242f,28,10,18
0xc09fed4fd724427c838806fe6e9de210a25d74c0,36,30,6
0x8c15ef5b4b21951d50e53e4fbda8298ffad25057,239,86,153
0x6fad73936527d2a82aea5384d252462941b44042,215,31,184
0xfc82bb4ba86045af6f327323a46e80412b91b27d,168,45,123
0x6a8b632d25933ba39660e2e3d03ee481fed638ed,21,7,14
0x849300d52007ed74227fef5bd078dff273ef97d3,188,81,107
0xab84ad4586eae34b1849d790b51ef4cd0ca58e65,276,96,180
0xa33e6e965feb07adba779dc22332211e202ed711,92,47,45
0xe0f30cb149faadc7247e953746be9bbbb6b5751f,210,210,0
0x6f50b93b61259593634a3067adafd93f1b8d0aba,305,80,225
0x300b33206739622039be449f84b5ec0fee644d8d,28,28,0
0x56f7ec0189dd329c7316193739c069554fdcefa0,30,30,0
0xb9eefc4b0d472a44be93970254df4f4016569d27,270,83,187
0x0b1b96adfabcedb42e79daea2c8119680a45f694,44,42,2
0x0efa2b0942228559d580f543d2778d9098e4cc40,91,89,2
0x8d1d064b2c64b3734c8a82d0db9bc160e156e922,60,20,40
0x0be5dd8dc316a936942b1f58667c9ea1ebb71e07,142,71,71
0x2a5aef99cfa510f8bc57b99e22d97d92483d8053,155,40,115
0x1fcdce58959f536621d76f5b7ffb955baa5a672f,217,217,0
0x37efa9315ae9c416842b079a4275311709d8a6c8,207,173,34
0x8e6a92c8fe0106a62c77c9e4e09b92c81fbf7a80,54,16,38
0x0167e9bcc26d02bf71113bbd1b6ea8c9549cd52c,98,72,26
0xa117000000f279d81a1d3cc75430faa017fa5a2e,233,77,156
0x2d47181278072f1a5d643745cab16091120410ec,24,21,3
0xe3bdca3a499b00ef08bbc93a04ba1fc8b6d775d6,99,59,40
0x40615b82999b8aa46803f11493bedab0314eb5e7,60,51,9
0xe66b3aa360bb78468c00bebe163630269db3324f,193,193,0
0x17914823d599f89df674a9a020bd15d7f4836ee3,481,450,31
0x2d0d57d004f82e9f4471caa8b9f8b1965a814154,424,314,110
0xcce62829672ffd270524601b822513f5ce48cf87,55,33,22
0x5f63c28a30039763835aea1a982acc8ec3afb231,122,49,73
0xd5d86fc8d5c0ea1ac1ac5dfab6e529c9967a45e9,194,184,10
0x120a3879da835a5af037bb2d1456bebd6b54d4ba,95,64,31
0x30917a657ae7d1132bdca40187d781fa3b60002f,446,67,379
0x4baf4df3694c90d8267d643a10801797c8ab97b1,29,27,2
0x99f97d66ab29cd89d723121ee8dff81e65d18cba,354,17,337
0x6ff5752486f9793a023bdd5ad94db349a42006a5,38,35,3
0xea97fc2c61b8faf98f20ba81aa8a2cf117eb04dc,257,256,1
0xa41f142b6eb2b164f8164cae0716892ce02f311f,84,84,0
0xc0c30d6bbd74f5c11e255dd34bc2fa7af03122bf,108,73,35
0x745735600dcf9562060becdae9a1a0afffcd9cf6,328,43,285
0xf10a71e53398bf4e3cf5e2a0cad3c529ad19b834,301,232,69
0x84362d6f669c051e250c0a2f0a68a920f9ebe6f4,91,84,7
0x39fbbabf11738317a448031930706cd3e612e1b9,97,97,0
0xa74d868ce53af34f92b880a0f92f1ad8fc8944d7,284,276,8
0xb225e96033427aa3d376ad7ca9723d56f0d20271,15,15,0
0xea00e99f35e9bfe9e50a31e9cd4fc8b6d451a57c,253,226,27
0x4691937a7508860f876c9c0a2a617e7d9e945d4b,274,274,0
0x85f0e02cb992aa1f9f47112f815f519ef1a59e2d,295,67,228
0x8ab17e2cd4f894f8641a31f99f673a5762f53c8e,36,16,20
0xb3c600c04aaf603b0f422b73db244216c2e491f6,9,9,0
0xd85844bf4b89e600fc39c55c3bc472f79dff50b4,86,28,58
0x72dd4b6bd852a3aa172be4d6c5a6dbec588cf131,480,158,322
0x29f9884510eb45f6cc60a378dd12440b45b2da83,50,11,39
0x6f61f45f7a3f64b0f2098cdad3bac5dc6aed8354,36,18,18
0x3a472c4d0dfbbb91ed050d3bb6b3623037c6263c,198,20,178
0xafe4f80e82a85118110bc76408072718e86b2507,65,65,0
0x883e9ef3391a43daba2dff04b64b1f2921e55c1a,316,285,31
0xf27fb0beb9c1d4360bf14df0cfb7e313c6e2e247,68,63,5
0xedc3ad89f7b0963fe23d714b34185713706b815b,168,28,140
0x449d7c2e096e9f867339078535b15440d42f78e8,88,52,36
0x223b204e95f85acbe460b5059f73659eee1e7495,106,81,25
0x767ebeb461f2a42df8e272e578e02f98a5483534,85,77,8
0x4671eff52f2c9f3fc7f3cf3c5f1d7720f9aa9be1,35,7,28
0xc20ae6c97c26132d66fbf58e0aae0b010f56ea34,80,80,0
0x14a32f050facf226ec60882398a9bf36d91dbac2,62,62,0
0x2a17e24266e36d181493d9f5e698bb21c54cb698,26,13,13
0xd4290ab0a15dbe6e5283212e1a0e8d1e3eac4670,321,302,19
0x79367786c62e20f4488111d8d33a5011e35b61a2,95,85,10
0x91b11cc7913d4bfbe97073669b1aec788a5852a1,24,20,4
0x5b0e207cbb73a35bdea0342de0c62039a714fe2f,37,37,0
0x00b784c0e9dd20fc865f89d05d0ce4417efb77a9,189,189,0
0xa8bb2ef88c9fd04952bf47041f9329d1e449c204,37,37,0
0x1c8a88caa915693dbd9cb677f3c8142406c4c919,339,337,2
0x2eeedd564564e42ec28ee51f2fca99682dc2768f,111,12,99
0x12787526c03d626aac88e6edc4d0fb930d86c631,169,84,85
0xc3ed53b27e89ea95b925a1443df12031f6099c4e,57,53,4
0x4eb28031a54e8e789cd09feb7e79078fbe23b028,77,60,17
0x8338d085aae3ac048b9e1de285fdef508ce73e45,88,44,44
0xab9f99e6460f6b7940ab7920f44d97b725e0fa4c,194,181,13
0xe8da2e3d904e279220a86634aafa4d3be43c89d9,23,0,23
0x86a68f655018389658f657257fd6d0c337c09351,187,30,157
0x0b5e28b683a581305fe90991e9c9b9adb038b1bc,126,30,96
0xbc8542e65ab801f7c9e3edd23238d37a2e3972d6,96,42,54
0xbd79022c37de26572320a4f0b7628776ad430d81,76,69,7
0x8e0f07454850198f089ef10d083601a2a1644656,345,339,6
0x901a50e14e45e18009973fd59847f651c3636e93,60,57,3
0x01597e397605bf280674bf292623460b4204c375,47,25,22
0xbaae838f695a5b0d75cffc49c578a4293cf28f84,34,34,0
0x7350271594848ab8c0371ef4afeef199c69c3e05,175,85,90
0xf15176bc2a8d95102e21641fc0c3b1a9990d2d2d,382,38,344
0x6e8ca9f24de73344854c4e97a9eaa2fbfbc6e6f6,77,14,63
0xf29cfb10796194d2c1a2f24cda9d169fc6a79160,11,5,6
0x358ecbfbd4b0701eab3f9e0779b6505b933df1ca,64,64,0
0x678e840c640f619e17848045d23072844224dd37,62,22,40
0x90ee31cf67f23ad1f2e9e74f1fba4d94784ff94f,38,28,10
0x3669c421b77340b2979d1a00a792cc2ee0fce737,136,136,0
0x000000007a58f5f58e697e51ab0357bc9e260a04,79,79,0
0xcb8caa4f589f5224f74295289d88ed91ad451480,46,26,20
0x98f713b112d10e5c1eb7dbff99604fea37645447,15,11,4
0x6226e00bcac68b0fe55583b90a1d727c14fab77f,190,190,0
0x34f63158111ee06d854d441c0305ef9038e76509,72,72,0
0x6ab7e5a4a5f34f24c43ba0996e5f45dc88ba7b1d,450,450,0
0xeecdcb5a1686e93ca397d42aa6c8aa19303e234a,300,84,216
0x7feb477600a03fd6ab1fe451cb3c7836a420f4ad,132,122,10
0xf0d3cedc9cc7f3a759a59b5555328fe75033c0a0,298,28,270
0x1e1b4e127a510cafa6d0eaec024a4319a5e18821,116,112,4
0xc314b0e758d5ff74f63e307a86ebfe183c95767b,146,14,132
0xb78f1a96f6359ef871f594acb26900e02bfc8d00,71,35,36
0x21ce4608ba98d782e6754801a48b77f5cf427468,66,38,28
0x623217c52fafaa4d53a6804d32dfbe6c4d8b137a,26,4,22
0xacc2fcc87f57c52f945e3f373b32264e76dcff84,180,178,2
0xe6e7e1a22195ae688f3c8ec4ba16fb2fbc88ef94,89,33,56
0xf2e4508646f1b3e9d47763d12028feb6aedd6703,206,25,181
0x249aeaa7fa06a63ea5389b72217476db881294df,361,108,253
0x0c84298dbaf3b714dd33bd0d3e3714a8b6648fd2,42,27,15
0x44a0574254da49c42f096a92e378239eab07ef79,3,1,2
0x320c1ca2bdda1375174a98bfd06ed7c2d60e9842,66,41,25
0xacfa101ece167f1894150e090d9471aee2dd3041,415,303,112
0x33e2c129ea670031659ac8852c01d0fe4b297954,63,63,0
0x3293db58984c7f2c5096d89ea4711b5ad6d8076b,22,22,0
0x4cd0c43b0d53bc318cc5342b77eb6f124e47f526,92,92,0
0x8b7400002f51e2159e962babd2bd8f977c2e97c9,127,127,0
0x626acf48a59d5dee6e4e7eb07386ad2851bcb5ce,113,77,36
0xeb3cadde330a4aa3d627f666aecdd6f65208b19f,100,8,92
0x8514ef77f7b808de634a559a2c1fce3a311adb1c,44,18,26
0x5c400511fb292a50b4d81e601815f617db804302,219,140,79
0xfa242fff7490ada6cde6a8b3e686435982b4507d,98,45,53
0x2d3f39663d43c0862589a8a24bf05ccd44b0ac4d,73,73,0
0x15ff09fd0159b25fad9e8bf0d2a5bfef6e46e2bc,80,80,0
0xc69828e1d7cf16f51d88b097caedc62cabfdbf93,36,36,0
0x575157729e5e9d6383be5278238be6161c44d2d9,30,30,0
0xe3c47892e6c71e881eaff077664e3055a48f8e27,236,142,94
0xa2a56bb091635d36d6cba286bd1737f47f77b42e,26,6,20
0x2602278ee1882889b946eb11dc0e810075650983,112,26,86
0x1b69916543ec291d91b07133d869b929495ea45b,83,61,22
0xed2fa73a2d62f79eb6d9c15cd4e1ddc552ec3e80,43,38,5
0x3f13dd36206e3afb692049c8d7efa43f85f52f3a,58,55,3
0xa9f0dbb5469cb827c50520de203dc40d8ceb8615,94,78,16
0x5f5541c618e76ab98361cdb10c67d1de28740cc3,59,22,37
0xa01199c61841fce3b3dafb83fefc1899715c8756,111,30,81
0x3a283d9c08e8b55966afb64c515f5143cf907611,37,37,0
0x02bd4a3b1b95b01f2aa61655415a5d3eaacaafdd,63,63,0
0x2ee6af0dff3a1ce3f7e3414c52c48fd50d73691e,131,131,0
0xcdcc1529f88a3d42cc7f436f11de417e0020f902,63,59,4
0xe335e234823f235a1f26b09f1dbf3d17b75d76de,40,18,22
0xaad54c9f27b876d2538455dda69207279ff673a5,237,237,0
0x5e0421b5d8ef222479d1a7714e8df103fd970eea,21,21,0
0x3dc9c91cab92e5806250e2f5cabe711ad79296ea,103,48,55
0xfa8e23f3d18d8d672cd4465b0bd7af81d55cf2b6,182,166,16
0xc92d06c74a26aeaf4d1a1273fac171f3b09fac79,150,129,21
0xc36d1b722af420917d6ce43a3fdef999b3e32781,36,12,24
0x7ce9c7c3d5d7c39fc0e418080e081931d5754112,70,68,2
0x9fddeec343de44c6c693d879c7944aaed39c77e9,41,11,30
0xaacd53f4705b93f0cae83a5eacf4443599dcb3fd,49,12,37
0x335eeef8e93a7a757d9e7912044d9cd264e2b2d8,190,83,107
0xb4711bfa7d063200ecab54529807b53a0d3c17cc,162,15,147
0x7818a622b17a338951a9d1441695a9a3744c4c76,88,25,63
0x943f4f7fc2d48f3ad8c524cf8a8794b64100df3f,278,264,14
0xf0d1f19e0a3147b0d20bb577f3cfa0eed9e42020,135,122,13
0xc947107494459bf98c81dc282b839186a9e03043,96,96,0
0xc690f7c7fcffa6a82b79fab7508c466fefdfc8c5,308,56,252
0x645670add376f19c3d2c9bdd62dd4190c8fad988,84,8,76
0x3714d190bbb7db7b70b0b5983200594a2b0f1052,16,15,1
0xccc1f398464cc484bfbbddefb78ff8708a3ad341,45,21,24
0x2b8e0a6933e1b0bfe652d8a45c8bd32d279ce489,63,52,11
0x0f451825d54934d75b5dd8c2d7033bb4e60322b8,170,170,0
0xa98b29a8f5a247802149c268ecf860b8308b7291,283,222,61
0x2acab3dea77832c09420663b0e1cb386031ba17b,294,151,143
0x40170e2ecc6df94f82908ce1fa9d90671ae9414d,115,22,93
0x4554c0b38d23450f7a32d58281a2b6e423bb27a6,367,53,314
0x5d285f735998f36631f678ff41fb56a10a4d0429,197,53,144
0xcc006a04adbe853ce0d0d5813f38e4bfd8d0f166,86,79,7
0x7afeda4c714e1c0a2a1248332c100924506ac8e6,116,33,83
0x8f17a839b6cd38e9888be3cc901a6726e84d6462,182,27,155
0xaa25602bccf3bbde8e2f0f09f3a1f6def54593c0,228,228,0
0xf80229c6c6d64de561b03f7a79d537e636ec15a5,313,313,0
0x9be89d2a4cd102d8fecc6bf9da793be995c22541,203,203,0
0x3abce8f1db258fbc64827b0926e14a0f90525cf7,413,20,393
0xb4afbd84b7caf8c3fe2c01cd6ad9008382eeb455,282,228,54
0xf60e21ffe1efe709bf020490e36a3eb6b3c6d43d,109,21,88
0xd7b397edad16ca8111ca4a3b832d0a5e3ae2438c,83,71,12
0x1e4afe0c027d4f14fdba4254efc1a3ac2f7d49b5,223,142,81
0x7de91b204c1c737bcee6f000aaa6569cf7061cb7,229,98,131
0x68bf5b45eb1851ed543c757c8dbef352be570cb7,126,104,22
0x0191c41dbceb20a612b25137133ca719e84f7933,337,80,257
0x9be78f919ec62c4a8f5458a57f115e2fa40f93d8,62,48,14
0xda3a4ff5b90515d85d080fe76062550f68a8a0dc,115,106,9
0xd1c33f20243792c0d971451772ab83364dc9b8c0,195,84,111
0x460a0f76eeea111ae63d972f84fc092afbb83d71,24,24,0
0x43ab765ee05075d78ad8aa79dcb1978ca3079258,66,66,0
0xfd1f39c04fc0ca7e54955687b55d858813160ef2,73,19,54
0xde2942b52e75c327ad4ddd6c7db7c398fed6199f,94,56,38
0x93e0f5a3afebdf40637b509ceae3661da0de92f5,299,175,124
0xc5b21fc20bb1a76c6fa84b8b5effc415c939ca58,57,49,8
0x2f02be0c4021022b59e9436f335d69df95e5222a,58,25,33
0x646f8a6b19d3145cb8e97e6ffbc46b832181ffd8,45,11,34
0x71c4658acc7b53ee814a29ce31100ff85ca23ca7,327,60,267
0xe1005bfbbc9a17d5d844c7a4371cbf6b2b387380,57,15,42
0x3eb7fa50be1adc72ee27fea9e8af91d9a95d48cb,47,47,0
0x33caa8f6881b20cded1d18578d8194cb62af737b,197,32,165
0x6107f4901476c3449403a1d908e19148950c2bc5,102,32,70
0xff98a08c143311719ca492e4b8c950c940f26872,107,107,0
0x759c6c1923910930c18ef490b3c3dbeff24003ce,54,41,13
0x9d57b86cac83e1c8d5f6d3a9734c2428c341f569,170,81,89
0x9f35425c2ef3616dd024d866082e0b61023fbfe1,295,292,3
0x355b6d4b7a134954beb39f1b0640aca53e44ae96,70,18,52
0x360c8a7c01fd75b00814d6282e95eaff93837f27,225,159,66
0xba16c92deb488aaa1070417f545065bf51c7c6c8,151,117,34
0x94d8e532b7e990e356210b4b2d7158b3a8a138bc,250,34,216
0xd6aab9e4dd45aee41cf56b8c5f581a35f9e14ac9,24,7,17
0xb7798219a1448db7be994eb59df98989ca104d2f,191,13,178
0xf210d5d9dcf958803c286a6f8e278e4ac78e136e,187,39,148
0x40f1084da81d45abfefc65742232fb86db823f5b,37,35,2
0x12b180b635dd9f07a78736fb4e43438fcdb41555,194,45,149
0x44a144f115b11ab052563ca17dfd430c914bd989,129,129,0
0x6eddf50117df3331d20d5b80250e518f3aa48de4,116,4,112
0xc4f6e93aeddc11dc22268488465babcaf09399ac,85,34,51
0xe82906b6b1b04f631d126c974af57a3a7b6a99d9,153,74,79
0x8460bb8eb1251a923a31486af9567e500fc2f43f,165,135,30
0x6654bd78ccd8ac75d5c5439b101005b3e1c43e57,109,88,21
0xf3c50751d0b5756bc70fea069f0f18c88d12730a,51,15,36
0xd96f48665a1410c0cd669a88898eca36b9fc2cce,222,32,190
0x6dffb6415c96ec393bf018fb824934d7b5b637a0,383,150,233
0xbca0b679f0ff2fd7749ba268551ebf6284768d4e,153,9,144
0x32f5e1bf89c06bcd7fc2827b4a6c285e8a1973d7,42,42,0
0x29714cafe792ef8b8c649451d13c89e21a0d7f5b,164,100,64
0x76cb0647698857d301cb3fe1b6f0e79c03817245,44,35,9
0x015b192a652129f6ea8c03dddb030297cf721af2,88,45,43
0xb716600ed99b4710152582a124c697a7fe78adbf,195,169,26
0x61ed568becd4d5f58782edeb05ab3872e0222e81,111,109,2
0x45235d72a7786db0320d8227bedf95eb273977e9,226,226,0
0xb7e70b77f6386ffa5f55ddcb53d87a0fb5a2f53b,108,108,0
0xba9577853edcae4ce652b7e713ef3e1dae27366d,99,95,4
0xfa898efdb91e35bd311c45b9b955f742b6719aa2,98,98,0
0x47252a63c723889814aebcac0683e615624cec64,33,31,2
0xecf4eeb29545a956e10d4b5ab29bb1ccbede0574,135,116,19
0x6bf7230ec3faff46bffedfbf765b54ac622bb3a6,68,39,29
0x1336fe6a80741210070d86c88093887391caeb43,51,33,18
0xfaa2ba39e9d988936a5bfed5690dfc9ca570c124,189,127,62
0xd4da8d3ac73e519962c4455dc32c067af8d347f2,102,98,4
0x36967c741e2e9c3b012e7a85595d1e3cc514b6e1,114,103,11
0x9a7f25ba6a78a2f4b29e6e4cf5a176efc4f1e2cb,147,140,7
0x401a71ff98477766330759b4e278ed34420a41cb,50,24,26
0x398fbeadf5a8bdd47493cf23221767a8c10ffb8d,99,97,2
0xc9e1bbac16e8646c20e7dabfcaf01094ecf52375,34,2,32
0xac50f88d21aac6760d8b4a44e6a73667e17bb251,94,67,27
0x3a915f2c10363aa151d0219ab808a27605ba4edf,54,43,11
0x712bc0bbc841d13d2fe07ec4903cf2c08790b401,40,2,38
0xeadc218ac4cb7895a5a56e6484646b48f841c45a,139,48,91
0x4e1bb01ee7a835629d15cfc43d0c7feeede18353,186,186,0
0x3b1417c1f204607deda4767929497256e4ff540c,254,26,228
0xc2f8334b3d713ea1e92f856ad7114222ccb794b8,41,40,1
0x9a7d15ea9ca00b3343c7ddf7932d95f7df5a7b97,174,32,142
0x044727e50ff30db57fad06ff4f5846eab5ea52a2,170,65,105
0x957a229f2fdb792ed075004d63eec99c7f2d8df1,19,5,14
0x649d58fd8fa2361535c159013728fcbec016da4a,72,16,56
0xc59ac242cb5616254431c13b402889b1204b05fa,38,31,7
0xc51b69a9227660677a5c59e744ba3ebb0cea892f,50,50,0
0x3a368d7b329a079dbc7e9bad0a5c43e47823034a,96,46,50
0xdefac16715671b7b6aeefe012125f1e19ee4b7d7,121,10,111
0xc2115b3e314dde12182d98558eba247b02e7a9a8,11,10,1
0xea5eebee2923c0d0506d2ff306e839e781e6c7c9,81,75,6
0x83e6f1e41cdd28eaceb20cb649155049fac3d5aa,372,166,206
0x66e2eabcf201ebaeafef27bd7fe3e62e9aacd363,31,10,21
0x32320cc097c7b252aa5ebf5dc3475edd4c9a1225,39,13,26
0x2f073c4a897c615101fe4df00ea0869191c6fa8d,176,62,114
0x454bd9e2b29eb5963048cc1a8bd6fd44e89899cb,138,14,124
0xc5b52253f5225835cc81c52cdb3d6a22bc3b0c93,323,277,46
0xa605ee5de62bf7b8cdee52ebaaf4563069279d14,105,2,103
0xd3029a0f7f8af5147bf706b0a9dfab89ddeebd62,326,5,321
0x62f61d85f785a6cf933172285b33d70295051e2b,42,27,15
0x818a19a6d3f0859b68e8490a6e945a51060caad1,469,81,388
0x77bd077fffe51edfc4913ee50506a3e59063bbea,156,27,129
0x0ea1fd79879d0e11d5d8e8234d49153420c3bdc4,93,88,5
0x65483c6b707f51ae3bd8ed6319b6f3643828e38d,321,50,271
0x9db475371b5cc2913d3219f72e16a3f101339a05,94,53,41
0x677ea3e33d79d68f9124f647f24e7914e89f2f49,33,12,21
0x2af5d2ad76741191d15dfe7bf6ac92d4bd912ca3,453,453,0
0xf9711eeda96e94ea24d73d100d0c6f2ef6063017,321,24,297
0x982290a0333a2a3d5b88fe21bd11ca59b0f5a361,391,157,234
0x0de05f6447ab4d22c8827449ee4ba2d5c288379b,86,86,0
0x7d256d82b32d8003d1ca1a1526ed211e6e0da9e2,404,78,326
0x730b6e13e58a0e21d85f1e978b4422eb2da63157,265,187,78
0x77aa555c8a518b56a1ed57b7b4b85ee2ad479d06,236,112,124
0xc1f8ccbe8ad96647f87fde77e87d6a54e9d905ca,156,118,38
0xd38bb40815d2b0c2d2c866e0c72c5728ffc76dd9,91,50,41
0x9fb2eeb75754815c5cc9092cd53549cea5dc404f,463,443,20
0x590bbc539d4fa56afaf030378577dd8bc6b6f0fc,51,23,28
0xc43a7d62db13573315492f466f33b61ecee75081,234,79,155
0xfd8917a36f76c4da9550f26db2faaaa242d6ae2c,106,52,54
0x75c71673808cb8d54274775b10abd463fc738e82,72,72,0
0x998ffe1e43facffb941dc337dd0468d52ba5b48a,153,153,0
0xc4c319e2d4d66cca4464c0c2b32c9bd23ebe784e,291,291,0
0x673e23b28fe82f1db183c5d75446bc4eb572d711,178,178,0
0x41defe83c58bd12e83c115cf5fe18b9f2a9871d4,49,40,9
0x07c453bc0462bd2e24cb475893174b40e29f44e0,145,115,30
0x215fe70459c14ae1b2b3ecc10101639fedc3f8f2,87,78,9
0xe90e6b319fef62b96d8f4771e9bd929e9114c402,51,43,8
0xd19fa1565564f552200ab656c3003d5868555539,138,138,0
0x26c813804430772665b0d38a3a0520a9c87c10b4,56,44,12
0xc3062023692b858879274ec8abeb86bc1eff7a1e,232,203,29
0xc6f2efee7c6bb7a315e9f3c9afa455b4aa548023,126,71,55
0xac3211a5025414af2866ff09c23fc18bc97e79b1,276,276,0
0xa30f22b7f2839ea5ca4cf77738c26a8e34b9a993,124,39,85
0x67b26394e8f42fc03a2b3f790ec50ebe0d1a9202,125,71,54
0xd22a20f53fb1cf4defcc73d2a15a220940d9bcc9,14,7,7
0x7b408bb91b1b6994ca4ed953115fe6df88b426c0,41,37,4
0x40f8719f2919a5dedd2d5a67065df6eac65c149c,363,332,31
0x5f0bc16d50f72d10b719dbf6845de2e599eb5624,56,56,0
0x4677fb0f8e526c0babedf2a171cbd1d33c36cb5b,211,210,1
0xb0a747d220f3f793e1e16bf068f27c3aa3eb7a44,164,109,55
0x08ba718f288c3b12b01146816bef9fa03cc635bc,122,120,2
0x5733e9490472ac6be02a879f7c3e19eceabc24be,121,60,61
0x75ff6851b09ef32987c6d90cb9520cc6cd72f4f0,66,54,12
0x9ec46a3dd227fd5977c7f1997c043122a703ff2a,178,23,155
0x81a679f98b63b3ddf2f17cb5619f4d6775b3c5ed,153,153,0
0x1a371de4634c3debf7196a1efc59e620aff0915f,218,218,0
0x311b6bb865f3350df3fec0c5a63ba2451f06587d,42,29,13
0x95d86db27cac8e332667abbd7c6d545da3e09b48,80,27,53
0xccf3baa603dfddd7c41619fdb8dd0306b11571fe,305,23,282
0xf621622c556409e0dd9bc67fedaf5258c8f3b792,143,54,89
0xcfa23b8f9062369b21049b9f4a4ce79d640d1873,15,15,0
0xc10b30820f793e24733dc80da12c798dfbff0fff,115,54,61
0xf522b448dbf8884038c684b5c3de95654007fd2b,134,128,6
0x746dda2ea243400d5a63e0700f190ab79f06489e,138,26,112
0x37d754d6d1668e32678fbeb2604da9cb4fbe993f,67,42,25
0x92db68e842406335704d7aa79ec24fb9d25fa025,44,39,5
0xc0f76654bdf45e876be23ef6644693aee51fca7a,33,27,6
0x56cd6b22bd981c140fc748b3cab088db132c79fb,54,40,14
0xfbb122b052e0949240897dae680d52e3473bd782,40,18,22
0x574ee20beb697c4870226671b8e1e30b6b64c755,95,71,24
0xc2d3c12bc5bfa6a633aa74e8ea23756aac14900d,67,64,3
0x7bc25283a29a3888cab4555ea86ff1a8c18cc90a,111,107,4
0xb26631c6dda06ad89b93c71400d25692de89c068,390,268,122
0x692accdd8b86692427e0aa4752ae917df01cc56f,91,5,86
0x9b8b9c7c02be0bd0aa4d669bf6a1f6003424c6dc,238,137,101
0xc8c424b91d8ce0137bab4b832b7f7d154156ba6c,135,24,111
0x6e5970dbd6fc7eb1f29c6d2edf2bc4c36124c0c1,52,52,0
0x8a8e83c4f1d721a1c908197dafca5312d4edeca3,154,101,53
0xe681a51b18d426625d36ef98c78cd18c7b8e8b21,17,17,0
0x0bb3e1c80c0ffde985fb0ec6392aa18a1d2de40e,182,78,104
0x02deb18267b40c4f12c205f71554acc70a6faf62,257,242,15
0x278a3411b896258ba7a9fb9114baef846f4a7688,340,66,274
0xe8b3c26aa82b21a10237f1d3eebee40b54c925e4,110,37,73
0xe82d7e6b546ec6dbc992fc8e5dfa589d2ad784aa,63,52,11
0xb343af6a0805df34094401c78f1c06a8355f8fe9,85,85,0
0x2910312a1e3e4cdf3c33dfbc88d1e1d7a22e2bbf,253,126,127
0x35e0aa31f5b0a78f7c2c503f139fbd791200391f,121,73,48
0x797a48c46be32aafcedcfd3d8992493d8a1f256b,250,30,220
0x5c0d928a3d86766e6c2ca7378abe76e7b2ff1028,296,296,0
0x8e9c050c06108fcd3cf92698e24c60d4461c4089,76,58,18
0xbc8af167ffaa6b780aaeb522ccabd64c5933bf02,154,148,6
0x6c0b03fbc8874d0f5b9fa7ef5def6708bb62ac1b,27,27,0
0xbbe0ee73d36b3fb6b688ad24192541c059248188,41,30,11
0x65ef703f5594d2573eb71aaf55bc0cb548492df4,82,82,0
0x98585dfc8d9e7d48f0b1ae47ce33332cf4237d96,75,43,32
0xe6b055abb1c40b6c0bf3a4ae126b6b8dbe6c5f3f,42,42,0
0x8240534f3fbf684c0e29635ab5c8f8efb6f66d42,155,119,36
0xf9b899e6e84f6383f99b262eda36c9bddd5fc080,374,21,353
0xb8681ac978a7d440aaa256e6231cba99467ccfc4,97,4,93
0x3d64a0b21e642984a5e1a6ec6a558237e1606d76,36,10,26
0x3d1226e7361e14d5869b89b4182bd875f9c04371,110,78,32
0xe3b271b7d0dbc883f1771c6243ad56f7fbdac2de,62,59,3
0x7867b3ac827426fe68a308e1011394f688cb7ec5,291,291,0
0xe08a3e2367ea48af4f7b68d87d5a744c0a3b45d4,240,19,221
0xdf09a216fac5adc3e640db418c0b956076509503,125,41,84
0x54ed266d42dc8e1ee543768ff1ded7b896a03e7b,98,62,36
0xd83ae04c9ed29d6d3e6bf720c71bc7beb424393e,53,53,0
0xc6dddb5bc6e61e0841c54f3e723ae1f3a807260b,117,117,0
0xa6251ca9fec07d1d8da5ce0efa8b8fd72503e328,154,30,124
0xabca1212ff3c5b08936c15d9bbc02f7077e998b0,112,32,80
0x2f5bec14c72c35ce1dee5adc2173399be93fe6ab,57,22,35
0x5b0655f938a72052c46d2e94d206ccb6ff625a3a,383,383,0
0x4052425a34a35e53d916d94393cbc4eb1c572c3c,160,160,0
0xc6332918cff3e6db4aa9966de7fdf111704c48cc,71,71,0
0x9e8b85dbb082255bd81c5b25323b694bc799a616,307,242,65
0x1c7e83f8c581a967940dbfa7984744646ae46b29,201,86,115
0x12afffea204d5e583968ef1bbf7ffba34b6a80bb,349,149,200
0xd5aa4f9404e37cb98f9f54fd1e707ebeb3cd43cb,98,98,0
0x280f2599693159a96e367b621670840fcff06ee2,68,29,39
0x6b0b3a982b4634ac68dd83a4dbf02311ce324181,168,47,121
0x0701db1378a98fc8f454995d9d2e9f3eb60901dd,370,85,285
0x740c178e10662bbb050bde257bfa318defe3cabc,136,86,50
0xd94c7060808f3c876824e57e685702f3834d2e13,121,121,0
0x64d91f12ece7362f91a6f8e7940cd55f05060b92,163,44,119
0x9a0d63911620f7fc15c3c020edbe4d7267ea3e4d,9,0,9
0xe45693dbe1f93815265adf4d4555d8a9100ceb76,48,19,29
0x3c1998d878d8e56cf233bda7491dd4676f670a4f,93,72,21
0x47b513d33d6e2b6f071b09cfbd7f4edff29ce07a,341,127,214
0x0fd75d9123049b082326868e57139468ed4ed13c,44,44,0
0x04c90c198b2eff55716079bc06d7ccc4aa4d7512,373,373,0
0xe857734840dc188b4283d5af14ab8685467ab87d,15,0,15
0x2091457430924515e23d7cd4e6a23d2c01fd446e,51,34,17
0x3903d4ffaaa700b62578a66e7a67ba4cb67787f9,292,68,224
0xc710263aa825da26b82b76c83dfaacb4a2ab5efd,64,30,34
0xb2e4e69527d57fa108c535721c057075a7a82e86,186,140,46
0x8cc2671da0f0e4a7f92b35b4e23e3cf71054fee0,62,51,11
0xac0f9629ade8446927bf4d4b66e6e6e7af80a3ed,98,98,0
0x22d4c35a4f2b229a928b1b569b2f60225976426a,392,108,284
0x23a9c477bd2e4a492a5a83e2d415a7172145c3be,347,11,336
0xc87537b7ae7311766ac789213d78e0a019e3d69e,403,316,87
0xa9cb55d05d3351dcd02dd5dc4614e764ce3e1d6e,141,109,32
0xce735f825732f23ce52674e3c5cc048d461637d2,151,118,33
0xfa1eba2c29806d2f462c778a62a3da33fcd90f7e,76,76,0
0x64c2efcf94129656f1c859e92120252844162513,158,9,149
0x03e99afd576eaf6b818d58a4efc59d2d0cbf1678,198,158,40
0x926baa7445d56d5e8632046409cdc7d5844ce344,290,37,253
0xefcb0688c679d99ee1b78876e11ebe5be2e4292b,459,131,328
0x84d821f7fbdd595c4c4a50842913e6b1e07d7a53,52,52,0
0xcbb2f3f0887c3cb0471d1c2a4044ba0702b5ec45,46,36,10
0x415f65adfa35bc957507944554492c75ff1dc45f,224,187,37
0xa4a6848b22b2ff45d32e88a02c5ad2eeabd6763f,159,131,28
0xe014666e0791076f56c6143df8ba510b7cf3512a,77,74,3
0x3e70227d9c1d02f48ca5c90dff7a6cabfb5934f3,105,69,36
0xb156adf8523fdc6152affdba076a2143fd7e3c69,141,111,30
0x913fdb91e6a9410914ad6f1eede22488300cd941,51,27,24
0xc9d8f15803c645e98b17710a0b6593f097064bef,117,117,0
0x52887060b33c8527721f74e9cd531cf350b0ab2f,29,9,20
0x7350b11e511695f51d8182aa899f6e6aa59061fc,111,31,80
0x814b02c1ebc9164972d888495927fe1697f0fb4c,318,318,0
0xf9cf177bf777824952edbde021eac8cc5c45f681,44,44,0
0xf64e6fb725f04042b5197e2529b84be4a925902c,159,123,36
0x489a4c0ce6111cb9146d3675054a0ff0128a6b71,41,36,5
0x65c84648bcc421d87f2c594638de560d38c45e6d,14,12,2
0xf26759ef1d63de6b3fc45dba67b0571020d21241,41,27,14
0xe786916e1daa92d5260bc990a86103b617c51409,95,75,20
0xac99ad5568d5d4ef7c4e0259ca73c492b11fcd42,30,21,9
0x6d31f9e190801483b211be84d51af10978da3bf0,112,105,7
0xec1b7eb3d3cfac7027fa60b5376e5eadef4f1300,78,15,63
0xd5fe54a4af685e7eed64bbb042282b2a7ec0c87f,54,52,2
0xb7d1cd8775fc723d7604c005124fbe4121aced8b,80,20,60
0xe5a3229ccb22b6484594973a03a3851dcd948756,372,42,330
0xbe6d1fbfd71b1a5a2f546df5dc0fa3b080626be8,133,55,78
0x0cdc3052f7a13634ed1f30abae4b92953dd35fa6,147,128,19
0x52e66ca968010d064938a8099a172cbaaf08c125,110,109,1
0x1fee5588cb1de19c70b6ad5399152d8c643fae7b,47,17,30
0x062e6604ffa8d4ae459df58aec848a2d3171d881,93,93,0
0x6e8f13c63a4b45f951bbfd1465518c3dcf632ed2,34,33,1
0x68810fb2b13d48b2f4a0fb1fea2397a2a106ad2d,32,32,0
0x4218948d1da133cf4b0758639a8c065dbdccb2bb,65,27,38
0xb4c6811435d09bac109fb1bd1492740d45160978,35,21,14
0xc382e04099a435439725bb40647e2b32dc136806,98,27,71
0x0215cc1eed633665d3cd385f7a891df616ab1706,117,1,116
0x50beffd8a0808314d3cc81b3cbf7f1afa3a6b56c,99,30,69
0xf3ae5d769e153ef72b4e3591ac004e89f48107a1,354,151,203
0x8ca4ad3ca9a6d20d56b443626bb30b5088202fa2,24,23,1
0x23e74d969ebe2e269e4d03477d95f128f47fd2b1,48,48,0
0x6e9e6bb4b369c809d73012bd12baa98d1d85f462,20,9,11
0x2761d225a3bd0f308c5481d0fffff2442e7fa98b,139,39,100
0x4ae6ca23ead67b714bd71195c2c3b71861c7aa8a,35,31,4
0x300af88747b3f913012753071f209b48b30ea1ac,38,3,35
0x87a3747c9942d8351cc85aac2f94807b27a37c0d,87,20,67
0xd61838a1829231cf6681e6c308053e92308ad76f,67,66,1
0x2342cf5bab24b863ec933d97d1aafddc972e8a9d,81,55,26
0x2f7ccd382345965cec776f6e7777837d14229638,156,89,67
0x154874ab720ca3569b55806cb61abba7ccd6e4ae,220,197,23
0x5628d47c26f2f7cc21443614188ad4aa2cc3b4e5,68,49,19
0xd6acd704f1d8e007d934e1ec64838af3c8818015,159,42,117
0x72263a0423867373abc83e71b9b551582d4ffefe,234,231,3
0x58086c15079d07d690c8c1b08720425103b95803,123,123,0
0x71b928c299d6e227462e0753b828f218c6aab1af,360,352,8
0x2ceac5e021efd3d6d770fe9c403996afc4db36a7,45,16,29
0xdd70af84ba86f29bf437756b655110d134b5651c,167,42,125
0xc6d556c34a179a224aebe42e77c6e76594148b97,177,9,168
0x8088f435f3f33d00f3454df357f28316c2fffbac,47,12,35
0xb9a4a79c424a385e5cf719e116ccb5b68461e7cd,84,50,34
0xba3e5f8b4200a5eb856ff2c3e001ab29444491aa,37,37,0
0x3e69baab7a742c83499661c5db92386b2424df11,127,103,24
0x2a15dfac1d5567dec8560e14b2e551a7a4a23dc4,80,68,12
0x35b7d1fd19ae93f8c510e1b152bb4bcf0615a505,62,28,34
0x7a41e410bb784d9875fa14f2d7d2fa825466cdae,424,357,67
0x05e0d5f4d2f937c1146a8425cb1e92723310f191,132,21,111
0x39a851da97f97c64c64f6782b4d166e0b55d5eb6,32,27,5
0xeebda3866e162fcec3db1a8a70fc1eb74e68e25f,137,61,76
0x7ae0d42f23c33338de15bfa89c7405c068d9dc0a,93,16,77
0xc16b2419494ae0604432297d40cdf0e8d68de8d6,170,78,92
0x2950639f48edbfc4625e0244d35987aeb4e6cb63,224,36,188
0x78f190efe7b9198b76207f14d90ba96fb782680e,184,51,133
0x6fe56c0bcdd471359019fcbc48863d6c3e9d4f41,397,397,0
0x13bf84c626e0e3cd92aed83fbf288acb4f3ec8d8,92,12,80
0x828011c75c71d2149d4625b3ae9d57e9441a9825,100,96,4
0xf39c29d8f6851d87c40c83b61078eb7384f7cb51,113,2,111
0x86c2fd70688453b485a4eb81a5073ca9bfb701c6,242,60,182
0xd084944d3c05cd115c09d072b9f44ba3e0e45921,123,123,0
0x62eb144fe92ddc1b10bcade03a0c09f6fbffbffb,200,178,22
0x7c4dc14eb57de02c2ad3d71ff58d2394ee39eebb,285,6,279
0xc3f8a0f5841abff777d3eefa5047e8d413a1c9ab,160,77,83
0x3ed1c90f3b0b7812e78151f43b846bbbe8e4d421,115,93,22
0x2d6775c1673d4ce55e1f827a0d53e62c43d1f304,390,390,0
0xa8e9a8c6bc3a29d1ac93c41238cd881aedec78fd,46,40,6
0xafe2c381c385cbbcbb570d8b39b36449be6b35c4,118,98,20
0x131157c6760f78f7ddf877c0019eba175ba4b6f6,105,97,8
0x63e75e367ffd4e47f2a32e2e1b674f12b4f40623,22,10,12
0x2e8349fe39326833de048e63664f570a2a9c8904,58,48,10
0x4da4c01b3db8f298a2f49ca07842f00b460cf237,51,16,35
0x685b7705dadf92212c2910e41159d15ae0e10a75,72,54,18
0x4236f7324469ec26dfa0370e7ec017d99536b674,83,83,0
0xb9eee9dbf9f4815524e532164e44694b6232abc0,46,42,4
0xe94deb6ebed282ab8a9610089ee5b0afc9d9a018,185,185,0
0xa4bc3207aa638a30a3cc6a23e71e311bfc7bf689,314,90,224
0xe2ca7205e609dd383a6a83a7591f2f9182ab1b7b,51,51,0
0x90085fb517a0b46676b3efc6a56e255cbd0f22b9,80,45,35
0xe440654a00b757446b4914c56ad56a804a6bc6af,88,53,35
0xd50faccb745b6983111bb95522e0e7889eb35724,52,42,10
0x29b062eea5700591aa4ff763a1cade4877e8987c,103,40,63
0xf25c5932bb6efc7afa4895d9916f2abd7151bf97,54,54,0
0xc934e429360e2b55d5ba95751d31d3da1e3410cd,248,184,64
0x8f57ae7ddde63412509e71997b2438a3e6dcb763,169,169,0
0x84db02930e0f9c1c68679726e6b1e0d2f41c7cc3,40,25,15
0x4ab4fb27052c1f6adbf81125379e54fe1e81efd4,69,69,0
0x735bd0fae92d460b5c6c69a3eaa1db5674da3d35,93,63,30
0xf56408077487cb879c992909c5b5c66d68c02eb4,39,39,0
0xdc7d40722422066381b840d531251b31c480b699,21,5,16
0x4c8a326e9bc8b76db1f6f58eab5ff936752ff51d,232,80,152
0x429ca183c5f4b43f09d70580c5365a6d21cccd47,463,24,439
0xccba0b2bc4babe4cbfb6bd2f1edc2a9e86b7845f,130,31,99
0x620b70123fb810f6c653da7644b5dd0b6312e4d8,318,234,84
0x90b3832e2f2ade2fe382a911805b6933c056d6ed,84,42,42
0x2963ba471e265e5f51cafafca78310fe87f8e6d1,209,21,188
0xf8a35605a1317e666b4945c9e452e93c5f044673,400,400,0
0xd59e4fa2e3ba26e386e964f697ae9289af05a502,61,54,7
0x496299d8497a02b01f5bc355298b0a831f06c522,175,174,1
0xe4812b063daf6345bd16e2c9ed285ff5d740ae09,111,99,12
0x35b0ecc952cef736c12a7ef3a830f438f67912b3,351,325,26
0xd4809cb2537c11525ee4f624367f674c385e301c,20,19,1
0x25cd67e2dfec471acd3cdd3b22ccf7147596dd8b,206,78,128
0x656b9e24de2e41a94a7dbbaeb3937777cf34e448,175,69,106
0xe3bf8660426becbcbc66bf3b6d255aae6203d5be,166,24,142
0x05287b5dfd2a570a9311861fca3eb161c4a1f3ae,286,273,13
0x6a4c76874e686a7d080d173987a35a9c48905583,62,10,52
0x9385625f808a8749bb00398e04718a76c1de5c40,80,71,9
0x48783486ddd7fa85eca6b0c4ae8920bc25dfbcd7,193,52,141
0x059edd72cd353df5106d2b9cc5ab83a52287ac3a,460,88,372
0x9fb256ef5465b33a766ece2f319c178376f6bbf8,63,63,0
0xc481a850aead5002598b7ed355cbb3349c148072,52,26,26
0xe312cfbd731ba5f393bfbb4743bc002c5f676f79,305,97,208
0x09f717f77b5e7f2d2f37604fec3d0e3d53eb9808,115,33,82
0x12d7b28a055621f4ba0c146d1728082ecf1b9390,31,31,0
0x3f948349daab5607c8ec3e7a6cdca9f825aa8e1c,4,2,2
0x20bbec0d4ef1cf8f903ef071e8cd15a3c02f301a,113,58,55
0x63076d11041ce966180280d3d3e87a75afc3dd5c,69,59,10
0xd0a69fd9da28840603fbd76a8a0bccf0adb979e8,166,7,159
0x702e43601e6353dc0f74d169e7250b91a269d5b3,17,17,0
0x1a7768f279666c808f3bbbc44955bd87560189b0,99,76,23
0xd62899a44ddd9c57a5320d86c421123f8ec4c6bf,152,145,7
0x72710727a1cc4cc052b19c3d1ada79c0e0d90fbf,48,36,12
0x2ab6bb8408ca3199b8fa6c92d5b455f820af03c4,198,61,137
0xe6602b34d8510b033e000975b3322537c7172441,78,14,64
0x8dcb8b2d721c022552d826f8bcf2995747248d31,322,243,79
0x716f29b8972d551294d9e02b3eb0fc1107fbf4aa,332,123,209
0x912a19f510b1cec1ac292e140be4f250a6840de7,51,46,5
0xb82929f842fc30f395384067d144b12af9715c44,27,22,5
0x1552cd2805e1b15d7f28eebb0b1f566f29df91b7,27,23,4
0x4b3406a41399c7fd2ba65cbc93697ad9e7ea61e5,139,45,94
0x86b18d285c1990ea16f67d3f22d79970d418c3ce,77,34,43
0x3708b86fb5c879e1ec06eee4a608becf64c95744,99,81,18
0x7b32982a32bb71150fcaa99bfbaddd72c1775a10,285,40,245
0x40803cea2b2a32bda1be61d3604af6a814e70976,54,54,0
0xd48a5b0c8bc760aafced576504fcb884a2cbeb14,85,5,80
0x3ec8798b81485a254928b70cda1cf0a2bb0b74d7,80,80,0
0x684e4ed51d350b4d76a3a07864df572d24e6dc4c,262,98,164
0xfee8d0abe3b894b4242f667251be353ed57845da,31,16,15
0xffa397285ce46fb78c588a9e993286aac68c37cd,56,0,56
0xca7cbac9599e1703ec3a628613772349de3a6710,22,22,0
0x649a8f180276520bd521fd478d8094826a4e5c61,290,258,32
0xcb1db96a5bc140861104b546d4a416b6e39f8e32,260,259,1
0x65c58fc083a0ac8a3461e8e91a600d2838a294db,16,14,2
0x306b1ea3ecdf94ab739f1910bbda052ed4a9f949,416,239,177
0xddb3422497e61e13543bea06989c0789117555c5,360,111,249
0x34f08f2a3f4a86531e9c4139fde571a62689afec,115,60,55
0x13bfb6bd5b9e1e943dc08c1ff7b8fca2d06b20b2,462,317,145
0x8ae0d617f1a6f6d3fdb2b398f4814bebd3939ddf,137,25,112
0x569718d9e7562312cebf9316c31d000c80d542e3,120,31,89
0x361d9583614e2e47305eb0fb95aab6f66f436bef,133,129,4
0xf250313c48ce3a522caa6b25998b9248b34bfc0d,53,53,0
0xc1762ff4406330caeef8a8a189947e27b0b87341,54,32,22
0x412acad86ffa3b287c1043ab4e56f7c4a6a9e385,173,173,0
0x20ec51ce2b1fd7425521d6e916cafe9a0a91cef5,124,54,70
0x5b4e9a810321e168989802474f689269ec442681,98,36,62
0x151719ae9aaeb0ac0da9650968980475d4df2817,58,39,19
0xcc7ff3cdb2c6e5dd7969c3e4589f8ed284594774,52,46,6
0x27c08eedbf56fb51ac5d13727d1c9476e2b5cd7b,22,2,20
0x54f7a006bcb479b85a8d1f969056234eff1c18d8,23,20,3
0x1657e2200216ebacb92475b69d6bc0fdad48b068,143,122,21
0x29aa0bf7e7bd17a201ac9270cdd21bdd53d2abb6,271,118,153
0x9508f760833b82cdfc030d66aa278c296e013f57,120,118,2
0xd7a75a1b17dd9552bf62e438c58bb048a5ae085e,34,32,2
0x6f289adb10ed4636b6d4dfb33c4fcb6b6b1f1d66,26,22,4
0x4691b302c37b53c68093f1f5490711d3b0cd2b9c,210,53,157
0xec6963b0ce0e83d58aceb4818ecf9f3b4128450e,118,75,43
0x588230ed92012aefc6bc8c387024f5f15489165e,38,38,0
0x8d94b8ea78a51d783a413c73811511c900c8f365,57,28,29
0xa37418780ab7e9f3659f4e5b245484e7bf8a30d9,61,50,11
0x032a7bc562719e4a7fa43b7d2608a494b8fd8868,191,86,105
0x7b7dad77e4090160f9cb6ba57a5a774c12d4c28a,205,203,2
0xfa7af64fb565483df3015ccc500263b114b587e1,23,20,3
0x6c4648aad676e2dda78c1c58b888b13bebf428b5,32,7,25
0x806bf9a1c54d76b86ed1c871e38c6d373ce6c809,297,258,39
0x22b6c31c2beb8f2d0d5373146eed41ab9ede3caf,93,42,51
0xfe1e98f940e211eb72c81dd337b8c76c80b82ff3,33,29,4
0xb047f45188398023238de91c08479bb426c0afd7,81,47,34
0xd4c7d17565de4108dd1d01877d9424f899e058d8,30,26,4
0xed4064f376cb8d68f770fb1ff088a3d0f3ff5c4d,36,36,0
0x255aa6df07540cb5d3d297f0d0d4d84cb52bc8e6,373,373,0
0x6895f2cfc5718caa11ceed437e5f38d45c30f07b,45,25,20
0xaab679e21a9c73a02c9ed33bbb6bb9e59f11afa9,215,45,170
0xe25c43b59c04030bd9bb393f77d9f7da1bdb73b9,117,6,111
0x569ae11686f1a6b3182224f6b041f50d4eb758e4,20,20,0
0x2ed251752da7f24f33cfbd38438748bb8eeb44e1,4,4,0
0xea26c4ac16d4a5a106820bc8aee85fd0b7b2b664,394,151,243
0xaf9f549774ecedbd0966c52f250acc548d3f36e5,240,97,143
0x98ef4ce5fc49a3ade9b241da9b1d60de86e32aa9,38,38,0
0x26a65227be0973f455945d7f89a7a539b059bf78,33,29,4
0x7b4328c127b85369d9f82ca0503b000d09cf9180,158,11,147
0x87cae5606f8db56e607a6508eec830ce32514f51,52,52,0
0xb5a1b8ff19bd3cd5b2671606f7d5ac64a85b7a37,129,122,7
0xa9c454abac6fd0d177af04c92bfd0445c2a99eed,69,44,25
0xc7d84b7d4a04abcb9ade97b8af212423f51d2aea,227,50,177
0x1b61b3c844a8e986ae75448857fac881208a1e5e,33,17,16
0x566309d3523a216287bfb39c6b6bbb3a504ef5f0,58,58,0
0x06bc70a8b30609d70149f0dbcb65b2b8cf6e917e,78,78,0
0xeb4c5ab9b36437f969888be99af42fc9087005a5,54,54,0
0x2781b28934943f51a8a08375d6f95e0208d7150e,25,12,13
0x138c2f1123cf3f82e4596d097c118eac6684940b,389,75,314
0x38333e00484e410b5d4e93b3b433885d12d76e86,226,73,153
0xa096f609f66328c27c3bdb7d78529d6d615c771a,30,8,22
0x35e1402fa69c60851ea8b86f04d823ff41796a51,255,205,50
0xd8a785a6818dd38be350dcac7b8a1c4ae65f09a3,94,83,11
0x0a1e21c169ff261fe6f370068a4f71c25f096a55,376,56,320
0x47da5456bc2e1ce391b645ce80f2e97192e4976a,172,172,0
0x3adf71d5fbb59e32730ceb8e6605af958a204e6b,220,169,51
0xab2a7b5876d707e0126b3a75ef7781c77c8877ee,47,2,45
0x91094bc91e7a3b86a69980433d0bee55a1d6cbb3,199,162,37
0xc5b3d3231001a776123194cf1290068e8b0c783b,89,43,46
0x427dfec6749523423e0e53109f2a081163ee68e3,40,40,0
0xb1bb22c3101e7653d0d969f42f831bd9accc38a5,140,39,101
0x12f649a9e821f90bb143089a6e56846945892ffb,222,85,137
0x4a527d8fc13c5203ab24ba0944f4cb14658d1db6,361,104,257
0xbba39fd2935d5769116ce38d46a71bde9cf03099,76,76,0
0xb8e8fa84a25321ed11ad5f054d24b3bb0722ce9b,97,27,70
0xd692ced124a474f051f9744a301c26d1017b3d54,137,91,46
0xc24a365a870821eb83fd216c9596edd89479d8d7,187,49,138
0x41c7cfb8a06ce712b99dfb8992a1e235bce44ec1,58,34,24
0x30575dc53503d4f31edf515f34ada9d8f135c377,36,36,0
0xf89d8127d449d7809a2ff10a35a5c149523b66c0,22,22,0
0x26524e35e44e265eb181c7ba6ec084983181aae3,47,16,31
0xd49eccf40689095ad9e8334d8407f037e2cf5e42,72,51,21
0xcf76932ad61672d7719f90c1600f7b9acbf32baf,164,123,41
0x2f4ee6e7f190d477288d3612e4270ef649d33953,84,73,11
0x7c5d5100b339fe7d995a893af6cb496b9474373c,92,17,75
0xb56011fbfdafe460b905a40a4845a49c94712272,469,418,51
0x1e4ede388cbc9f4b5c79681b7f94d36a11abebc9,185,185,0
0xffc619dfe88967cba135e82e00dd23cf904f1394,358,329,29
0xbbcd93a1809239e3a4beb1b02fa6f8a83f7000b2,169,30,139
0xf54cc94f1f2f5de012b6aa51f1e7ebdc43ef5afc,183,93,90
0x76f2881ed261617232d2cdc9b7498fba1640e242,60,57,3
0xcc758086e13e99c0e75bbe3bcbe39c4199258381,132,29,103
0x38e6b922545cd931030ad7fb4c00409a04b213c4,29,0,29
0x1d48842ed318b739a2f8d251bc53fefac6d96372,18,7,11
0xa5bb28eecc6134f89745e34ec6ab5d5bcb16dad7,401,123,278
0x12b4bcc0ae54ed4fec2fd3effc832f7b9685ee00,71,21,50
0x5f96fdf27fb8d38d317ba94f642f6be39080c71e,108,73,35
0xa6c1c8ef0179071c16e066171d660da4ad314687,159,128,31
0xb7ac861e409fb56274919ab8f202e9b3dcc22374,75,54,21
0x638b496de69f117da030b5935c0c2a278bc36c3d,120,106,14
0x2b2d96cfe49a97ce3ea2fa71c952b38139fb8457,53,33,20
0xdc12fce52414707f84e73e64e782e1a43278fa76,58,27,31
0x0197374b08702ee7bd26112abd8b174c068051bb,103,66,37
0xcd1faff6e578fa5cac469d2418c95671ba1a62fe,108,107,1
0xfb28293c75296e10dfde194f3da9a99c29b9fa3e,39,10,29
0x89686fcba3b65f4bdf96c3c69c2db099200f3fa6,140,130,10
0x0f7f90a5274ec882597be323f43347bf73e09bce,92,54,38
0x435ce588a7d5ec64eed87c5c9cd0e60050de3d55,41,40,1
0xe529b502fec3ff0ea86fe63da505ec62fdf4f387,40,1,39
0xbe65296688723dde4d977d22588b5f50afa7070b,101,60,41
0xbd091f143ee754f1d755494441aee781d918cb93,63,41,22
0xcfbc9103362aec4ce3089f155c2da2eea1cb7602,133,55,78
0x7413cb703c754b6c5951da49c85ab2f3ddb6792a,4,4,0
0x960bf873da3e1f06a65905456122d6f9d9868648,150,149,1
0xed6c62794e4ed3dec82d00c7ca58ae9512b13eb1,77,68,9
0x229e44923c4c0d0ef1dd41127d30c50f6b8ac2b4,50,50,0
0xb4e9123bd3ef4df17f8cc6ef7c2be66428cf4931,261,237,24
0xa142c94656fc57b4a8aa725341a2b496df375da7,182,149,33
0x8652168693827ff341f2ad5ad9a091f2a975710a,467,430,37
0xa04d2e019fc4f97645bb85d24dd2fed1bd39846d,81,15,66
0x0efb9579ae285b90c10d0d54c95041c9acecf166,213,199,14
0x1718e4266bae449ea145ab791aaa6b5d977ebff5,54,52,2
0x3b233b7bca413bb7fefb56735b8ac8bc3c280d46,90,82,8
0x64ce124acb65046c8ec62a98dfff4ad8c7626b6b,54,10,44
0xd49ae67a8354b7eb96b9534be2fda66dea801885,133,133,0
0x33825285eb66c11237cc68cc182c1e9bf01ba00b,121,25,96
0xc7b76846de3db54db45c8b5debcabff4b0834f78,112,35,77
0x71e24f80f2f7cbcd07009ad91ccc469d53bb10e0,86,46,40
0xda4128a4fc209df510e9e4483acd059d84620419,162,94,68
0xd938a398a923e7a2c266df6842ee3b0391cd5d90,102,93,9
0x345dadb10a200f10814ad8523fca0f2d958c3370,63,4,59
0xd30a54192b482125b86db9fa230666b0ddb68c2f,110,96,14
0x0aa9d1c726acbfa1ef8683a6b105ef46c5889a7c,26,17,9
0xc8a75cfe4a0b9362ff2e201f960549e875b10e2d,88,74,14
0xfa7f908fa4ab3b66487c0341f057b265edb845af,31,14,17
0x0000000de40dfa9b17854cbc7869d80f9f98d823,88,2,86
0xf4ded30b6ca5a6a40f56d9fe066a9951571c6e3c,206,63,143
0x67283ee31ea17bb03d958c0386155e6665de5fbf,21,21,0
0x8de878b9b29bfbb33eec346965194a37a83b45b1,234,114,120
0x3d4264bff123e68dba7647469787bc763c6c5389,331,71,260
0xdcc596a145af23a2627936ebcb9518a16bbdb43b,89,73,16
0x54522da62a15225c95b01bd61ff58b866c50471f,335,208,127
0xfee5f54e1070e7ed31be341e0a5b1e847f6a84ab,59,59,0
0x6911f552842236bd9e8ea8ddbb3fb414e2c5fa9d,145,82,63
0x2ab53acee8410c92b0d6878a69d063dccf556ec9,401,8,393
0x6264e45d7118f727314633d8e4c503d51d3b0d03,345,130,215
0xb6bd46621c3085b7882937a84016be949b6fdd8c,171,117,54
0x016cb05fe18c0960a605a3a25320439c20824aac,26,26,0
0x14da230d6726c50f759bc1838717f8ce6373509c,161,56,105
0xaaef88cea01475125522e117bfe45cf32044e238,124,33,91
0x0e223db582e3fc2c47ba39f67a1e55b7a75f09fd,109,42,67
0x97d94ee89d24b02a1c05941ef32fcb83bbb04dd9,97,5,92
0x1247108d553b15bdd07824ac7d9ac363556ba18d,24,17,7
0x88bb0be8202f9c66650e525ebea37febb03564c1,116,64,52
0x569f26145f0c2fcc3da68395be3639009c53b6d8,194,77,117
0x0965811aad6f8d534a7a879d5f5d119d4bae82e6,117,79,38
0x618e75ac90b12c6049ba3b27f5d5f8651b0037f6,260,88,172
0x8e83a9ebc6954cc8182d9b9abc711c601905ac2d,38,4,34
0xaebbd7b2eb03f84126f6849753b809755d7532f9,105,37,68
0x20ed6cdf9344b3a187063a3ff4d883b6b1947b81,257,166,91
0xa904f27b1de7e82ba587677ee1f5af0ad0a8c79a,243,1,242
0xd8cc0efbd1c7b0be32b5f4b3613ff3cc4d2af5f2,192,192,0
0x4a9f00de5d8a244944313faee23849ff725e680d,85,12,73
0x11095f3f213f88c149f7f8cc00e2b036a079ffff,54,14,40
0x7a3661eda8f70783213f7d0534c2ed26c11b253b,475,451,24
0x19350eb381ab2f88d274e740bd062ab5ff15542e,16,8,8
0xfeaea5e904d6e8b88888ea1101c59f4084a94557,108,10,98
0x36006894df97a07a649ffabd56ff3c40caf99345,152,106,46
0x4d57b36c1555b48a63feab9f90d38a9b7ebc4419,148,148,0
0x3077674dd77c532b2e2d9945808c900940de50ae,66,12,54
0x0fb3eebe1996d9aa36e77d74ea7f38a9c4c4f0ba,52,43,9
0x94f931e7c3e50518afd862ce049e2eb673fc16ba,60,59,1
0xb3d2619bcb83f8ed8cd3436aabd05ad47e6c5230,10,3,7
0xca0e0542fc78cb24445cc380e364f41833922508,147,52,95
0x0151f9726d0c056b8c29311029cc43bec291820c,359,119,240
0xb0c1ff8d73b1e191ff72a3d19591194bedd523d8,55,29,26
0x98257c876ace5009e7b97843f8c71b3ae795c71e,328,21,307
0x98f884cb9af48f94da68203cbf80acfbf17ee300,43,14,29
0xa5c62f4a5c7b7454c4754eefa88365e69c11a3c7,124,99,25
0x8fa600364b93c53e0c71c7a33d2ade21f4351da3,140,64,76
0x7a552a49396cb6141926235f76c94abb208f6e43,328,328,0
0xc8aee6151a7f775fc4d5be23c9d4452828240e42,27,11,16
0xd10ef2a513cee0db54e959ef16cac711470b62cf,141,6,135
0xdddc0ae3a8b3700101d1d78b3b0275c72afa072b,213,39,174
0x75e9abc7e69fc46177d2f3538c0b92d89054ec91,129,30,99
0x7c770076e40b55bccf441074ed57dce00616cda0,145,81,64
0xb0eb8487ef785122d2d04bd4194c17685eaeab2a,92,91,1
0x66935172bcc9322bf8ac16c41c8e489d237b8fce,157,96,61
0x03e8d58c103ee6f15337fde1f1c7d0e5b18578c6,440,8,432
0x53530d8094ba4b8382d570746539c952c54ea240,42,16,26
0x5650ca3f0289c762f83dde1894faa9b6d0d89798,390,40,350
0xb711bac062f74c5c6d4a2cb55639a270881a12ee,51,18,33
0x628e1ae54610f6c553ec227019526776351cb6d4,67,25,42
0x37fc4b48ce93469dbea9918468993c735049642a,60,11,49
0xa9cfc6d2c3a5c9a3702b730394287f836778f728,47,20,27
0xeaf101970c7cb6f82e9bb51f0879f93ed56d4f50,83,14,69
0x0316eb71485b0ab14103307bf65a021042c6d380,313,263,50
0x4f7e2a72a99d45f4fd5a2fc211f8dc5c36a049bd,117,64,53
0x9440e5e537b730d138a6d6392eb29d0245150e8f,36,34,2
0x64e45f6735671b07390c34fe2af2054da12876f9,210,9,201
0xf1264e771b24d5f1bde8fb6074ca34e48df257b6,379,36,343
0x20bd0551f05dc40117d6b91dfa9f67d25307d1d8,306,68,238
0xc11637b601cc0f271a6141dcf20872929b208b75,81,71,10
0x090d32fe14dda07d820d54c0514a351725a8fc1a,74,49,25
0x9f1f2696f4e8f138c1cc92361960665cb2d4617e,100,14,86
0x87d598064c736dd0c712d329afcfaa0ccc1921a1,203,203,0
0xba2aa4b18752e75e210fba0424e565af3afb8fc7,306,207,99
0x37c8896198b623cfd0d22c686a861a483edc6e4c,46,24,22
0x2278e3d96387b46ccdd4f48db740f8f5f1b17cba,26,8,18
0x0219379399b46f898a11775a6fc7bbe6de55f7a1,102,55,47
0xace8a2d0f41702161d8363eddae981e844c35c6e,182,10,172
0x43e9103650ea0462afecf35b6b46b745a4eb4fab,82,32,50
0x8d133c7e7d54a3ebbcd75cbeaf6b0b69971c96f4,27,21,6
0x00758fb0c83a68b6ce4fcf1d2665600f3f0e4570,161,108,53
0x9e9103b91ee813dba47d5fcb82830262fb6c383f,37,21,16
0xaf1250fa68d7decd34fd75de8742bc03b29bd58e,306,92,214
0xc46077aae8f87b10be3a1fe8e4e69ee135ec6759,102,51,51
0x9205c049c231dda51bace0ba569f047e3e1e9979,206,206,0
0xd26e223018bfd1d5230416dafceaef1db0b092da,130,105,25
0x04d80f282701aa827d81ceb87a204a21cad78d64,51,47,4
0x33b137581da26941b7d9a11f367dc76ece7b24c5,42,42,0
0x6a99ba86ddfe67fddfc340159fb7b43db5f90e4f,26,26,0
0x327682779bab2bf4d1337e8974ab9de8275a7ca8,232,100,132
0xf59afe732b2793d541780fd02945228db1fad8ed,311,264,47
0x759c55b14190ce6c5a74c15d62cd04a1ad9e49d7,242,140,102
0x0bb217e40f8a5cb79adf04e1aab60e5abd0dfc1e,270,270,0
0x44c01e5e4216f3162538914d9c7f5e6a0d87820e,302,31,271
0x96429e4af2fac1a1ca6c620588ee9458b88832ec,112,82,30
0xba4698cbaa15f124316fdfbe871fa4df4fd6f3c1,43,33,10
0xd7e9085c499c60d77264388f518a4ca4356b751f,454,10,444
0x40f8a8b7479f6ed1737f0dcf49c19b11753d7571,48,48,0
0x26baebef64ba69705adff49d3c10bf8ed5fe1573,279,14,265
0x0dd5a35fe4cd65fe7928c7b923902b43d6ea29e7,405,1,404
0xad0db7368cdfbd3153f7dfaca51a78eeb39f6d71,347,170,177
0xe8b903d09a7b218d0b31ae34b71247938ea89347,65,65,0
0x449cfee3ec002862a9bbb841791e6e86a028a96e,16,16,0
0x3266b70962a61f1917f79c387749e3bd95a9ff52,75,62,13
0x7ee5b03bf4153bcb466a224411b46655bb5566c9,34,32,2
0x07e3c70653548b04f0a75970c1f81b4cbbfb606f,260,260,0
0x690626a28676301c3254ce909d4eb0437ebfade3,45,45,0
0x90390b630afe8f86dcb9199ba847736ffd450ec1,208,16,192
0x0f78c6eee3c89ff37fd9ef96bd685830993636f2,374,41,333
0x1f8483664620ff1278f4c1b0d11e4d7daa11a035,109,96,13
0x6f38b6b808e68e031f11bf9d321c6085aedda185,17,11,6
0x51e2543c55db78d129dc8c82e4447942b957f82b,22,20,2
0x416de360946ecabb4665781cae3417a1d0c90690,284,163,121
0xeb7140b4273fb51c08cd66b1462ca4adcee9b01c,36,35,1
0x43b3be9344465e472a0359cce73b433bd6641c8d,32,23,9
0xc719d010b63e5bbf2c0551872cd5316ed26acd83,248,95,153
0x15526af86721e8265139e4f3d759c343ac1d53ce,72,27,45
0x05218d1744caf09190f72333f9167ce12d18af5c,104,16,88
0x155b25c0014080deff72d382ce1dc49163ab9fc8,173,173,0
0x5a48d3aaee0ae55577fa80eabfc484a4a6e876e8,207,60,147
0x9e46a38f5daabe8683e10793b06749eef7d733d1,232,100,132
0xfc74fd0f2c7ead04f1e5e9fd82aef55620710d7c,41,41,0
0x6c0f9679de42ca516e0aaeb3a661d3acc1fc04a8,58,34,24
0xbb97e381f1d1e94ffa2a5844f6875e6146981009,268,19,249
0x67e23ce9d03aaaa1a95b6784eca0942c3f7d85fe,154,139,15
0xf8ad42ab76862a934ad2e4578c6a108b172cd287,165,136,29
0x54f456b544abfb785694400bcb1d85629b2d437f,46,18,28
0xc4638af1e01720c4b5df3bc8d833db6be85d2211,132,51,81
0x2b867efd2de4ad2b583ca0cb3df9c4040ef4d329,71,71,0
0x47dabc1ca8a38c7c24359345e1f16d93ba81d795,117,35,82
0x0b42c04305ffd4b1aaf9942af59820aefccd57b8,393,96,297
