addr,total,success,fail
0x377a825a415a6ee3fdf3c65d80b26e9279650bef,93,79,14
0xac28f6d70c6c6d5089e506efb80624b8ecb666f8,258,70,188
0x4bfa68447af291cb1734341d6fb8e6f3936f2d4e,25,25,0
0x3ef4cfb7f36830c7a6de299409131fc7b4dbacbe,57,1,56
0x43dfc4159d86f3a37a5a4b3d4580b888ad7d4ddd,263,263,0
0xa38db444a823290dbc1be346a475564abfacbadc,138,35,103
0x1afef6b252cc35ec061efe6a9676c90915a73f18,261,80,181
0xef0a7481c30d056aef9c075f5d48ead31ac52336,396,120,276
0xb80a9006695ff06ac0e6c83e5b4bdeb1c4cd339f,190,182,8
0x87b5d8fe6cf8b37678b6cef7cca23a4852883c48,124,2,122
0xb5643598496b159263c67bd0d25728713f5aad04,297,179,118
0xf6832ea221ebfdc2363729721a146e6745354b14,106,44,62
0xf7ae26f1bf3c2312a4cf42246f947a4be25eef92,101,49,52
0x0c5d72bd20c3f0eb533c920adf526b24409ada59,67,26,41
0x38ca49b6dfa820bca917a60995cc07b88db7dc4d,251,246,5
0xa66cc78067fd1e6aa3eec4ccdff88d81527f92c1,261,6,255
0xed04915c23f00a313a544955524eb7dbd823143d,202,202,0
0x48da0766131fd6a099da1af852dc740e80b60e70,143,3,140
0xb0c7a3ba49c7a6eaba6cd4a96c55a1391070ac9a,132,127,5
0x4a222dad7a191f0fa8c1b9b4ce3ec1fe714bd709,93,85,8
0xbf6301236d71c0d49144b35241905794f5a10bb9,402,402,0
0xa775a866407e78cb5f66d16e6f3a75f1430aa51d,98,5,93
0xe02f11277cfa84c696370c097c51848c6a6523b3,124,0,124
0xcdb1f816e17f2096cd28f6fe5c8b8450a9bf250f,64,34,30
0x0612dbc8671270768a10d1f6d5d988fc4ff23a1b,43,3,40
0x79e0f1936b3f15a9e8dd514a3ec01034c0d9fcc6,120,98,22
0xa9598333b99d14d90bc81cad8af82c4c70625e75,56,5,51
0x5db69b9f173f9d9fa91b7cdcc4dc9939c0499cfe,89,59,30
0xe47fd6eafb89abce67071a7739ff2018c218ba8a,168,0,168
0x6d4e70f49d030a92005c9a00105c7fa1626f41dc,171,81,90
0xb26c4b3ca601136daf98593feaeff9e0ca702a8d,96,94,2
0x9043c7aeafc7c4c5e4293a4bb924980c56c7dae3,157,3,154
0xa9fdb3f96fae7c12d70393659867c6115683ada0,365,2,363
0xddfecd15f89e174e9f01a5ece6c7fe6e811ccd33,240,6,234
0xf8a039669c2c13222d523bfbfc32381835342319,54,54,0
0xd64a6f3c0bc12a619ff7eef511b0258da913c5c3,39,39,0
0xfb67b3868d5fdcae0e93f254e50c4ac552eae270,63,63,0
0xc4219ce63cec2236a955655951aea9b6f8b2431b,117,0,117
0x0fa48014a47a2105876969389b0fc34c582e197f,58,1,57
0xbd6038c4bb496e0ea4d67115a927bdcfb99cdc11,73,2,71
0xd6c037be7fa60587e174db7a6710f7635d2971e7,178,178,0
0xe15715d6dbbc7227b2f6b0f044c3b4978676d48f,93,93,0
0x696e0049399018dc6cb2465f8c379964946a6d84,52,22,30
0x9e8bfe46f9af27c5ea5c9c72b86d71bb86953a0c,65,65,0
0xdc6d986555be939d83e317e7534edc64ca81e7c6,15,0,15
0x7b86600211e62b597e7cea03476b9efeb6872962,395,395,0
0xf458d5c8f5b29be938f8c7059982ca2c1eb30eb0,131,113,18
0x6b81ba5272639267a9fdc087d91f005f5f36372f,270,2,268
0xaf691508ba57d416f895e32a1616da1024e882d2,83,2,81
0x923e8aeed6af5b1f131fd74df8f2be61d9d2f54d,48,34,14
0x030a868aa956ab97f6ed4431663ea0f7db0f9aed,122,2,120
0xe8076b98cd6e4e1018a7208c05e8a8443b0dd35b,150,0,150
0xb487a91382cd66076fc4c1af4d7d8ce7f929a9ba,280,58,222
0x37e83a94c6b1bdb816b59ac71dd02cf154d8111f,44,44,0
0x854df744630c51c782db5c992c621183d9c654cc,83,72,11
0xf8d4fef9af82de6e57f6aabafd49ff9730242d75,186,151,35
0x22de9912cd3d74953b1cd1f250b825133cc2c1b3,185,185,0
0x541226a0ad9004ed7e386ab5c5ca23419b1a2212,29,0,29
0xb4312305beefb7caef11432e74bcd5d9ebcdd992,379,33,346
0xaae22935ab089ca7cbae330eed96dbef8dbc900a,93,73,20
0xacfb15867d46f9f3784dd1de693ee72f0e3400ab,49,42,7
0xeed92eeb420fc2d512bc9db6caeb52f828aad226,29,28,1
0x66293a9b1339ca99623e82bc71f88d767f60ad21,225,47,178
0xf5cfbc74057c610c8ef151a439252680ac68c6dc,75,2,73
0x85865a86502ffb25a1cb3bbac809d814feb614e9,46,31,15
0x455308652b44ac78def0f91149adfb834c0b3017,40,0,40
0x9d49bfc921f36448234b0efa67b5f91b3c691515,34,34,0
0x29e99baefeac4fe2b3dddbbfc18a517fb7d6ddf8,40,1,39
0x3333336d579a0107849eb68c9f1c0b92d48c2889,77,77,0
0x869e1f1bee079ba382b64bfecab476211d699845,108,108,0
0xe61dd9ca7364225afbfb79e15ad33864424e6ae4,373,169,204
0xc0a4df35568f116c370e6a6a6022ceb908eeddac,55,55,0
0x9f7bb54da72c6fa94653c923aa5b31e22703ed53,143,85,58
0x447639f582b47c632143b1083d19808416bf507f,92,0,92
0xe9a4f318b12c890ca93b1da0140394030672b0ad,93,66,27
0x8e44ebb62ef1d1191eda8e5f1cb2ffc279182c5b,138,64,74
0x16e5b9e85c438f743c7c4a858c2bfc24c637d184,50,1,49
0x72d5300f1e882983ad740d047d9a7c3e6b407638,76,61,15
0xcb86c6a22cb56b6cf40cafedb06ba0df188a416e,91,91,0
0x2cacab7dd79997ef9ffe38204c3bad56c79fc4b7,104,102,2
0xc07a150ecadf2cc352f5586396e344a6b17625eb,86,34,52
0x94e496474f1725f1c1824cb5bdb92d7691a4f03a,65,58,7
0x3d0f6eff617395d839bf137d0cfc0ea11c696327,239,239,0
0xf66cd2f8755a21d3c8683a10269f795c0532dd58,66,66,0
0xdcd9ff86d4272ecb9cab26b5949a00bd02dfd931,57,0,57
0x7037843d739d846cdce3a6839a80f7d70b60b99a,71,67,4
0xbb126042235e6bd38b17744cb31a8bf4a206c045,122,71,51
0x2a8e1e676ec238d8a992307b495b45b3feaa5e86,359,359,0
0x430bb202bef7a2d067cd3851b681edfa78d04ee2,439,0,439
0x64aa3364f17a4d01c6f1751fd97c2bd3d7e7f1d5,166,157,9
0x25c5515918f4281ef3efbd91a56e4700ab8cf893,111,4,107
0x98dfb360cbc65045a8415fa2514f549cd3000f02,494,494,0
0x0d438f3b5175bebc262bf23753c1e53d03432bde,444,166,278
0xac0e8b91745ac44a6b19e4039cd6f297ef7e2744,193,80,113
0x11e7e09c331b711766cd7ecbaa3c64803a358be8,252,251,1
0x6dcd5956b17d252559917423b0e8081da0cac5b2,40,1,39
0xe1f2735c41505a4a191e5eb6a4c10af886603c43,44,43,1
0x1cf16b52e5d2484a2464fe21c96145e0f04dfcec,194,60,134
0xd4dd6074a4614b7f9bdfc721add6412a9d93005f,72,2,70
0x2fc722c1c77170a61f17962cc4d039692f033b43,104,103,1
0x1add12d3adcd09a474cd81df29cf57604123e899,47,46,1
0xdd014255c8f8cb12e87db2bae51f9f98b32ad13d,58,53,5
0x0ee80069c9b4993882fe0b3fc256260eff385982,282,23,259
0xee4458e052b533b1aabd493b5f8c4d85d7b263dc,222,222,0
0xfbd9e55571dc343a731917cc2a7479025ad348e6,21,21,0
0x08ba8cbbefa64aaf9df25e57fe3f15ecc277af74,118,93,25
0xe4bb272ad26a05318009f7f769eb4d6fd24effb5,87,77,10
0x02aa731631c6d7f8241d74f906f5b51724ab98f8,294,5,289
0xfd3fd9b793bac60e7f0a9b9fb759db3e250383cb,196,74,122
0x584292974026978586c3007b5a15b69118130bbb,279,278,1
0x9c9502eac5781513405bab0345ba6cbb7e4756c5,26,26,0
0x1aba27d6a420feb25af6cf6b80b93b7526725a71,103,11,92
0xa336fbb3c26fc811c7375eda079aa0916d5e7ec3,18,17,1
0x61b5c3aee3a25f6f83531d548a4d2ee58450f5d9,65,3,62
0x84f4226af1eb4b5e76c5dd203eef7f1f3452fb9d,178,25,153
0x4dab23c0a529d1caf86f7a902d5340959d170c1e,235,12,223
0x9db76501e0e433851f9b4a907c449576a6155545,77,38,39
0xc02392336420bb54ce2da8a8aa4b118f2dceeb04,252,16,236
0x2c974b2d0ba1716e644c1fc59982a89ddd2ff724,364,364,0
0x7d8820fa92eb1584636f4f5b8515b5476b75171a,193,92,101
0xfbbe9b1142c699512545f47937ee6fae0e4b0aa9,107,107,0
0x5b322514ff727253292637d9054301600c2c81e8,108,108,0
0xabe580e7ee158da464b51ee1a83ac0289622e6be,166,166,0
0x4ca4d3b5b01207ffce9bea2db9857d4804aa89f3,326,72,254
0x8af7abb1c69bf0a8d3b49b252fff2843596504a2,156,68,88
0xb1abd7aba7d99bbefb33d1dfc66b0dd522335350,43,33,10
0x6250b989ecf7cb82c7892e1cea604ed813423635,131,114,17
0xd4f40de30ce845ce6cd3ea495c9c2e4f04a2f608,219,218,1
0xe7445f91479966e7c484dbb87e46bc0c15827617,25,25,0
0xa2cd3d43c775978a96bdbf12d733d5a1ed94fb18,135,135,0
0xc50b06f4444c5a795f1246d9416adffc178033fb,219,4,215
0xe5b30a6525beee36781c221e0d8aa5a7aa4b9add,82,50,32
0x17e8429cc6785f5c1597e710dfb748c7bee1c21e,199,63,136
0xd55236d48606c295adebf129dad04fc74bfaa708,68,68,0
0x7e01efef66ae365f3b8c0fc48d6d400bbfbee24f,43,42,1
0x2106c00ac7da0a3430ae667879139e832307aeaa,208,64,144
0xe7574b5b209d90eb04361da02bc2238f166ec985,231,231,0
0xdccc916bf4a0186065f4d1e5b94176f4d17b8c42,114,49,65
0xc68c9c5fa14f718b39a6d836b8870fadde4f2aa5,191,188,3
0xdab1d2ffb0fc22c9dde2c4474220c50164ff124c,145,57,88
0xd8d1c0f8d67826eeda85d46e86c5750681f04af4,32,31,1
0x0e3d26a95ecb40778f43f28abe110c17673b89de,280,242,38
0x7bd6fd23db03f1d394d39d699d7ede7dd5aefec0,14,1,13
0xb3165abdfeb0a3779264aac5c71b81b1b9a4b705,182,2,180
0x45ebb5fe718f40052fb2dc2463c13717b7b72768,209,50,159
0x6f75beaa3d3d8a15e08a9f499464c696fc4d4cde,286,60,226
0x97308738335a42e9b67fdbb1d0c0f92158cbf75a,82,57,25
0xb365fa523d853fbfa5608e3e4c8457166287d958,283,52,231
0x8fb1f46c9bd769b27543ca76d8f0016f4dd793dd,50,0,50
0xa048c212449c68eaaf866309c1202db7ab512c5c,63,61,2
0xdaf2760578f4bcc52b1f451b5b8b04d3dc49c9fb,277,113,164
0x3e54b6c7610a734a83f3542f5b5f9ca2dc6fae48,119,49,70
0xeb4db2c0899841a466fb1e5bb2b13b1041b22406,51,51,0
0xff7caa55f41fea41be8d2bcb1b4cc734d24162cc,70,22,48
0x64195bab73c76fdb059f667116b3c1d49dafdabe,455,45,410
0x8e1ede0f23091a7b7daecfc259d7e411e9b96097,32,32,0
0xace669531365ec127c308d89fe0b5d531d04cd52,77,72,5
0x2781246fe707bb15cee3e5ea354e2154a2877b16,171,90,81
0x10010078a54396f62c96df8532dc2b4847d47ed3,52,52,0
0x0b63128c40737b13647552e0c926bcfeccc35f93,136,3,133
0xea5f70faa03f5c30b96029635c8d431d1a3cd1b8,174,47,127
0xd487892bb4c57edbe7ab401d9fe801c8fe6473f5,70,69,1
0x787cf4212e8840dac775b496ef7e2c06f717e779,293,78,215
0xa3a5c5a9494640b2c15b1ff328bb26809279fa1f,36,0,36
0x4d68ce90c48fbe79bba500f99d0df8f5050ce7df,61,56,5
0x8b27a351690e62b623a7630c5294e7dac5371723,223,79,144
0x6b6d2a08c61ce400cad6ebd711a0fe65519412c5,99,79,20
0x31fdd1c6607f47c14a2821f599211c67ac20fa96,71,71,0
0x01379a8c67466af8ce0cf1f99c3d8208b2a3af23,144,69,75
0x6ce9ee25a3942baab219c2ee6fadcb8abefaee52,119,5,114
0x7357dc2f2b6b51c8e2c7efc728002a499d503c17,202,84,118
0x79120de091295505683660cb13c13c92a1c3a99a,150,19,131
0x97872eafd79940c7b24f7bcc1eadb1457347adc9,90,2,88
0x38c5699625c10b309dc6bb18be9c458d19b43d3a,76,60,16
0xef16dfd16bd9de7ffb95fbe69073fe38688a7f8e,27,16,11
0x1bbf25e71ec48b84d773809b4ba55b6f4be946fb,160,160,0
0x82b6fe968f6262d7c8914275d58759de9b61f676,228,227,1
0x0b4b2ba334f476c8f41bfe52a428d6891755554d,170,170,0
0x12c63bbd266db84e117356e664f3604055166cec,371,0,371
0x413d4f3e116bc364e4799f2e7137029c41563cd5,258,87,171
0x5a79182165a2917ef9cccf33f472fe22afffeff8,52,0,52
0xa3e53fe692eeda3502cf5ccfd8a535e1f93d23dd,60,60,0
0x165a2ed732eb15b54b5e8c057cbce6251370d6e8,246,31,215
0x19b86299c21505cdf59ce63740b240a9c822b5e4,311,295,16
0xad22f63404f7305e4713ccbd4f296f34770513f4,268,268,0
0x853d955acef822db058eb8505911ed77f175b99e,330,294,36
0x189f734769cd18099d8a66d1224fef2b1fbf438d,260,22,238
0xa18c3352be081c47abd207b0361c09b74223a1fe,12,4,8
0x92057ed615ef0f302a94ae58406303f7e6827f45,381,34,347
0x86f6bf16f495afc065da4095ac12ccd5e83a8c85,248,3,245
0xd794dd1cada4cf79c9eebaab8327a1b0507ef7d4,190,183,7
0xddfc15ec4a1d1f1cf15dc047dd4f0cc24de0fc34,167,167,0
0x98ab7eaacb2f5157a40a9d1de6c2abd1a73ef9fa,79,2,77
0xaaf6ee66a7480c505fe93dcf253c586b0b7e1340,86,47,39
0xbc0e0c1468aa9d80c0ddda8ca63de3798b4d8b93,129,88,41
0xaa462106da447c0440a4be29614c19387a59a331,197,50,147
0x91401cedcbfd9680ce193a5f54e716504233e998,391,122,269
0x03b8d129a8f6dc62a797b59aa5eebb11ad63dada,233,120,113
0x17f5655c7d834e4772171f30e7315bbc3221f1ee,78,40,38
0x58519ea95cdfad3622c4c574e61a58fa257d9e77,348,12,336
0x004f5683e183908d0f6b688239e3e2d5bbb066ca,177,6,171
0xb0f466cc45dc73d0a6ea889c63390aeea7b6dcc5,83,83,0
0x5c76ad4764a4607cd57644faa937a8ca16729e39,428,41,387
0x999e88075692bcee3dbc07e7e64cd32f39a1d3ab,126,124,2
0x44ab21cb8972c7b783dda32e93ed8a9075da8e6f,122,119,3
0xed0439eacf4c4965ae4613d77a5c2efe10e5f183,176,176,0
0xd432e8611377e307d3e5710132515be1e6aa6156,111,26,85
0x3e5d9d8a63cc8a88748f229999cf59487e90721e,129,2,127
0x2013ff029f9d3d31169f4fdc673c8b9fa0ce1fbd,97,71,26
0x1c4853ec0d55e420002c5efabc7ed8e0ba7a4121,92,5,87
0x33d203fa03bb30b133de0fe2d6533c268ba286b6,159,88,71
0x86232df6947a1c3ed3c7a31ec6be3c43b3234ab1,77,62,15
0x97ca7fe0b0288f5eb85f386fed876618fb9b8ab8,345,53,292
0x5fc045f01a83bd0bfa755815cfc1238f6a0f7d1d,186,11,175
0x0a44a0c1a7547de1a38602c4d8d2ba8e6869412f,58,57,1
0x40b811e1d8856e9969c3608ea6b78e26ca44e0ec,74,56,18
0x7ddc52c4de30e94be3a6a0a2b259b2850f421989,130,4,126
0x37784637e421ea5abc9f3917d65d0257a1ea2d0a,27,24,3
0xfe5f69dfa2d4501e78078266f6d430c079098f90,209,65,144
0x1d81a6c7ddc15b1553d49987c0286faae6734877,149,3,146
0x92e4ae1b2700d3033e5bb7cab10bee66e4a91045,233,226,7
0x33a39af0f83e9d46a055e6eebde3296d26d916f4,127,29,98
0x2e0e1ddd3ac757c5d6014f1ce5fd133f53ca439a,42,0,42
0x4078f1fcc6d4b20d905a87ac18f533ff5e76863e,59,30,29
0x6399c842dd2be3de30bf99bc7d1bbf6fa3650e70,132,129,3
0x1afb69dbc9f54d08dab1bd3436f8da1af819e647,43,43,0
0xcc6c340b722fb9f4551ad45939fd1457f0e218c6,195,68,127
0x3bcf909d564bdac5d7ead28a99664643aabe961a,27,27,0
0x45348f717d9ed95e89ac081b03b7e3aea423cd98,34,1,33
0xeecd1c042c378676ee1985dd66481b2589a809f9,119,77,42
0x9a534628b4062e123ce7ee2222ec20b86e16ca8f,277,173,104
0x01cecf7a8f0095fa622ff03d714fd2244548da35,69,27,42
0x9d418c2cae665d877f909a725402ebd3a0742844,256,6,250
0xc9fba54b933fabec28ee4da7401f79be973e67f2,31,17,14
0xbc7250c8c3eca1dfc1728620af835fca489bfdf3,241,54,187
0x805c09e9e312b5bc1b747cffe64e2d8926270d78,78,1,77
0x961c8c0b1aad0c0b10a51fef6a867e3091bcef17,182,179,3
0x245cd9bab50a79bab89443cc005c6bf7892cef4c,34,33,1
0x3491ead95de2f4a945c2ead3c3afe7747f2ae373,57,26,31
0xff44b5719f0b77a9951636fc5e69d3a1fc9e7d73,132,132,0
0xb9e971c00b1257d0f6d67eff37f4a46e1ab6bf24,191,107,84
0xff062471eaf07b50fc1b77e61787301867610f80,450,14,436
0xa55d9ef16af921b70fed1421c1d298ca5a3a18f1,45,1,44
0x31429d1856ad1377a8a0079410b297e1a9e214c2,104,81,23
0xc5fd1f4dcc8678c5cf5820e096b6db0a10aeeed1,115,47,68
0x4a81f77c8bbca2cba8110279cdbc9f1a8d3eae6b,243,77,166
0x2de72ada48bdf7bac276256d3f016fe058490c34,165,4,161
0xd3a517536da3491db848d260c1f3d81883b1aa7a,212,210,2
0x8392f6669292fa56123f71949b52d883ae57e225,456,456,0
0x1f5a49a1a349ad8b5f7ee4cb02982d9cf3f4df01,46,46,0
0x9b0a29e23d4f1c0fa692c5fc73e05debe60579d2,71,3,68
0xa1102b1acd17be19a1e7ab211379a34d8d0f7407,113,11,102
0xf36b9dd2df416fde94a0f890dd1ebbd4a7cb72fa,45,44,1
0x33c6eec1723b12c46732f7ab41398de45641fa42,172,171,1
0x84c722e6f1363e8d5c6db3ea600bef9a006da824,94,94,0
0x438626ba0a4776cf5d27581bdfb03b9633dc0a92,258,77,181
0x5c9acf5e538a31b78017715652c21d1f7f1d41d1,13,12,1
0xfd5a48faf70433437079ec4da290556b187732c7,31,31,0
0x9f1bf310f74c9674bb3ceb538fcdb7f8dfba3f0d,53,0,53
0xdc193fa6f30635e569ae23f1bd61c9aa9f522044,144,41,103
0x3c03b4ec9477809072ff9cc9292c9b25d4a8e6c6,179,27,152
0xda30f261a962d5aae94c9ecd170544600d193766,26,0,26
0x0e42fb5f6c542a8a027e09ec71380cbb44dbbf5a,95,89,6
0xcc2cd1b8e6298144fd7e86c168d1639c45157126,31,30,1
0xc4df6018f90f91bad7e24f89279305715b3a276f,202,151,51
0xb9ef770b6a5e12e45983c5d80545258aa38f3b78,269,269,0
0x7f0693074f8064cfbcf9fa6e5a3fa0e4f58ccccf,49,49,0
0xeff3f1b9400d6d0f1e8805bdde592f61535f5ecd,63,63,0
0x6ae42c0242ec9a6960b89d5a88d9c3406be31bd1,449,25,424
0x06fcbf38e823efc1e609b9491aab546334c6ee69,96,49,47
0x4acf80143e386a2cf97a9ef9d6fb50103f20f087,36,36,0
0x5465a6f97b6c8b9016611de75508404fb5704ab6,126,3,123
0x5db3445c2c6ee45a2923ce96e17d9b7ed60b0e61,428,10,418
0xf0b23d4738ed2c7d89a13d3391ae4e9a8ccf0e44,210,89,121
0x81c52ab803ce1bb18d78aee52a467df8e6458047,65,64,1
0x4d8161421e3794b987e83a0ee6371c17bff69348,39,2,37
0xe7623b874531eb96e049f9d5a47ad14bd25ce28d,130,128,2
0x7dfb72a2aad08c937706f21421b15bfc34cba9ca,71,71,0
0xeee01e9364c2bf5aff24328fb5bdfb98ff5ceee3,202,10,192
0xdde48aa5aba12ff91b8d6baadaa5060768ac314f,27,1,26
0x96af517c414b3726c1b2ecc744ebf9d292dcbf60,420,99,321
0xc8d2bf842b9f0b601043fb4fd5f23d22b9483911,192,102,90
0x22e211034214edeab1d21ba50a85a43ab70e2728,57,57,0
0xff80bd43e3f0e414afc70cb8ac1d3f0e6a303a2f,89,89,0
0x21a961f46d40085094a7d0e729c99141e68969eb,44,19,25
0xd123145184749704eeb9510fef69cd58e417e841,425,421,4
0x8dc7b6ec6fafa36085ee9ec8e39112428d3360aa,442,136,306
0xd2dda223b2617cb616c1580db421e4cfae6a8a85,251,243,8
0x0df49ce5a655b53118824c7ad4988da4fe9035f5,293,38,255
0x5b31b8ca1770cf1f817146b4cd2078bf8629bf8a,26,26,0
0xc9da65931abf0ed1b74ce5ad8c041c4220940368,33,33,0
0x80d4914685ba4bca07a995bb160a8fc4cd4de5b6,200,68,132
0x19b08c0c1e103b9525a760913e94bc0811117891,66,1,65
0xbe50283a23cf952e78272d41adcf7ffad711b637,36,35,1
0xe70741df7a9077bd9027f44f98c2011548ae1504,154,153,1
0x2322b56ae00a53092e2688ab038881a0c0cf00a3,245,4,241
0x6c936d4ae98e6d2172db18c16c4b601c99918ee6,107,107,0
0x982a5a3f6abfd179b3f7649af37942235a90935f,353,353,0
0xbd6442e65789bdc6a10f09bd13f7320337c5a38e,91,91,0
0x1f0ad1f5280adf7ad971c0f911cc1f7a882033c5,90,90,0
0xd478161c952357f05f0292b56012cd8457f1cfbf,210,210,0
0xf1a827c1fcbf26ac7c079039c50f633ab7a550bf,90,6,84
0xd30e98f68c1a42b1754ffe5de31841fb33d54870,94,3,91
0xa5bb0df45740380e366878028f09258d3dbe60b2,278,277,1
0xcd3261befea8ce3daabdc9f98c6fe1df4abd69a8,115,86,29
0x5755ab845ddeab27e1cfce00cd629b2e135acc3d,146,36,110
0x39317b8a1ae06c30bb615d88cdc5522781499f1c,78,57,21
0x2aee08c64c832d3d4100bb52169b15b85c4b1a30,23,22,1
0x53d690ac1c13e7ee2660fc31f7b36ffcdb7f2f42,20,1,19
0x5e30aaf41b0dff94672c8daf941a1fec5b8b6aaa,107,9,98
0xeba596f75b5b9f42ba75cf05912217134cb0d7c8,178,50,128
0xcd34bd199dd4cc11311ce62123081a83db6b44e2,210,178,32
0x47d748c9babd5cca642f9f98e07442c0b5b04d2f,410,0,410
0xac57de9c1a09fec648e93eb98875b212db0d460b,135,59,76
0x23ce9e926048273ef83be0a3a8ba9cb6d45cd978,12,12,0
0x419c4db4b9e25d6db2ad9691ccb832c8d9fda05e,485,485,0
0xf61f3c9cecb8d206dea1faed99a693e6d3baaef2,84,16,68
0x532e5efded726c6dde5228f35d805f531c14b0eb,110,3,107
0x8686525d6627a25c68de82c228448f43c97999f2,278,81,197
0x9f4909cc95fb870bf48c128c1fdbb5f482797632,142,41,101
0x0cba81ba02c58a4c2c160fdd2e7411ad9cdf5dbe,170,2,168
0x652d68c39d3545714d9bf4616f778424a34cf603,137,134,3
0xa51cee4dd9a4e254dd5b8923024de5aab050391d,114,54,60
0x8c9317a16fa01c0227a01e728d3069e0575a8d5c,137,6,131
0x4dfcad285ef39fed84e77edf1b7dbc442565e55e,100,47,53
0xa7e0719a65128b2f6cdbc86096753ff7d5962106,80,80,0
0x398aea1c9ceb7de800284bb399a15e0efe5a9ec2,58,58,0
0x06daf7e34595f9d3260dd5262dca8e3bcfeb39d5,432,290,142
0xe09fde5ae0a90fc86ede741bf5d8d307a372e2fc,51,17,34
0xb0aeb224a915f7bd0460e21f55a213e5f6075523,21,20,1
0x085cc3b02a29d85c2cc314e1875d52c4e33386d7,87,5,82
0x4cd0ea8b1bdb5ab9249d96ccf3d8a0d3ada2bc76,152,147,5
0xdbbc658455c3fde5e5eabdcb2f0e53a585e9ed9d,39,2,37
0xe28b3b32b6c345a34ff64674606124dd5aceca30,281,281,0
0x39207d2e2feef178fbda8083914554c59d9f8c00,79,2,77
0x041259e02464cac4b4a8abf89d249ab15daeab73,73,55,18
0x62efd38a5efd7cfdb1c6e1c50f3083af636d1b40,120,70,50
0x23df60c63bf9b5bc78f9328f6b864768a0483cb0,144,69,75
0xd2aad45015090f8d45ad78e456b58dd61fb7cd79,204,93,111
0x5f1cbe84d44e292fe3eae51b87f34bbdc8f04fc8,210,9,201
0xfa347ed0f9b0c3607b6531f0559bf28bfc4e3d28,77,42,35
0x1894852504288219fa835af44528571d543958a1,51,17,34
0x38ec27c6f05a169e7ed03132bca7d0cfee93c2c5,81,81,0
0xba100000625a3754423978a60c9317c58a424e3d,407,239,168
0x21381e026ad6d8266244f2a583b35f9e4413fa2a,111,111,0
0x31c823260528ba98e3bf797b2add2302af097392,165,4,161
0xcfe17f8d1bc8c35a55487b917579fa3945ddfe0f,162,32,130
0x74edaf28fc4b9e6a1618d613839daaf6a9d075db,128,54,74
0x47c6182b8afb58832b75f38dac2525e585fd7c59,140,140,0
0x429881672b9ae42b8eba0e26cd9c73711b891ca5,206,206,0
0x9b02dd390a603add5c07f9fd9175b7dabe8d63b7,235,217,18
0xf81421fc15300c5a8cca9afe12f5cbad502fa756,95,31,64
0xd2489fd449af786ce6a8c5f52042ef239fac8009,311,275,36
0x88266e58a66cb5b1880814f6bfe5e12b68832b9d,10,10,0
0x7a8ce4beffe38f431a2f12e1a8b7d7dae62df359,86,50,36
0x0aa80dd6058d7730aeaea67c3525e7a61cda9725,28,0,28
0xa5ae87b40076745895bb7387011ca8de5fde37e0,234,7,227
0xd2877702675e6ceb975b4a1dff9fb7baf4c91ea9,437,346,91
0xbaf27074da56d208b4981305caf6b55c097f256b,47,1,46
0xb596ed2a9edee1f2300bc4fe8ad809c16a42b407,74,0,74
0x7fac7eeb086d3c294abe48591073c4480251abce,29,29,0
0x9d58779365b067d5d3fcc6e92d237acd06f1e6a1,1854,16,1838
0x041371f35dcbf957301cf52c50bdf562f047f1b0,75,46,29
0xd2b6752132d59bf5d0577142c36376b7421c3163,95,94,1
0xa4e8c3ec456107ea67d3075bf9e3df3a75823db0,342,342,0
0x1e87988de72c20634801b9f480b967f9ac2b1ffb,66,0,66
0x0dc56a3b08b8bf1545e08b840eeb085b9c123763,49,39,10
0x581416181453cdb892451db4acd476d95fc9fe66,89,4,85
0xd3e4ba569045546d09cf021ecc5dfe42b1d7f6e4,132,129,3
0x89ab32156e46f46d02ade3fecbe5fc4243b9aaed,233,127,106
0xd3a4542fe6cdd6c1930f072b2d168cf506248acc,37,36,1
0x539e06a472e015ac95f4f31fb246f2d623a9261b,67,33,34
0xa36fdbbae3c9d55a1d67ee5821d53b50b63a1ab9,58,57,1
0x38d8b04ab6b9392c8e14f4745eb25dc3f4a49bb0,114,64,50
0xaf95e486d156476f9816df9a7356dc96257a5282,76,30,46
0x8d96b4ab6c741a4c8679ae323a100d74f085ba8f,52,52,0
0x93e57b6aeb89fc074313f71922c95abc3894a050,38,35,3
0x575409f8d77c12b05fed8b455815f0e54797381c,291,55,236
0x33fd4167e51a10d19c89c3a606389d0fddc3e676,122,82,40
0x3f2d1562c5e8109f697a19fa4eea6cca5ca138df,141,32,109
0xee637e90bf26425fe091a15ec721fefc158250f4,58,53,5
0x1abaea1f7c830bd89acc67ec4af516284b1bc33c,126,126,0
0x9acd29e52ccd4c20016b72fb816ee207c8de4d47,172,3,169
0x793b176a8b4833ea4aabcedfea55f2898bd6b753,30,30,0
0x30808a6047f3d61c38ff43d8390da350d9be1870,168,166,2
0x430fef0e064dfde9f72888bd6f619fa58e7723e6,18,18,0
0xc6735852e181a55f736e9db62831dc63ef8c449a,183,9,174
0x510887c470ee8eebebff0104b54d24aef8c45368,190,39,151
0xc005204856ee7035a13d8d7cdbbdc13027afff90,78,78,0
0x000a682feeeffc5e56a58a3b015fb07665d8a979,115,52,63
0xc57d533c50bc22247d49a368880fb49a1caa39f7,142,78,64
0x52c840f129dfb42a30f46f567de3d0bf71d77e78,111,1,110
0x09f589e03381b767939ce118a209d474cc6d52fc,65,28,37
0x346b5b8844d2548f6ad55089d8939cffbe3acbaf,56,3,53
0x5b19518e78de2fc0c8d9aced836d17a5ada8aca1,174,85,89
0x50de6856358cc35f3a9a57eaaa34bd4cb707d2cd,179,179,0
0xc7f7c884bd9ed8d13a262386dcdf3e12a7a4a347,23,16,7
0xf97df1e168c27e22eedd34c05ae0615605c5dcbf,438,95,343
0x69a96059cc35da280af8005d165da1d040297696,461,0,461
0xa4fa96ddc3f0beed8c90e8ee32c5d674ae4f2f8e,21,2,19
0xee0ba89699a3dd0f08cb516c069d81a762f65e56,297,93,204
0xe0a189c975e4928222978a74517442239a0b86ff,240,13,227
0x89c9c2e4ebeff6903223b062458e11e56636f838,222,119,103
0x7778360f035c589fce2f4ea5786cbd8b36e5396b,91,6,85
0x8d768fc1e3af47acc8d8ed5596379ae05310f470,127,0,127
0x480711809d2c4622fe3f7ef09ee6a7fe6b8649f1,202,18,184
0x5047aa3b10286fe2c9b98972ff4e352eefcf4dfe,23,14,9
0xcb54762349709374c3fc9763155165c5fe90e0eb,205,0,205
0xb2d4415a5b0269463f5ab9bcddc3e388caf1be03,385,370,15
0xb009ed24a16c9658daf74c599365569b6ef27d4b,82,37,45
0x5b7622ded96511639ddc12c86eb2703331ca2c78,111,71,40
0x79a06acb8bdd138beeecce0f1605971f3ac7c09b,183,183,0
0x8cd8155e1af6ad31dd9eec2ced37e04145acfcb3,272,11,261
0xd6a152c351588eec72556bc9769d9b22f37bfbf1,133,72,61
0xcfb152e5b93fc2c9906d4ff41fc8407dfa5e8851,86,86,0
0x1eb6951c148fe0ba8f3cdf1dc807bb22ff094ba4,84,73,11
0x3b19ae1888cf876340d4c7a5d77a33d68cc6cf5d,322,2,320
0x0e1f990d264a9818460dde1b81c0b04d8a88e751,36,12,24
0x1850d4104b6e20d1dc94caa6ffdeba26e975a395,123,1,122
0xa67d63e68715dcf9b65e45e5118b5fcd1e554b5f,253,8,245
0x13d66dbace34218fddaf50f7057092a43507adef,177,111,66
0x759cac6a1802ab28b47185a8032e279d9595661c,42,0,42
0x6f6c8013f639979c84b756c7fc1500eb5af18dc4,260,50,210
0x07511e88628f990d0ada3c446da3859833a0798f,78,6,72
0x396882c0f9f26c3e425a2b5888a6e0e75bc06234,304,82,222
0x3efea7300f538aa71781613679b1acd97a60df8d,69,32,37
0xa258c4606ca8206d8aa700ce2143d7db854d168c,264,264,0
0xc29eecf43c89071fa2e8febbbbad86c14d7f4c44,59,3,56
0xa4631a191044096834ce65d1ee86b16b171d8080,193,8,185
0x9b27dd5bb15d42dc224fcd0b7caebbe16161df42,7,7,0
0x2e2691819d3441994e9709e776bd77d08cd9e89b,63,40,23
0xd8adb97480e8ee2a8e58db53b6e485613cb7d131,64,63,1
0x491e136ff7ff03e6ab097e54734697bb5802fc1c,122,9,113
0x67e6e27da4aead180d1b1dd220aa7cb1d3a60b73,160,27,133
0x847e696ac0a0dff058cc34b04725fc3d2ed686cb,71,71,0
0x428dc22668e6f3468273634067e5545ed5417a3e,103,102,1
0x398d4d2e07fff60a24809b43acc88a282b68eac5,64,34,30
0x98d65097d4a3fce315133ad90a4bd82f06032d33,95,59,36
0xf59481d45d7a2e7c8a2f0ef9114309d6f45438da,31,31,0
0x7828c811636ccf051993c1ec3157b0b732e55b23,173,105,68
0x51fe2e572e97bfeb1d719809d743ec2675924edc,277,277,0
0xe0dbbd0a861fdc0bf9bd7dd5e56c0ca5a69aa090,467,141,326
0x111508edbeb2e906a40fd92e8b4cfaffc606c6dd,115,83,32
0x1a2f71468f656e97c2f86541e57189f59951efe7,287,63,224
0x3b2c32363f8a61de868708dc6d0054246b5c98dd,55,54,1
0x5180db8f5c931aae63c74266b211f580155ecac8,384,81,303
0x0f4d9e6714991052c1970931ce5a4082335b2169,95,94,1
0x9b6db880376d0dbbcadea88f7c9bac253b2308c5,59,56,3
0x2b1bb7efd69f45d1fc31fc50f0c73c1069e9ac7f,33,32,1
0x42dddba609589322e5c6133939ddd20941f9abb2,379,379,0
0x72a06bf2a1ce5e39cba06c0cab824960b587d64c,427,18,409
0x0453435725ccb8aaa1ab52474dcb12aef220679e,82,73,9
0xbcdca41219ccbd72381b2748a8b9b96769a9084f,202,167,35
0xf6a9ed78a9dbe919a9aaaf2ab6a6abba8856bc88,98,64,34
0x13de9c328622ede0cfcc711e774ac30d6a62c58f,106,105,1
0x4db1f25d3d98600140dfc18deb7515be5bd293af,175,11,164
0x212590b0dac9502e0591b79db4cedeb6356dcc36,130,2,128
0xd87a136bae7e69f787a24a2a0781199707e1670f,43,41,2
0xaa20f900e24ca7ed897c44d92012158f436ef791,355,2,353
0x89b69f2d1adffa9a253d40840b6baa7fc903d697,148,3,145
0x0e0fc97e5337478830f30dda023339607ad1ba4c,64,61,3
0xf859a1ad94bcf445a406b892ef0d3082f4174088,465,465,0
0xc9eea096c23aabc60207a3804dc73b1ffb32cafd,47,46,1
0x4f9254c83eb525f9fcf346490bbb3ed28a81c667,354,354,0
0x5691d95d42131742196b1d1ebd02fcfc7edae5c3,133,10,123
0x61db9dde04f78fd55b0b4331a3d148073a101850,122,115,7
0x1d69a5cee83381459a2589828df5e8d82ca2cb88,133,109,24
0xfa3118b34522580c35ae27f6cf52da1dbb756288,114,114,0
0x67401149e3e88b10dd92821eb6302f4dee8191bc,153,43,110
0x925f7eb0fe634702049a1344119d4046965b5c8c,85,54,31
0xb71b0a17e21a0d1bf4f07858bcd6b18a985467e5,113,113,0
0x4ee7104442ac3fea5665143da9ede79beee8519c,185,184,1
0x66b5fbc506ef9b884b7d5496d37b109578288d7c,84,2,82
0x39c45666b72c1d06d0a76858c0aadad3f697e026,78,77,1
0xf4efd3d0c43a6a7e6a43baf306536cd6d6643553,218,3,215
0x34b09150783499056b2e04a94c25814fe6ac1c7b,113,2,111
0x4cec571394ee433cd21390286284abecacc0e98f,245,245,0
0x797de1dc0b9faf5e25c1f7efe8df9599138fa09d,51,50,1
0xc0c0b077381cba887b368e1f06f658a6ab598929,68,0,68
0xcb8ca05ea094738f982037900c997672156416c2,23,21,2
0xae667177ca6793e402e57a392a336849d6885114,157,1,156
0x4d1b95b5ad539f7b93ae949499e3b772e0cfe31e,63,62,1
0xf8a8db29a9fba05ac4e36b8d7df6d47d120247fd,304,27,277
0x8f369ae35bce72a50f1188b96d516fab425511c9,186,185,1
0xf938424f7210f31df2aee3011291b658f872e91e,166,164,2
0x12bb5bf8a166098e1839d3f1396d73ac3fe42926,148,138,10
0x32d74896f05204d1b6ae7b0a3cebd7fc0cd8f9c7,128,128,0
0xa5e412ba6fca1e07b15defcaa4236ff7b5a7f086,89,21,68
0xa4eed63db85311e22df4473f87ccfc3dadcfa3e3,211,211,0
0xeafa25e962ee875f75fdc97e152d39bb4c8978ae,40,15,25
0x175d5a6f4e14f3cc685a88617d1144094e7f6098,178,178,0
0x5067006f830224960fb419d7f25a3a53e9919bb0,69,44,25
0xb3ff6f6057e7aad2703b499057f2bd7d7eecf0cc,213,0,213
0x9234f65147cac2eebe251a1c0376f13db1384fe8,39,38,1
0x8f55d7c21bdff1a51afaa60f3de7590222a3181e,98,3,95
0x8b9ae1cace64c3c590fc2cb5e6fcbbadabcef87c,27,20,7
0x6e4c6d9b0930073e958abd2aba516b885260b8ff,120,118,2
0x81b75fb6d271805c67c85caf35f94583a746ac09,50,48,2
0xcbccbb06f572df174a7da47684cdc28121fec421,56,2,54
0x32e136be91606c645ff62ff7075b2f0472fa13e1,207,153,54
0xdc47f2ba852669b178699449e50682d6ceaf8c07,129,95,34
0x93b2fff814fcaeffb01406e80b4ecd89ca6a021b,126,61,65
0xc5bbae50781be1669306b9e001eff57a2957b09d,436,436,0
0x7645eec8bb51862a5aa855c40971b2877dae81af,131,0,131
0x919d43d3811ccbbeed3345f7994c68a9d5f53372,37,37,0
0xdec7fffbebceb6a2cb57bfa8b203caffc0f61259,160,160,0
0x1f8a626883d7724dbd59ef51cbd4bf1cf2016d13,148,148,0
0xe8b903d09a7b218d0b31ae34b71247938ea89347,65,29,36
0x3d053c1b9ef47f14e9d97e076b96c3a7c5054b1d,133,47,86
0x10a543ed2b41e011d91f2de2d8f0229c864861e5,123,74,49
0x1a8ac67a1b64f7fd71bb91c21581f036abe6aec2,205,88,117
0x97802f9add100218ac46b757cd27cec7e6d45622,89,89,0
0x0f655baba887ef60a8e73918f2d5ec6b3d09559d,68,2,66
0x4195f278d75f30b5fbbeb5a4244a8af7259abb45,466,219,247
0xdf0770df86a8034b3efef0a1bb3c889b8332ff56,40,40,0
0xfb76f849baf4a4db22550ebc7beb520652f888a0,76,35,41
0x892a6f9df0147e5f079b0993f486f9aca3c87881,169,73,96
0x7b2f7f95a0565b16aa69fdee6b945ccdc5f5ca29,78,77,1
0xfa1a856cfa3409cfa145fa4e20eb270df3eb21ab,386,386,0
0xf7143ba42d40eaeb49b88dac0067e54af042e963,286,142,144
0x8d8c4b0f4ef116f6e9de1fd7d3b51b71785c4ee3,144,110,34
0x8259c9ee33c31f169c37ca34c3abcdf1a7bf32aa,36,3,33
0xb0eda4f836af0f8ca667700c42fcefa0742ae2b5,112,110,2
0x506e30de46b3d8cd56e2be747b559654e40e42c4,122,122,0
0x751a86a2506bbf30e04fdb493017bebde5c0fef9,65,60,5
0x65ad6a2288b2dd23e466226397c8f5d1794e58fc,50,48,2
0x4b0f027d0b694aae2761ed2d426295d4f949f5d0,118,32,86
0xa8cd4a74f03a6115529b00ee2fe646e5e4100e75,38,30,8
0xfa4020b0064aacdbb0ed8becac28c0c95bb29840,382,89,293
0x368f51eec801500e26aa730201b21d36c46ebd6e,75,60,15
0x1be56412c9606e7285280f76a105eba56996e491,90,35,55
0xbeb1d3357cd525947b16a9f7a2b3d50b50b977bd,266,0,266
0xddb149ae8e6635df01a530da1e46921bd78dc385,285,20,265
0xa5def515cfd373d17830e7c1de1639cb3530a112,83,82,1
0x0e42acbd23faee03249daff896b78d7e79fbd58e,490,229,261
0x85057ef13bfd8c1faf70768bfe870c0c2e8e61cc,167,0,167
0xd450b8f443ffbb76300d4fa10a1900f61b273b31,171,167,4
0xb20217bf3d89667fa15907971866acd6ccd570c8,155,33,122
0xd2a97b7c23bbfa726cb95204ddddafe231a09b59,305,5,300
0xf4fca207bf7629c947ab699a0159d88dec189cc3,35,32,3
0x9ba2e40c3251d860ba90f9eab77663eec673af66,183,2,181
0xa80f2c8f61c56546001f5fc2eb8d6e4e72c45d4c,240,18,222
0x7e6bc952d4b4bd814853301bee48e99891424de0,303,244,59
0xe72e2222100be1b61a8203fe1beec1f7f3fb4094,320,58,262
0xe3234e57ac38890a9136247eadfe1860316ff6ab,222,36,186
0x9a0b657dcfcd65774a3fb5219e09fad0debf2e56,179,179,0
0xdca9e0c6d45eeee6cbbeaae37ba2f310230d27d1,93,48,45
0xe8936a5ef3f3d7d24d46984fd9d0b06270442ab5,46,24,22
0xdbcab7a768ea9a00b2ffa5a2eb387cad609e2114,201,173,28
0x5403e89be8c4595c5d5eec8ed7be4949d15b5f9e,41,1,40
0x189b619e6c1d682e50f2a97c509508f01edac7e8,61,0,61
0x63b4f3e3fa4e438698ce330e365e831f7ccd1ef4,187,187,0
0xe66747a101bff2dba3697199dcce5b743b454759,169,169,0
0xabd510982e7e4dd8391ed2ef463496dff7be040c,89,3,86
0xe3a56e474892be0778038d53b9945f0f72fec628,203,138,65
0x75c24725d2874f12874d67b1e7e24b593f0f91c5,73,4,69
0xd497a414bb00803e846b53d07fcb742831b24906,210,210,0
0x23e090493a4a95ad7f6fba267c9749558cfb13a0,152,53,99
0x6044e4c62ba46f0733f2f62bfd5259f365d572d4,16,16,0
0xa094b1e927093fae077b6a89b440e2575de9143e,96,68,28
0x38e4adb44ef08f22f5b5b76a8f0c2d0dcbe7dca1,281,92,189
0xcd452ad761bd624cb016d40ce9d232f180e55d73,50,3,47
0x253954d29386e174ed4bc69902391a8ed3fd51ca,34,0,34
0x6018e493558a0e6d6079762b52b4d88e14f0354e,18,0,18
0x5c1a0cc6dadf4d0fb31425461df35ba80fcbc110,396,67,329
0xdeadab7c1324c0614e1512e3034bddd44f7fface,204,1,203
0xfcd433977292f107aac6e30e7712d0e38eeb4a7c,158,157,1
0x00281dfce4cfd72c0b6fda2aaaf077258743f9e8,63,63,0
0xfc778be06c9a58f8f3e5e99216efbb28f750bc98,186,5,181
0xc3af7bb38999e8a1db7849e30706efbf8ffd57fa,39,24,15
0xfc1c17926389e94a946edb42e16c0a42a6ec2806,52,50,2
0x9b701bed483ea9cfc49fa22b55ceda8f56644294,56,55,1
0xc3683a429c01604915a932f8d8c2d9b6086a49ab,27,26,1
0x663e4229142a27f00bafb5d087e1e730648314c3,457,245,212
0x4fac0ccd9e2ed9fd462d42b66fb81ba9a1f6f25e,92,16,76
0xc58212bd2cc5d60cb89e980713461be027389b2c,92,90,2
0x5db11d7356aa4c0e85aa5b255ec2b5f81de6d4da,68,68,0
0x8447783298ac335afedcfe67978dc9e6689b28b3,49,49,0
0x903bef1736cddf2a537176cf3c64579c3867a881,151,137,14
0xe89c20096b636ffec9fd26d1a623f42a33ead309,48,48,0
0xf9afa20983e169879683582dbb60be9c354fa738,100,98,2
0xe65290fc72cd9445ecb98136324d9be58337d57c,114,0,114
0x4be2fc76c2ee4761ee9bcfff833222d4391dde36,240,233,7
0xc8e3c50bdc2b6df0963936b4c62a106c43eb1093,116,115,1
0x3c52031019312bdf2d24b13b51a60b1e8607ce22,23,15,8
0x3c6d92f1db872469c8dbc04ff6301b766214a712,69,1,68
0x9184b91159c8912eb57f73b737cddd24ba521581,217,38,179
0xc1bfccd4c29813ede019d00d2179eea838a67703,395,86,309
0xb4c1216b653dc657c043e347ce13bb9a620c2c29,229,77,152
0xeea95c5e799565343f4d70bb76878ca8086fcc11,237,233,4
0x0f3adc247e91c3c50bc08721355a41037e89bc20,130,86,44
0x9e85db9daef510856aac8ec66a5eed585796ab3e,74,2,72
0x5c9f8b00db5ae281e8f401789224fe0227f24d81,66,66,0
0xf40edf22e4ab146a32ecd8d659cedc7a2a55cd43,66,22,44
0x436cc556d9a9517d0808ace3ba1f52fe7a15d831,83,82,1
0xd7f0cc50ad69408ae58be033f4f85d2367c2e468,97,96,1
0x23d29535dd1a10d8783f76a5bd32c860262b8191,248,46,202
0x92e25faee4d7647618a85cef1d7748fdaabdb49c,321,0,321
0xe8bfe9e1ca49e7dc0c6d01bca8ae5ef5a30c8d3b,130,5,125
0xc51e5810a2c50c424998122f9ababfb2d5598d2d,172,7,165
0x537b2279d8f625a1b74cf3c1f0e2122fb047a6b0,177,101,76
0x6a48a272210eaa205c279e1c862f87875c623ae2,182,65,117
0x7b4b02372d8e54c1c0454d97f01d85ef203cdc5e,84,0,84
0x5a35a6686db167b05e2eb74e1ede9fb5d9cdb3e0,107,100,7
0x7d572ca644cc9bb4ef079ae59527fa6634b8f9be,32,29,3
0xed2647bbf875b2936aaf95a3f5bbc82819e3d3fe,158,20,138
0xdd1feda9e6cf6786359d88e668c57d62a2bf355e,65,2,63
0x469eda64aed3a3ad6f868c44564291aa415cb1d9,499,286,213
0xfd90cc48cc8da11ffeb36bb76c9b4bb91ca51904,39,12,27
0xd6d80461b1875a8679fe789db689156f42b7f86b,130,102,28
0xc0152d6e90336b71a350eaef97a1f1ffbff55288,47,0,47
0xd7c302fc3ac829c7e896a32c4bd126f3e8bd0a1f,54,54,0
0xc7f2723b64d88f4d14f0beb2e9ffce78795bbcc6,92,35,57
0x0f91b9accca2838dbeee53f3aa555d426ad16f29,5,5,0
0x3b612a5b49e025a6e4ba4ee4fb1ef46d13588059,266,266,0
0xe9db727f613774bbe5383b8d6203cb6ceb8c1631,36,0,36
0x2610f0bfc21ef389fe4d03cfb7de9ac1e6c99d6e,65,65,0
0xac3d871d3431847bdff9eebb42eb51ae06e131c3,258,9,249
0xdbce5b8b8befa06057459767c8a585a418a6e8d2,47,1,46
0x9040e237c3bf18347bb00957dc22167d0f2b999d,152,47,105
0x0fb69d1dc9954a7f60e83023916f2551e24f52fc,129,68,61
0xf62c6a8e7bcdc96cda11bd765b40afa9ffc19ab9,134,103,31
0x0b5ecbb411d8fe829e5eac253ee1f2dc05d8d1ae,38,3,35
0x5f944b0c4315cb7c3a846b025ab4045da44abf6c,88,88,0
0x44476ad83d2275e9dcf9bcb431004e77f65f10e1,235,13,222
0x31f3bba9b71cb1d5e96cd62f0ba3958c034b55e9,247,0,247
0x7030d581c078911af286f28fdb99034395f4d403,14,13,1
0xcc1704ba33ca3451452fcc3436eb451a3d11d1f4,83,78,5
0x3496681ef5e8ebbf01eeeebae10084343d65dbea,72,3,69
0x2ae61706433a65c5776e7bcbc94c3ef7422f84db,87,54,33
0xfacb4bc7bfa5007d91095564e05918c82079befb,79,78,1
0x5075201cdff22c4f1ad049086168ae8a62cd9805,278,2,276
0x7a2002d85205e98065e3eef57a73eb75757fdc00,67,37,30
0x6e25c0ec1bea020f6cd46ec255d419a7f4334cfe,194,194,0
0x82628be9bde73b862e972793a151e7dea9e9249c,64,63,1
0xfc6fd61d2415ebfea98791517b6198d38bb4a659,95,46,49
0x7ad8bc51c917076e5652954943cf0a9991e5a9f9,97,10,87
0x0ef99fb40691ee202a386fbf857cac5aecc75a13,31,15,16
0x7581f8e289f00591818f6c467939da7f9ab5a777,85,83,2
0x5326a5cba96969868e1a03d38dfa46d0a283fe1f,56,36,20
0xc92090f070bf50eec26d849c88a68112f4f3d98e,387,251,136
0x6f3aca0d7d5d8639e314bd20b79abb3e51c06f47,90,86,4
0x04150f928c036810be42ee2e42c5a3b85561c3f7,270,206,64
0x670d4dd2e6badfbbd372d0d37e06cd2852754a04,373,69,304
0x057169c194cafe6a0e9f8d29800bdf8941840c4a,38,37,1
0x298d492e8c1d909d3f63bc4a36c66c64acb3d695,418,257,161
0x10c0f93f64e3c8d0a1b0f4b87d6155fd9e89d08d,140,13,127
0x5d843fa9495d23de997c394296ac7b4d721e841c,103,103,0
0x79a66c4b781add975f3858ffb2554f0c5e0ce9ef,97,3,94
0x1ffc950aa28f235a3245f88c4021b39160dc9294,104,103,1
0xd0242443f18586c389a1013539e93f3a7b27018c,50,33,17
0xab05cf7c6c3a288cd36326e4f7b8600e7268e344,34,34,0
0x3c99f2a4b366d46bcf2277639a135a6d1288eceb,358,88,270
0xc0cb81c1f89ab0873653f67eea42652f13cd8416,124,1,123
0xdc349913d53b446485e98b76800b6254f43df695,177,93,84
0x1d90d50d5dd04fa7c8bef89aa5872f0701be7982,493,64,429
0x749cda693c2f29bf894df5b7060034cb675ee631,200,158,42
0x123151402076fc819b7564510989e475c9cd93ca,99,32,67
0x6fb42a71b305dafb98688ba9fa76791342ad52a3,152,148,4
0xcbf60ab64d521874c800627c9e1395ad0b06bd38,251,2,249
0x27c70cd1946795b66be9d954418546998b546634,357,357,0
0x2b73ebc1e7a53bda495272b34b322a855130983e,167,65,102
0x4508401bade71ae75fe70c97fe585d734f975502,20,20,0
0xe34139463ba50bd61336e0c446bd8c0867c6fe65,337,291,46
0x29af9d1d936955b17d850e09678022ba869f4ab8,295,21,274
0x08dc692fe528ffecf675ab3f76981553e060fd8a,85,3,82
0x89d0d027bd1e9e4449b8d7975c8cc8e6b0a58b59,54,0,54
0xbce0665b20164d6cd6d15e70fed1e094ad4a44f0,87,53,34
0x1a3043d23dc70aea1d9912725e2aa056be1a471e,138,42,96
0x2e2a639e148a14a63fee373a1ef67d323b8edd55,97,96,1
0xf1005f6379f35fe681c7c458eb4f3704ead4f14a,86,86,0
0x6416314b3819cc71a825db9b2edb20db2f18657c,40,39,1
0xf7875f0ff958270b7bd5fa7cfdb8f42c0cf5b11a,170,170,0
0x7b39917f9562c8bc83c7a6c2950ff571375d505d,31,31,0
0x2e59d147962e2bb3fbdc52dc18cfba2653c06ccc,30,30,0
0xbd90aa6250511f7a026fb4100f9e3158d7a569f2,58,17,41
0xf0f7a2611decec20c06ba66aa3766d4f88e628b6,104,101,3
0xa8cf84dd46e59428a468e5267979a3400b785f33,89,0,89
0xa9833d5d3ff75a32709a8da2e66a7df9d2c83aa0,76,17,59
0x321b125cf85b0e9fbcf6554a71adb10d8138388a,82,16,66
0xc7f3dba1970bfe60feecb6e5e4a44103b57b1407,279,62,217
0xe40fe41d5345ddfdd5ff8f9c9b191b675e471aad,43,2,41
0xa3f75e5b025a59beceeb30fdda2428fe4912f83d,51,0,51
0x3a82d3111ab5faf39d847d46023d9090261a658f,80,16,64
0xe3c408bd53c31c085a1746af401a4042954ff740,92,5,87
0xd15a1f86949cd1b7951caff801537ac92f814c86,43,1,42
0x04abeda201850ac0124161f037efd70c74ddc74c,356,356,0
0xc53aa1957ae91676620bbe8bb3919acf1ed49d15,149,24,125
0x37cf3904b3103497c422dbef23fc0b17e28d29a6,351,302,49
0xff69bcfce73699d530c8c6673a01001b09cb99db,124,1,123
0xcf8335727b776d190f9d15a54e6b9b9348439eee,240,240,0
0xd35b4d6b6f5807c552d7fdb79c7fab1d7a232c3a,180,179,1
0xf5308e067ff8490dd32e24b4b0c5934a789e4783,105,0,105
0xee6b9cf11d968e0bac7bfff547577b8ae35b8065,118,38,80
0xd313e1481404d62efedd5c831e4513b4334dfa8b,157,124,33
0x96e61422b6a9ba0e068b6c5add4ffabc6a4aae27,77,77,0
0x2b89bf8ba858cd2fcee1fada378d5cd6936968be,81,40,41
0x55f3bc084da207b7347538b74cc388deeb3ab448,302,128,174
0x977dc06b51e14277a5ac047b44c78dbcc60a372b,266,5,261
0xbe223020724cc3e2999f5dceda3120484fdbfef7,302,3,299
0x6110c64219621ce5b02fb8e8e57b54c01b83bf85,69,1,68
0x3aada3e213abf8529606924d8d1c55cbdc70bf74,192,184,8
0xce4d3e893f060cb14b550b3e6b0ad512bef30995,405,9,396
0x23203bdafa61c5c3185fb8842e81bcf2fcb21751,48,48,0
0x9c38bc76f282eb881a387c04fb67e9fc60aecf78,167,136,31
0x2183533bbc58c9afef81bd4165bafd9f7654ed16,67,53,14
0xb67812ce508b9fc190740871032237c24b6896a0,112,1,111
0xeb00e99089cef9a946028bab6149f73d17b59a08,35,18,17
0x4b13e4107b62cdcb96e0ad84ad4bc2f684440d13,86,85,1
0x5eaeadda470245343249452e744e423f489abbc4,186,186,0
0xd1d29b66d30c932fc27824050489bfd6b63db175,42,41,1
0x90f87748c68c4b3e63256831717365b1f45f55f4,75,34,41
0x56f0f938d1a3fc8b35b1f14a87687264d2184d1c,189,4,185
0xa0b329ea79e09fa19ffdc781eca58cc8916ee855,90,70,20
0x31d45de84fde2fb36575085e05754a4932dd5170,309,2,307
0x7d5121505149065b562c789a0145ed750e6e8cdd,146,56,90
0x3a2096754df385553c4252e5a82dc862e64169bb,222,176,46
0xde124d0cfe5ed0cd095909efbebff4964fe34eb9,43,43,0
0xe80201a8e706a7ac353124c004960201c8b99f4b,97,58,39
0xbdbb4454a5e4c01dd84ac96caffd8ffc204c0811,69,41,28
0x31d4da52c12542ac3d6aadba5ed26a3a563a86dc,175,4,171
0x8aeea4bf2d5a1d33c9a84c55430798bdeec6c8a6,50,32,18
0x1710d860034b50177d793e16945b6a25c7d92476,71,56,15
0x0c7d5ae016f806603cb1782bea29ac69471cab9c,195,188,7
0x8e6cd950ad6ba651f6dd608dc70e5886b1aa6b24,223,12,211
0x69a95185ee2a045cdc4bcd1b1df10710395e4e23,233,222,11
0x2ae3651708e5480280d8d777571d25b04536b25a,85,46,39
0xe71eefc41007d90e89c0aa7ff788ab77d887e583,31,18,13
0xe624a29cb327b03350820ef98584d56083eaf392,114,28,86
0x5b70f8b71c6f945a86561e97f714942b6a742b1d,164,164,0
0x8e5474ca17499626ee88e2a533bd369ebe72099a,127,126,1
0x9724f51e3afb6b2ae0a5d86fd3b88c73283bc38f,42,20,22
0x2e424a4953940ae99f153a50d0139e7cd108c071,125,53,72
0x741d06382f00ff411c3996895bc6f4d40e0455de,93,51,42
0x6d0f5149c502faf215c89ab306ec3e50b15e2892,145,145,0
0x00dca92b7fbd0c01f3508756718807836ec82156,98,97,1
0xf1963ddead54830af81d7d4876086c5d108d5bf1,166,87,79
0xbe2c9c8a00951662df3a978b25f448968f0595ae,60,8,52
0x81ae0be3a8044772d04f32398bac1e1b4b215aa8,469,170,299
0x45d8f7db9b437efbc74ba6a945a81aaf62dceda7,224,3,221
0x7f280dac515121dcda3eac69eb4c13a52392cace,64,32,32
0x081fac886fdcacdc826c4135ed4ba5b65ececfb8,116,101,15
0x588f4dfe4cd9d32d5c5a0798e3171322227daabc,53,52,1
0x7127206a49824d693932f9edcb77c53fbb8443d7,304,10,294
0x744612bd6c29301a99ef2b19393eb95080926003,247,247,0
0xde5ea375ffbdc8b25a80fe13d631e8ba0ab4bb02,103,103,0
0xce0f25934deaaddd174427f1978bcd487a85e9fa,213,142,71
0x8f8b5a2b330957986afe7554431e425e37e7c951,41,0,41
0xd1b0cee386cebd9bce3d6b7279b98334f938cfd7,363,361,2
0xa0008f510fe9ee696e7e320c9e5cbf61e27791ee,147,147,0
0x34bb16fcd733f8ee46d48206f7154f7cd585f97a,82,16,66
0x69068e88c3be34bfad1e12e8ebc604455d9a4e3b,47,47,0
0x3f20958d3f58aa4f3c14c9350976721a0acac440,287,244,43
0x9783b81438c24848f85848f8df31845097341771,83,83,0
0x56681458e00cafe1206313d2d033946f458fdefd,266,217,49
0x4f32ab778e85c4ad0cead54f8f82f5ee74d46904,189,51,138
0x7ad940ed9308545990497dd04e76df7d3c127ed4,125,12,113
0xf169fdc02b9a4009a8307497e5fce2999024e0c7,175,3,172
0x0bd4d37e0907c9f564aaa0a7528837b81b25c605,93,23,70
0x03f8987348e2dcc574cd6458e20d685844876994,428,19,409
0x66d592cc979d441a3e4dbb6e043c3bdad241dab7,73,24,49
0x1b1012f3df50cf3003699bcfa324c5125782aca5,187,1,186
0x73883743dd9894bd2d43e975465b50df8d3af3b2,251,36,215
0x152cc0b640fa85fecff43d2a417fa9b369661b97,162,3,159
0xd0f325e434d5d8143087ccd16a7c92af223480f7,107,3,104
0x70bef3bb2f001da2fddb207dae696cd9faff3f5d,107,58,49
0x6f14e33f19975c8aa5adfa66fc2bfe80f539e7b9,353,93,260
0x5e9f35e8163c44cd7e606bdd716abed32ad2f1c6,225,54,171
0x4ba6ddd7b89ed838fed25d208d4f644106e34279,230,230,0
0x064d54c858f884698ef34b1cae5d989a2414e1b6,208,55,153
0xfd31c7d00ca47653c6ce64af53c1571f9c36566a,270,170,100
0x95ce0659b2817b15319c047b7d217102d1d82d7d,129,95,34
0x40cfee8d71d67108db46f772b7e2cd55813bf2fb,22,22,0
0x12c4f45ae12b7b8462db2409488d976995ab6fe9,90,0,90
0x14e0a1f310e2b7e321c91f58847e98b8c802f6ef,228,102,126
0x8bb1510885751c98500110255b0d90c17f317c27,68,61,7
0x7ba2016a901e1658a6f504e431c31545f43b9805,23,0,23
0xff3ac80c1caa08cbd43a7e90d20c398d54c7342f,150,150,0
0xb6ee9668771a79be7967ee29a63d4184f8097143,303,303,0
0xa0205a8ac8f9a483a537b9e696822871e5017f6d,16,16,0
0x428899de5aad3279df564205571b1669cc7ddf2c,24,24,0
0x0b15727723690295a7981f12cf49b706a3eb555f,199,110,89
0x10a0cf0fd3b9b2d575d78130b29d61252313423e,211,141,70
0x5434f009b3bfe776e94f9b1c2e92ce52205eb6cd,74,35,39
0x3684b581db1f94b721ee0022624329feb16ab653,137,137,0
0x0cc894a8753095e8f1b774c5a2cce8f5715dddff,127,4,123
0x49fdbfa1126638ce7ef2ca1a0f7759109f12595d,143,55,88
0x5754f44bc96f9f0fe1a568253452a3f40f5e9f59,75,53,22
0x937cdc24e2b3d7e69ff5ed17f85fb21c5a3d9ee2,46,44,2
0xdb042927c36791bd500698c7d1bd81b6864229b5,55,55,0
0x20086d92838c475fc3ade8b745efb33213793080,204,65,139
0xedd27c961ce6f79afc16fd287d934ee31a90d7d1,275,62,213
0xa11ee51be234e71117f0b9a7b7697080f6b85b18,70,34,36
0x92925acf2771bc59143228499f9610fe5176eb9c,78,78,0
0x580c8520deda0a441522aeae0f9f7a5f29629afa,174,174,0
0x1272a84da0f7f89e9323cc9d6139f5dcec60171a,49,0,49
0x7447c7eb3a602aeacda7b7370cd96085d476d662,197,146,51
0x7a2e961c7adc05f8352818274687b3dda477dbaa,79,4,75
0xc081ac663232aa45c35c6ff6117c3999b7bf0ea9,356,2,354
0x020dedb172c761cb55694385627a72eb95f4ffd5,16,16,0
0x513d30386eaf774a8fc916ec06c7d1c001575ef6,42,2,40
0xf03c4e6b6187aca96b18162cbb4468fc6e339120,197,76,121
0xf619e90052965e4c366c0c62af0f90216f35a5d8,154,96,58
0xf362aadf0037823cd9fdc6901e150b42a8a70297,43,1,42
0x98b60038edadad66f6b44065851182b597e0c22e,330,21,309
0xf57e11e7aa0419d0b2d95538daf846d042dfef51,74,73,1
0x345974220a845ddeceed011e8e6106b59724b661,144,4,140
0x46122877a1ea7f531b53547ace9246d76b7d7dee,347,107,240
0xe6d48bf4ee912235398b96e16db6f310c21e82cb,407,402,5
0x298be2d097536449dfc75fe5859fd9a089ab4c1a,60,60,0
0x26eeb71350d60466ab18c8cbac1ea2d58c39c140,162,4,158
0x4d3a9807c4cf685d12d856fd41119de1fb579eb7,14,0,14
0x67c62a12d0ebe83e38f9041b9c46d6141e689bb7,58,57,1
0xe5170be552e725436365bede40868a26184f291d,68,55,13
0x0563dce613d559a47877ffd1593549fb9d3510d6,148,148,0
0x1e4e46b7bf03ece908c88ff7cc4975560010893a,102,102,0
0xa83ad73eed496fcd7adc5f4027cbad818d0075a0,286,2,284
0x546aed37d202d607f45cbd2b8c0cad0d25fbe339,125,50,75
0x3b4ddb48c74ad82ca1bc370479aecc9c2cfb204d,46,12,34
0xb76ae0253f77086b92a494e8ec4159ec26005882,52,51,1
0xc26064ac72101b555ff2fcc1629a7a867b69c188,128,95,33
0x7ab2352b1d2e185560494d5e577f9d3c238b78c5,301,127,174
0x9f6f91078a5072a8b54695dafa2374ab3ccd603b,80,80,0
0xd6f75a20aa64634743d40fafa88473020302c530,196,196,0
0xa70d15055d37e987a651381858a3646f111d5f5d,78,1,77
0x00000000000c2e074ec69a0dfb2997ba6c7d2e1e,363,363,0
0x103ffe3aee66a048e22821145a00c4cabc0ff05b,77,20,57
0xabf988fc071739c19b45cc1c8d2a3b8d146223bd,26,26,0
0x7ab062f22b119cd97fb6dbcc99782724dd4a9c81,164,164,0
0xe0fa6c9ce6d457ae8a0b8b2686ce48039416d1e6,99,6,93
0x47b9f01b16e9c9cb99191dca68c9cc5bf6403957,67,6,61
0xfa10661c28f309b88aecf14d9ab8f24764d6b10d,90,50,40
0x8726bda0a07521bc9ec8d1ad3d200e8a0aef5fd9,53,41,12
0xc6db556fd9ec09bab6dfea320e52d8476f61d424,76,76,0
0xcd4ee1110707d79704d6881a4fef158e5fdb334b,111,33,78
0xd5c9c69c93e5ea7ed2cbcc15d613522fc52c8d2c,50,2,48
0xdb7ee2deabd9cdd10e723acbbb36b377d37ae037,39,0,39
0x48ec5f8c22658a2384017cb5540daf4a86963ec3,31,11,20
0x7fc51137dcba54ba96b3d33015f6915bdf8a9b66,94,29,65
0x23a5ddd62aac108d1e1a81aa2b83a59055963e9e,75,75,0
0x33691f7858b6fbded5913ae4917ee7e4c8d37d66,12,12,0
0x0ada190c81b814548ddc2f6adc4a689ce7c1fe73,251,251,0
0x98db847ed84ef8bd6e5c4f593fe0341869fc41cc,22,10,12
0x92919faf5bfa1957515a62efe854991e273cfa9e,13,10,3
0xbc61ac336d5558ccb9c304f62a7433e866d1c7e9,70,2,68
0x266dd809387494fcbbb19c61ff9b0d6593e5fe50,384,96,288
0xed5af388653567af2f388e6224dc7c4b3241c544,306,234,72
0x15ee120fd69bec86c1d38502299af7366a41d1a6,76,56,20
0xb5fe099475d3030dde498c3bb6f3854f762a48ad,180,7,173
0xd3361608394f3832261ca62ddd7966a7a3ee6209,46,27,19
0x46e9fe43470fafd690100c86037f9e566e24d480,41,41,0
0x0b17cbf93a6bc286a2760ad206b03d4e42997382,135,106,29
0xef1583a57708a943511fb1f582f7c918260c0311,63,62,1
0xbf3e3e6c558102f52057b87d385e03ea064c904b,222,101,121
0xbc1600d509ef643461ea8317617c54c925d9e446,59,2,57
0x2eb4f7625aad8c521e3600ee38fb8f82751e8870,321,104,217
0x7bb6413c939d9ecc62bdd60d6e23816b1ae9099f,331,50,281
0xbff2fc2f0f6df609a78280f85c338616cafd2ec3,94,61,33
0x93c46751ec242eeb704cf1670385bb11c1e09521,54,16,38
0x71eaa691b6e5d5e75a3ebb36d4f87cbfb23c87b0,103,1,102
0x6b3c2dd23251d95c34c4f5a3b20140e2881cc36d,179,72,107
0xed20be8fd0addbc4af850a3309893b3b499f802a,79,8,71
0x138ff21a21dfc06fbfccf15f2d9fd290a660e152,220,5,215
0x9e3382ca57f4404ac7bf435475eae37e87d1c453,349,349,0
0x4acedb34ed530ad0b38dbf59d3ca094b94251a95,56,25,31
0x43ebbeda1ab50de58e2adbc071ab78d27864b5e4,235,234,1
0xb16bb75d2c0f4198399051c9e18e2b940cce539c,39,20,19
0xe6a9826e3b6638d01de95b55690bd4ee7eff9441,174,169,5
0x3cabf160081387cd7dcb775434339c42c232e23a,128,3,125
0x5a8578f1cbea043dcfc0b530024fcdcc159c03fd,77,68,9
0x862c9ed3efca72b7f4d6f13ebbc958de4129e2d5,18,0,18
0x4d4f3715050571a447fffa2cd4cf091c7014ca5c,168,37,131
0x5594ff2015dd9c96f8f020e666aa96e4a438e3dd,45,41,4
0x91d48fa937594852845aa078500944536f66963e,90,2,88
0x0deaf87519d434dcf74551b2e907af18d2304946,208,73,135
0x0327112423f3a68efdf1fcf402f6c5cb9f7c33fd,334,334,0
0xc0e4c63e4eff9eb4af7444df4128645da4ec47d4,43,2,41
0xf8b0a49da21e6381f1cd3cf43445800abe852179,260,155,105
0x645e9324f4be25be581bb62163cfa86c40b01d07,353,1,352
0xa3dd4e6711b71388d6d585ddcfbcfc0eef42af63,267,267,0
0xe82c0828ff43e58ec10009b379aeb6296ae9d104,44,44,0
0x1e38e9ad28a526512af9b8689c50d91443b6c3db,196,3,193
0xd8723058f2b456484e3cde4ccfaea903116fa9e4,222,0,222
0x21177c97be40b52b002fbee000a03212708bcf47,181,177,4
0xcb3738ff351d571d10ec416deeb1c05ec62a5b75,499,57,442
0x6cbf5ab650a7ccb12cf7a4c97e60600a989acfe1,265,4,261
0x61cece14e222385d5ac83f3d0cbd518f5feb3559,169,59,110
0xec010f8ff68a152a9c99d773d47f8cc5e2a86f84,146,2,144
0xb8981acbbf7da95a8ff6df79aab935ce63434fc8,30,30,0
0xe0a2e8a4d94e0c395e88aad7c9074d73a115885d,222,132,90
0x89568569da9c83cb35e59f92f5df2f6ca829eeee,84,80,4
0x89c277891ad100c21da648efac448bfc83b2d7bf,47,2,45
0xf75140376d246d8b1e5b8a48e3f00772468b3c0c,196,3,193
0x0bc529c00c6401aef6d220be8c6ea1667f6ad93e,491,491,0
0x4bb08998a697d0db666783ba5b56e85b33ba262f,249,238,11
0x59726f1ed656cead72203f5eda0072d6f7a28737,14,0,14
0x43841d2bca77c13050ad3c6cbd5548b4042ce2c9,58,2,56
0x05745e72fb8b4a9b51118a168d956760e4a36444,290,1,289
0x395fc9db003e58b804188155dc7e0e609a062f61,127,7,120
0x04a3957635ab968c4b92681d6082fc61ff080c5f,157,157,0
0x3593d125a4f7849a1b059e64f4517a86dd60c95d,211,202,9
0x2d366be8fa4d15c289964dd4adf7be6cc5e896e8,126,1,125
0x6f3b4226bb4bf60fc4d7ae93fc81f6d054dffb5c,24,0,24
0x326f09ffcdd200f1b110e6dda0d240635b89e507,27,0,27
0xd0318da435dbce0b347cc6faa330b5a9889e3585,156,156,0
0xb3767b2033cf24334095dc82029dbf0e9528039d,99,0,99
0x4b520c812e8430659fc9f12f6d0c39026c83588d,144,144,0
0xac27663e7b27da4fa969ddc990b504679a0d6f92,90,43,47
0xa7b839c910f0eb62ce1bf6bb28e93282aa495b7a,31,5,26
0x75b7d9fe942fb1c7d10885d5315081a63f89706d,59,0,59
0x95aa5d2dbd3c16ee3fdea82d5c6ec3e38ce3314f,176,176,0
0xb786132b1158923194905af4489346b6ca463338,24,0,24
0xebf56b58be8339a827f9e9bed5feae3a6c63a562,122,30,92
0x838cd6b5bf716ecb1529670850b7265a2d1bbd7c,87,58,29
0x23d1bfe8fa50a167816fbd79d7932577c06011f4,130,0,130
0xb218e552de5bef2bcea73590bfd0f709bb5d523f,243,185,58
0x8762db106b2c2a0bccb3a80d1ed41273552616e8,487,459,28
0x536384fcd25b576265b6775f383d5ac408ff9db7,176,3,173
0x83a8b5b4d7b92420b27e342dd2309aee20becae9,326,326,0
0xb39f5f5199042086d6f162ededb761d0f33a2849,125,51,74
0xbec9e7fcb2474b458c1b5bc0b89975861c03eb5b,10,9,1
0x61107a409fffe1965126aa456af679719695c69c,70,70,0
0x787697c08353883cfbc4fe5c35b43c04ee4a3533,95,42,53
0x6d8aaf30159dbca3baa3ba1531ec7483af5248cb,363,216,147
0x7240ac91f01233baaf8b064248e80feaa5912ba3,154,154,0
0xd8133a158d4a45e230560656fe5cd2c209ef7a72,206,121,85
0xd2a077ec359d94e0a0b7e84435eacb40a67a817c,255,64,191
0x20210815fed2e691688d355031fe5b4fc7c241d4,84,27,57
0x866ebb7d3dc493ac0994719d4481341a3a678b0c,72,72,0
0x2b915b505c017abb1547aa5ab355fbe69865cc6d,104,103,1
0x8a6d4c8735371ebaf8874fbd518b56edd66024eb,296,6,290
0x96bb57c45f4c25e2e6c185bab5dec5440b2c0256,17,17,0
0x24e89bdf2f65326b94e36978a7edeac63623dafa,130,130,0
0x4b81d30d621e8a22ca6016ec8053e3dfaa3d5edf,386,196,190
0xc34dcfce75bf135387291a4066a2bc5698a63ec3,34,33,1
0x7525c860cb7814c8465551dfe3f791e6212be19b,21,21,0
0x15f2ed83abef5cdc462975310b958c237eae4710,130,3,127
0x7715e21b1e705da64720b8089a93687ec10efa91,92,74,18
0x41ef41011e9394b26b424b0ccd13eacf58ac04ab,70,13,57
0xf03f082bf49fe71c2ab8dfaf4f8d0aeaa1d3de14,144,13,131
0x74c7b793e2b6ee2f8e3f0f88c95b5eb77e3f8c0e,32,32,0
0x232defa1b115e467405e951231f08738f5757bb0,176,176,0
0x28c5805b64d163588a909012a628b5a03c1041f9,210,47,163
0xba319f6f6ac8f45e556918a0c9ecdde64335265c,242,242,0
0xd037af68df72725a82b62aee9fd70aa958801cb1,30,1,29
0xa2fe5e51729be71261bcf42854012827bc44c044,97,46,51
0xef23f2bd157f9f97f42820cb48e3bc031b7a2d4c,21,14,7
0xcc88d23e7dddcf3dde3fce532f65500ab762069d,201,4,197
0xa53e7fd6abc0fe9769690af55f19c2b4a13f2bc3,58,58,0
0x877bec43dd0e3555eda424e0e0601ed0750aa3cc,144,1,143
0x4f1b1306e8bd70389d3c413888a61bb41171a0bc,260,147,113
0x0ef1633226fd27f7197a4b7c5bcb7ab5a7464b78,24,14,10
0xc5f31b784a7c0a50804f5cda519caa962e47e240,136,28,108
0xa17f63bcd85fd3b01c5996da0327f84c6ae86a82,31,1,30
0xbbc7f7a6aadac103769c66cbc69ab720f7f9eae3,328,182,146
0x9a44c846221322e8c114525dac3f8b34ee138bfe,212,1,211
0xfe0be00f15ac95f6a2d1b8bea07bfa42e1b81389,104,1,103
0xfd957f21bd95e723645c07c48a2d8acb8ffb3794,144,144,0
0x2bb935b5e09e577e54c69ae448cd0582884b4b8e,108,79,29
0x3ceb6868bfbf99f6b76fe5bb37343c075677c698,101,3,98
0x770d97679fb3f2a3565c05eb7f430a5c204427f1,158,90,68
0x19c10a47c9356efd0e4377411db627636ee9e3c6,9,9,0
0x0b68be2e1072204e68c6c0b8b46ac108e3e3ddd0,225,0,225
0x3249c4c8e4ee09b82560dfc19c5962b9d49b6c1f,164,3,161
0x28462739c3eb65a571bf92689e8257c806bd275d,92,28,64
0x629a493a94b611138d4bee231f94f5c08ab6570a,83,50,33
0x9d46c1bfdb45b0e751d70c1baa777536392e215c,378,377,1
0x2f57430a6ceda85a67121757785877b4a71b8e6d,138,138,0
0xe34c28c7dc4fa20ceb7a9268345e83a5c7060136,314,6,308
0x03be5c903c727ee2c8c4e9bc0acc860cca4715e2,250,213,37
0x93a42f8eebeecdda3cbdc593f3130bca5ffd8467,145,108,37
0xfbebc148f214765abb05e848840ec358e5ba0ecf,66,46,20
0x86d2c341c5ddb79321562381403f7a887ad9ab43,65,64,1
0x33333333333371718a3c2bb63e5f3b94c9bc13be,128,25,103
0x2f81533eeff5b9f6bf8159cee874a2a968db0305,149,149,0
0x17a9c0f1610dc132fbe01e743dace12771b3fa8e,299,97,202
0x288adfc0a0dd8c7c9a658c4b14a3c92739ecf579,98,2,96
0x1ba43d6bb1965f6ed2932786f7c717cbab6599ce,59,1,58
0x20945ca1df56d237fd40036d47e866c7dccd2114,140,139,1
0x8052327f1baf94a9dc8b26b9100f211ee3774f54,126,124,2
0x25c65721e26fa5f3c97f129f4e24972482327bc9,167,3,164
0xd79b945c14b4803de79d662e55afc56e6a6a6796,53,51,2
0x9176e11a412b6ef5e8ddb045909a14112f7782b2,89,15,74
0x786dc63ed1e3235ecef29743af84110fa197df63,57,49,8
0x3d05ade8f99833b1a99b94c7970b3e883248a7db,198,60,138
0x67a6e7372b805b430240f6a545273efa89a3c18b,229,9,220
0x1dbce54d288d71e2bc81c9d93df15c6cce199698,54,5,49
0x7da96a3891add058ada2e826306d812c638d87a7,304,304,0
0x8d4f0bf96c60b5da50cccbef89dbf611c340c3b3,57,0,57
0xcad011b3b79a3a83c576e6b2682049e296be9374,79,79,0
0x174be2a7e44072df43e6df78e11deeb48227c500,90,89,1
0x63af02a2a14945b28799696e0f45d6321fb2eee5,67,1,66
0x84f88d40b36aa01e89009c577b97ddaac98ef53c,55,35,20
0x89bf355004f031e23bc31110a3f90ed7a485fe1c,123,68,55
0xe483e27dfe801472cbd3a7c52d2568fb4bda002b,63,62,1
0x71e7afa8b3ab8e83011ce7bbbdcd76ccd7cb0660,119,0,119
0x1d3cb729db867ad24e97221c1f7da6532ca23ead,98,52,46
0xdf85a78fd65b5695ae6f9ba1880f6c6ee7f86237,25,25,0
0xa20c9604f8e64f812a5eb7b727c328f670389378,70,0,70
0x08febeb79431dbb9ef814d5dcf45a78de5da4eea,67,66,1
0x6f40d4a6237c257fff2db00fa0510deeecd303eb,147,147,0
0x50d1c9771902476076ecfc8b2a83ad6b9355a4c9,338,338,0
0xeeac6bfba0ef8b49a3a35e7742cc367e81c1954e,37,36,1
0x3c88e8db6c13840f6377a5ec9de71b3f789eef17,27,0,27
0x2cd1ff726277c087722d029435c948eceb345302,54,3,51
0x67421c8622f8e38fe9868b4636b8dc855347d570,463,177,286
0x090e53c44e8a9b6b1bca800e881455b921aec420,338,338,0
0x138ded8d927e66ddb3a417cafa9baee958162547,22,22,0
0x4ad3785ec7eed7589fa86538244a4530f962434f,414,192,222
0x9f5a92323b5613f2f0edee21efb5eb966dbf34f5,13,0,13
0x07edbd02923435fe2c141f390510178c79dbbc46,48,48,0
0x901c0be93a24a3c5e2a6c8b542cc196b468a7669,179,96,83
0x6067e1963fe613609ee61e93588e4736cbfc7800,66,49,17
0xd33eb0dc95aff1a5f6ca04ba6cc33acdf85e7f62,65,1,64
0x5375fd52707ab7c8d1b088e07169fa74b0999732,70,62,8
0x22be9a505dfec44a39a0734c1424d67ef528cdb8,85,0,85
0x8abfc9689827db7b00f67b7ebc90ee707bc07437,194,4,190
0x6144d927ee371de7e7f8221b596f3432e7a8e6d9,45,2,43
0xdcaf23e44639daf29f6532da213999d737f15aa4,217,216,1
0x3fb666e3db5d1b2736b4ee4dcbccf0724f729515,14,14,0
0x6063281bcc0ee709602a0b9c1285990918851d66,23,23,0
0x19100691b3559b586b9dae5bc0166b89a63170c7,83,3,80
0x780002ebfbaaaa03b0c7971f0464c8509d616fa1,69,69,0
0xbd3de9a069648c84d27d74d701c9fa3253098b15,114,8,106
0x69af81e73a73b40adf4f3d4223cd9b1ece623074,248,248,0
0xe785e82358879f061bc3dcac6f0444462d4b5330,321,6,315
0x0477a628bd5722f56646b094126d4489b121b5ea,288,41,247
0x716039ab9ce2780e35450b86dc6420f22460c380,107,106,1
0x02aca53594fbe6b132e8e4a9ff7e3a092f8f7762,272,94,178
0xd0211a67c850c47db1abafa51508532e46600900,48,28,20
0x2dec96736e7d24e382e25d386457f490ae64889e,197,196,1
0x9e62a8dbbaf93a6992166e3a80ac15c991987bf5,163,64,99
0x4b521fe3ec416e0226feab30226c94444f63f4e9,59,58,1
0x82c5409423bbe4838af56b5e1e6ee868013f1d57,119,92,27
0x99b539af3af904e257142ac8ed700453f47499b7,95,2,93
0xeeab9ab9e2c30bbedba61758dc669f44a651a57d,168,2,166
0xc091b26352bfe14bf543be52defe50bd7963d49e,263,258,5
0xc1a1e381389cb927f1d57511e144b644ef0c6385,191,6,185
0x264d1e3c5739de2ea7fd9429c4335b0a994cfeb3,103,66,37
0x733f699e7ee37bcadf4d6098e8accf1be5a16285,123,75,48
0xf25c91c87e0b1fd9b4064af0f427157aab0193a7,342,342,0
0x0033c144fad1ec7827e00383c0e0cd0ca672afb5,25,25,0
0xe1bad922f84b198a08292fb600319300ae32471b,185,185,0
0xd5c3240062819d34ed3aa2bd6a36d503b3744bab,188,7,181
0xeca82185adce47f39c684352b0439f030f860318,170,170,0
0x94e816f5acd7a3754fa5515bcc5aacc6a2a71d28,107,33,74
0xb3cb8d5aeff0f4d1f432f353309f47b885e404e3,56,2,54
0xfcfc8eacc436f336a80c63a7cec03d9b04c62f25,48,48,0
0x08d7c0242953446436f34b4c78fe9da38c73668d,120,52,68
0x40cf6a63c35b6886421988871f6b74cc86309940,201,168,33
0x39057da7512ea480a487034e78d5fb4525795f9a,25,0,25
0x9c354503c38481a7a7a51629142963f98ecc12d0,82,82,0
0xb2469a7dd9e154c97b99b33e88196f7024f2979e,102,13,89
0xe01569ca9b39e55bc7c0dfa09f05fa15cb4c7698,82,47,35
0x0e9d6552b85be180d941f1ca73ae3e318d2d4f1f,208,208,0
0x52f761908cc27b4d77ad7a329463cf08baf62153,190,190,0
0x77f400a7af20d22f387503dba3979ba28d8af48b,179,21,158
0x574499f704d078c63cad754b03d5577ac0d34ac7,94,88,6
0x0df7ccaf88b983c10b9cd0d6da9f7b75eec4cb44,117,42,75
0xedb171c18ce90b633db442f2a6f72874093b49ef,100,49,51
0x5e463a12840451b76fb199012ed19946b482000c,73,1,72
0x92818b9b38cdfedeae254b338561d7de3ebe0037,41,31,10
0x6dfcb04b7d2ab2069d9ba81ac643556429eb2d55,135,5,130
0xdc3b7cd57b9c7491976411591e44460ee8af1dcb,51,0,51
0x3113a3c04aebec2b77eb38eabf6a2257b580c54b,325,89,236
0x14c4471a7f6dcac4f03a81ded6253eaceff15b3d,369,4,365
0xdacc39631baeeea322d5bd905d1d453898cb0278,101,0,101
0xa25590a72150517ff3a0f6c960e4fdd8e34bf165,78,0,78
0xe3328e75e9a286550c55d0f80213f96951ffb47b,13,12,1
0x07bac35846e5ed502aa91adf6a9e7aa210f2dcbe,161,154,7
0x11739d7bd793543a6e83bd7d8601fcbcde04e798,161,1,160
0x41be64ae9acda8ffbb6814b4dc4a271de87949b3,62,58,4
0x68cb58532e31ea6fa5c46c1db5d55279d6385afa,129,42,87
0x4d5af0e264f5223ebc60dba58eae0d1f916b65ac,35,35,0
0x1575f4b5364ddbd6c9c77d1fe603e2d76432aa6a,219,2,217
0xe4a3cbfa0b27db2def20bfba80905515b0855e54,438,27,411
0x4f5fa8f2d12e5eb780f6082dd656c565c48e0f24,163,148,15
0x07e5ce0f8fa46031a1dcc8cb2530f0a52019830d,140,85,55
0x6a091a3406e0073c3cd6340122143009adac0eda,77,77,0
0xc652c1800e28add44224f2ee0c94cac5e9264e9c,81,38,43
0x3f916867a9f38aa68ad7583c7360f83387d06daf,127,57,70
0xaaca86b876ca011844b5798eca7a67591a9743c8,86,86,0
0x1559fa1b8f28238fd5d76d9f434ad86fd20d1559,157,155,2
0x5a192ff14810ecea58b977f7479f893ae919c55d,163,59,104
0x4bedc9e2c8e442e4cf5087c2860bef4f22baa809,206,141,65
0x93dede06ae3b5590af1d4c111bc54c3f717e4b35,71,71,0
0x4c1e4718818ac8327edc2552883ac9f19a5d0eaa,90,65,25
0x8270fc3b2d23de703b265b2abe008883954fea8e,95,71,24
0xf16a5b64f5a774c24218a83f6fb2c7700fb6469a,84,53,31
0x3dd49f67e9d5bc4c5e6634b3f70bfd9dc1b6bd74,104,96,8
0x11293678d2be8bdd9b17cdf10ff3b292c5fba1f1,288,203,85
0x804b95789aed9f1a8e6907625c90f0d4a7b4c75d,101,29,72
0x899336a2a86053705e65db61f52c686dcfaef548,28,11,17
0x18d9125f53316b32131651ebcdcd18af4984f485,232,31,201
0x319e0e6a5c93c218e987a48ed3f98b23712db4d8,225,28,197
0xedf5d556975509303790f53bca834230c72f3f6e,122,4,118
0x862014c9ed76dcb2a6713b8f05fa76333893f332,115,69,46
0x6712545a0d1d8595d1045ea18f2f386ffca7ca90,108,82,26
0xb35129149c58e06dd45052c1f9468a6d2be12d36,121,1,120
0x1045f5ccb01daea4f8eab055f5fcbb7c0e7c89f0,57,57,0
0x7a631cbe065c2699a07e20f608aba213b6e55db6,279,10,269
0x65d8b2bf930a0015028efcaee5af7bf61b90b76f,87,17,70
0xa130e3a33a4d84b04c3918c4e5762223ae252f80,84,1,83
0xba353c71360243fae0e06d72e564279ea2a6181c,42,19,23
0xaf89c5e115ab3437fc965224d317d09faa66ee3e,88,77,11
0x28cb7e841ee97947a86b06fa4090c8451f64c0be,192,192,0
0x2e541cec5cb41e7678ac3c8e91acb3fc1db0da07,358,151,207
0x25692da406889bf4db93f921063d9bc952bd01d0,315,52,263
0xd3ad00b80eb6547465ab9420be98ed83661dc5a9,15,15,0
0xd2669aefca82e23d1b0a94459deafd656f6b719a,341,2,339
0x73b4170a60ab6e720edff760af95c3f6b428c0e0,114,114,0
0x40210598f8e99d8a228750b57c13384e7023c3ae,82,80,2
0xcc12532e95c2a6a4c53af153b9b739a3cc9218a7,309,13,296
0x8287c7b963b405b7b8d467db9d79eec40625b13a,71,68,3
0xb7ec7bbd2d2193b47027247fc666fb342d23c4b5,195,74,121
0x390416ae4324494338293974ee6388e777fac34b,191,23,168
0x99654fd49c0e51b8029d2ba7de5b99734ab7afec,179,161,18
0x885525b82e8ab86c5f463cef0a4b19a43ef005c5,364,38,326
0xb49fa25978abf9a248b8212ab4b87277682301c0,50,50,0
0xe216c25124da07aeed48bfc160387624bd28c726,50,1,49
0xcd285ab5498cacb4b161823798f0607b6171550c,177,1,176
0x24d18547c35f2111fe36dc26c690e9e3d9db4eb3,317,4,313
0xfff46beea0dca55cc6bf39ec48e559160191093e,114,21,93
0xb99c9e436a630202e40c90ba9b65dcb610200066,89,17,72
0xdeef1d17f55deec1ae29e2839029eb5733e2425b,190,149,41
0x3218a02f8f8b5c3894ce30eb255f10bcba13e654,110,107,3
0x6327f6305331f7e0ccfcac2bca4a4a8b87afda32,475,44,431
0x469788fe6e9e9681c6ebf3bf78e7fd26fc015446,142,142,0
0x6583228ee5a616b0d7ab675d8f19fc5c9b8649d6,57,42,15
0x6bf7835eccb7ea74bbd816aad6ea6215a51e8d35,38,34,4
0x2d304c03e5fcb7e60491a7df4f59df6b0b888685,79,31,48
0xc608c683defa32a45f07f60e0bbb4cdf57ff6ff9,32,4,28
0xd627390a7997c3e0943c184fd57aa31ed8774771,42,41,1
0x28f0521c77923f107e29a5502a5a1152517f9000,247,136,111
0x6808a595649155d62fe3d5b82f3a1ac04f61cf56,87,33,54
0x5077e8a1f40b7b9e7826dfd6db100b8e16881196,101,101,0
0x2f109021afe75b949429fe30523ee7c0d5b27207,170,166,4
0x26aede53a9a3a533c4ee341922d84bc9c19dcd13,144,1,143
0xbecf19657579eb17698dcb8f56e7d52f731fa7f8,73,39,34
0x63511ef6c94e749918718e0ba667724204135fa6,91,2,89
0x0a913bead80f321e7ac35285ee10d9d922659cb7,226,226,0
0xfa5047c9c78b8877af97bdcb85db743fd7313d4a,273,232,41
0x3ca5b00ade54365fbd590d4bc397e044a13068e5,100,95,5
0x1de98b5b77fdabb0ef7bce033690b56660413f48,186,75,111
0x0144b7e66993c6bfab85581e8601f96bfe50c9df,150,107,43
0xadd2d989abf1c50c8f03d89a8912ad2ac412b803,46,1,45
0x553e9c9ff5d7c45ae49ed5edfddca441d2272bc8,69,2,67
0x21d486f6b7eb7b556978c5a0c96c79a08eb841de,62,2,60
0xb98eda42741fce2ef8ecc0e35766e59a73cc3efb,413,100,313
0xc28bc7b5ccbbce98c2280e5a87e931bff6496988,83,82,1
0x3a5051566b2241285be871f650c445a88a970edd,205,7,198
0xc969e2cbf0be089d938256ebe3931c2416d8a109,31,24,7
0xc2535dfb210121227609a15506d3a4b94da6bece,209,4,205
0xcab988394304d9a61aa8b61fb32b8130e3f6f68f,210,57,153
0x5ea82c27efc7634f1c5ad20a3561c453433a2f3a,48,18,30
0xe86eb3f48c9d5bd16dae6d3833ecc355abfb948b,477,6,471
0xbe83f11d3900f3a13d8d12fb62f5e85646cda45e,407,128,279
0xc8f7e62532b19a3ffce589c0047d29d492e03835,29,5,24
0x3bcb740538902d5473d554bf6aad1218228f37e0,112,2,110
0x34950ff2b487d9e5282c5ab342d08a2f712eb79f,191,191,0
0x320e2fa93a4010ba47edcde762802374bac8d3f7,194,76,118
0x19854c9a5ffa8116f48f984bdf946fb9cea9b5f7,176,176,0
0x1db61fc42a843bad4d91a2d788789ea4055b8613,357,113,244
0x2f14f1b6c350c41801b2b7ba9445670d7e2ffc70,175,160,15
0xec7726b20f93e7a5e8c4306e1850ca9c0310254a,125,124,1
0x6add0e64aee8e6741f5362dac3b165f95d992b27,80,22,58
0x7815bda662050d84718b988735218cffd32f75ea,77,3,74
0xd713408ba041f4e47edd6c8e932b8b0ed3287650,65,49,16
0xa849eaae994fb86afa73382e9bd88c2b6b18dc71,483,483,0
0x329ee913aeb384822a96c71b609736c77aa5e8a3,390,389,1
0xd9917441c1ed53d5a8bcf4b94d26d02609944bdf,174,3,171
0xf32e1bde889ecf672ffae863721c8f7d280f853b,155,118,37
0x04e9a79e9ee24a47f35d9249cff70d882b758fa8,52,0,52
0x336b45f90d74a3263a9a11b7e2d76730886afa9e,172,41,131
0xd4275e04dbe82526e4a17ac0fb8f509b6080a455,210,210,0
0x86be523761058d3ef23a7f4d6a78c3e29f63d0d7,97,0,97
0x9e350d5e5a811a09d654a236c5434da983d199f7,60,3,57
0x9ba658650884fb36f3423d1ce2ee6d2a51361a99,113,1,112
0x3290f349a0642229b46b7102d2024b34fe8bd3cc,112,1,111
0x718a1a78fdfaea3ebfc3ff3d8414f8564bb02e60,56,55,1
0xedabe9454a494d4865908e7436e05d14417fd8e7,63,0,63
0xc77b230f31b517f1ef362e59c173c2be6540b5e8,180,180,0
0xf1caf2b40b58917a89da562b5b0c38ba883a9384,135,79,56
0x9940bb667f64fca06fc4127861855696def7c69d,275,59,216
0x26cbc7008cd879f4b63b69a915378f2d9b17bbf0,112,112,0
0x9301d43f0a751cecf7240b76716c25d9f744a2ab,200,2,198
0x77fda43066435d6b768c58c9749f17906967f60b,45,1,44
0x9d6a7159e5accfc6520932f0f81a47e2ffd349a3,275,249,26
0x9f77ec684bebd3389170855051e4737166438b35,65,0,65
0x9fc8f0ca1668e87294941b7f627e9c15ea06b459,161,83,78
0x330ceed8e9fc1c5051389fe435c8574a22efd6b2,53,0,53
0xb6e438f96381253b233c40c7a5cedcaed77f4398,25,1,24
0xddac9c604ba6bc4acec0fbb485b83f390ecf2f31,188,59,129
0x5501024ddb740266fa0d69d19809ec86db5e3f8b,116,107,9
0x38bc3dfcb02e62011095bd79536673303552a799,371,371,0
0x555d4e319d6508fb9fb0a54882a5b5e98ea74121,76,72,4
0x7a0543d5ff06c42c8fb17e58b8c2a51b68ed0c79,25,4,21
0x524a5acff466d893717fbdbf7cb8cfa949adf19a,78,77,1
0xa5349c4097607e54fe9c5426f5e882f70d0bce68,77,39,38
0x64f1f2f88349e6a256b5fa582d3547350e099e81,219,5,214
0x3b5932c43f345d422a4dbf6e7ae486cafb85f1d5,74,74,0
0xff3dc68e39313a874e1aa21183c94b1da73fbf98,115,115,0
0xeedcd8448bc38a6f43a3aa18651f44782c318fd0,70,44,26
0x3bf42951001bb7cb3cc303068fe87debf696ee3d,211,96,115
0x4bd70556ae3f8a6ec6c4080a0c327b24325438f3,295,295,0
0xbb0e17ef65f82ab018d8edd776e8dd940327b28b,345,345,0
0x9f4a06774b30177206685840e31269ac1ef234e7,52,1,51
0x3b8420eb6ef77bc25025b32d8205cde2683f979e,134,42,92
0x3cf57cc9cf5263748c6f926ff498ac0c6f95b26e,237,1,236
0xcc15b249f8ac06b4a56deb5627afcef061df45a4,43,2,41
0x2c33b28527a63cdf13c0b24ce4cf5bf9c9fb3bc6,132,12,120
0xe182af6be923b29f6a53855d5571fdd96b21d93a,324,228,96
0xff2351228add6cb04e6694af4258368435eb0ce3,111,2,109
0x2c2f7e7c5604d162d75641256b80f1bf6f4dc796,82,82,0
0x77fba179c79de5b7653f68b5039af940ada60ce0,270,225,45
0xf40b0395a45b82044178b6f9cf308a052d20088a,75,3,72
0x638c082e5fed7d42c8665bfd395ee516fdcf2d87,69,52,17
0xbe3026082402c7bb344729ce3a51b259bf1e5915,332,13,319
0x19062190b1925b5b6689d7073fdfc8c2976ef8cb,147,134,13
0x8d7c3e9f145db8290601ec8b9d7c2af7f9f81fba,90,66,24
0x33ec109543f41c9d7b01fcc054c9d779f11f758a,113,113,0
0xb59490ab09a0f526cc7305822ac65f2ab12f9723,173,173,0
0x5266c5aca260818be013c80bd9ed5ba0f3d49070,169,129,40
0x5de7cc4bcbca31c473f6d2f27825cfb09cc0bb16,84,80,4
0x0d87d35dc73056484e4e41300a810dc58ad1d668,41,20,21
0x49907029e80de1cbb3a46fd44247bf8ba8b5f12f,180,99,81
0x41a70a616a35cbfa00cc0319748f281396366736,148,35,113
0x92ec47df1aa167806dfa4916d9cfb99da6953b8f,119,119,0
0x664ac093f047a131403e9b1cbe3ff1df7e756429,89,79,10
0x7b75e328829f66bb1da0b3bcbe7e8123751a05f7,36,36,0
0xa32210529c69cca8cfc58dbfdbf06654288462f5,186,40,146
0x178c820f862b14f316509ec36b13123da19a6054,368,368,0
0x066d498c64faf49c265ccfc522b8b3a37449c177,71,70,1
0xc789858e3b777aa6b7b209921d9368c4e898167e,107,0,107
0xbc396689893d065f41bc2c6ecbee5e0085233447,268,235,33
0x69cdc3245c714a6b99cea9b43869e2b893a031ad,76,75,1
0x4b85bcc3c388d15aae3c34edf019b7411a506766,47,43,4
0xeae8dd0b39e81e90b60cabc48e4de0b2df649bc9,49,1,48
0xabb43e76eed01f5c406334830b6124db7f7eeb34,60,35,25
0x6e1404a557850551edaa9fd1311c9297baf7bd52,405,36,369
0x659a00c33263d9254fed382de81349426c795bb6,84,84,0
0x45fb0ebeb161f175c4b2e7e3b5799e97d656ee3b,83,54,29
0xd13e468e0a526b5042521b0fd658454242472ea7,143,6,137
0xc7c962e44316e0c052448a0fdd1da15ea24fa9a9,149,75,74
0xc7c5f14d8b33607b349d6a6022d280ef46dd9568,275,100,175
0xd7d8f3b8bc8bc48d3acc37879eaba7b85889fa52,59,46,13
0x1671edda71662725d01596498b7d83361681ba3c,136,81,55
0x327de1b1af3989cab98ec08a4c87c4841034e517,97,61,36
0x519272821dddb3afc7accd1823b674d30946185e,133,107,26
0x63ab6f1fee7a46ab7baceb152f7b39a899b2c056,70,0,70
0xcdaa2b5257bce7718d5b866a967141bc3c557133,193,52,141
0x6a8e8ea5533170c2b5dbef1e44544d57349eff56,155,154,1
0xa86359c1ad8c0483a1a49b37ea3646deaf6e342a,442,179,263
0xa65ba71d653f62c64d97099b58d25a955eb374a0,329,173,156
0xdf290b162a7d3e0a328cf198308d421954f08b94,77,77,0
0xb852c6b5892256c264cc2c888ea462189154d8d7,441,218,223
0x48ee4932a3e78c0451d572fe688efb2e39b6a567,271,100,171
0x127e479ac59a1ea76afdedf830fecc2909aa4cae,269,128,141
0x8f693ca8d21b157107184d29d398a8d082b38b76,107,3,104
0x1e283601f53032d9aac8dc73632f4e482e761c70,127,4,123
0x40b1c0fc7c9849298ce4fe57d06aa44b03588ffc,124,4,120
0x0ff5a8451a839f5f0bb3562689d9a44089738d11,71,67,4
0x5dfeb75abae11b138a16583e03a2be17740eaded,197,110,87
0x8ba5721062282e66238a9f01a52716102124f6d5,60,19,41
0xe83dd605b70b47c8af86580bdd4fcb987ff36e60,95,2,93
0x88d85f72cb543a3e2a0ec22b056037646969164a,31,30,1
0x79f512e549ce166fcd95db52a7c4f66832496a95,27,27,0
0xfdf27d7c95eac62d86979e2d73fffbcf380fa9fe,86,0,86
0xe41c7e05838f180938ad08643d7a2fe0a9e5f4e4,132,3,129
0xee573a945b01b788b9287ce062a0cfc15be9fd86,224,224,0
0x441761326490cacf7af299725b6292597ee822c2,281,281,0
0xe8342f37a8bebe07a2c6f7f7409539650e2ccce3,43,2,41
0x7a6edcf89f9b543158bbca5c8983cae6cdbb5053,408,1,407
0xf1b99e3e573a1a9c5e6b2ce818b617f0e664e86b,74,72,2
0xbea3026f13a9d944f87fea6be910e23a2e0fcc58,206,150,56
0xbd2fbaf2dc95bd78cf1cd3c5235b33d1165e6797,136,136,0
0x6f2ddd6417bc575390166edbcb7bbc8278e443e4,73,0,73
0xbfd2cfa581253ef250bfe328e9d1f2ee07bf5744,59,2,57
0x98c7fa114b2fe921ba97f628e9dcb72890491721,191,41,150
0x79c8817d3561be1ea789eda02adb8c70c61cdd38,20,17,3
0xef3af51bd327ea667ed7ba73c96ad0d5cfa8dde3,28,27,1
0x4377120e5690b579b08a07f7164c9a4dbd540ed8,88,0,88
0x947872ad4d95e89e513d7202550a810ac1b626cc,85,85,0
0xefb47fcfcad4f96c83d4ca676842fb03ef20a477,132,132,0
0x501804b374ef06fa9c427476147ac09f1551b9a0,177,177,0
0x4c0c7a2d85be0fc70d44a0f69e1d1baed93ed820,105,2,103
0x95ab7a1f8cf303a9724e077b34483372907e0701,218,0,218
0xc1339cf4c27d29b5bd1faa90739ad1e2d4a8b9cb,426,426,0
0xb74dda1dd3faf7102a12200a4eba9aea6547939c,322,320,2
0x1321f1f1aa541a56c31682c57b80ecfccd9bb288,115,5,110
0xcfd74a41812c0f864d38a8aa10f48b84a2f6d59d,20,19,1
0x7d8d74b44b433ca6f134e43eec1e63b0c43eeafa,60,19,41
0x4c1f922ec4c18312efc384bf58cf72271af260ce,36,19,17
0x984eea281bf65638ac6ed30c4ff7977ea7fe0433,148,20,128
0xbe34652ed180bda7b9a757bac71a22e681c06c5f,61,2,59
0x500f312864d14bcc73b3760c55fe6567b193437f,307,135,172
0x2a9bdcff37ab68b95a53435adfd8892e86084f93,176,64,112
0xd0c3cd7ac1109593e31150098ef77abe3ff18f98,109,17,92
0x3cbb7f5d7499af626026e96a2f05df806f2200dc,74,73,1
0xca77bdc583c13eb9714b108581b269d2e239eee0,60,60,0
0xe91852c1c7fd57e3b11a51f2904584e3d5bdd279,76,75,1
0xc2faa7cf625b8adadbe423738c269558dc909d41,151,29,122
0x09233d553058c2f42ba751c87816a8e9fae7ef10,242,227,15
0xd779eea9936b4e323cddff2529eb6f13d0a4d66e,55,55,0
0xf53bb7d247670452409b13f2e0522b0cd4f6b63b,48,1,47
0x76f3a1ef80a1142f9bd2b868d59ab75a1c0916d4,191,1,190
0xa333f9722b4980f4aca6e897f97193b25a719bf5,200,175,25
0x06fd3999fa72163c6f21f649587e6b6d670cdc8b,497,188,309
0xa7eef6bec65ce5ca524dbe0490aafb52bf4da650,139,1,138
0xbae401c0e6bf3bb3f128c774c9bc1e29e74ed8f8,238,0,238
0xc8bcbe0e8ae36d8f9238cd320ef6de88784b1734,173,6,167
0x95d2dbb007b66c47aedc1fb5b50f6ae1221db8d4,253,233,20
0xa5b866070675dacef0e36497d756547fbb60afeb,238,136,102
0xcf8896d28b905cefd5ffbddd5dbfa0eeff8d938b,436,3,433
0x49a470186e3704424e2a044e5a8adc637815b3ec,156,4,152
0x537edd52ebcb9f48ff2f8a28c51fcdb9d6a6e0d4,100,100,0
0x84845c3b92656c3459f8d704dfbc6a3830a94fe3,141,2,139
0x52bbfadd3a0d24f76a9e78a5e6fd08dab65daa14,36,36,0
0x1720d3a3984c75e6514316c5aec903651e4abe28,218,70,148
0xb5893a75b74f9caccd3c23b4a974db5f53b4e9d2,252,251,1
0x09007e5a45bcfca2fdf8fe320d331af889f88256,252,237,15
0x6c709966ead8fdc5bc6d49463d258b9d3432fe38,399,12,387
0xe4ee205af5113e479a0f2fbd25be2ef0c17f952d,302,4,298
0x06b3e0f4674474232b6cee01e14d7ddb08a04fbf,379,4,375
0xd501900646641eaf5755758e11eeaa43df691924,107,107,0
0x3e27ac534fa21504dbceb0ca45d6822f1d02c5fe,214,210,4
0x383518188c0c6d7730d91b2c03a03c837814a899,277,277,0
0x69a04d373e3e2db13027e9d584eb8203d46a86c7,108,1,107
0x22b04a99ae8cf14248eeb6ceeb6b6b536673cc71,89,2,87
0x36f17bd0f7028c784b2e0c9b5a65dbe071a902d7,52,52,0
0xd912549092633fb0a21aac81c7c41de168ab31df,183,28,155
0xdd01a768ac00814325c0fa6d3314f0ef3fc19ac0,39,3,36
0x1bc1ba41156c4b2cf194d3006ba59bd142c2b55b,72,25,47
0xd20969460645add745f3f490d0f7aee1be60b741,417,2,415
0xcfef8857e9c80e3440a823971420f7fa5f62f020,83,83,0
0x863f7abaf3d279d301a1d5c6e1f321e2cd2b428d,145,6,139
0x87dcb78443f9814e300f5dafe8eaf46a34832742,308,112,196
0xf725f73caee250ae384ec38bb2c77c38ef2cccea,90,67,23
0xee467844905022d2a6cc1da7a0b555608faae751,180,0,180
0xaa792d94af4743b8b299cafbf07d6e832af48616,136,3,133
0x78fd3fa3ce045f59eb8c4dc7c21906295a8e3ab4,341,279,62
0xc1830ab819941dd996567981d35f6e82162d44f0,408,1,407
0x4a9271911a7fcdef1159a8e6bf9874b28dced5c6,79,65,14
0x12632d6e11c6bbc0c53f3e281ea675e5899a5df5,428,101,327
0x980e7bd1448a547ac501510881367dd2c4c8dcb4,28,0,28
0xd0c37cda48fe5d6ee7132181a90dc58206db5404,108,0,108
0x53e8ed5311d4815cb39007a5eadbea42d6d1046c,60,34,26
0x43f11c02439e2736800433b4594994bd43cd066d,409,161,248
0x180ce135fffdc4e47c58ae7b7e5463b62fc4d4c2,60,29,31
0xde7d85157d9714eadf595045cc12ca4a5f3e2adb,215,215,0
0xd8537b0ea5b21ca39af493525a3c54b6fa8f32b3,146,60,86
0xde67d5219e7e660204f7dbd448b801d9fe700e13,32,8,24
0x262fa0f6a1d7d0a4b74463d38e0dd4de51d55b40,45,43,2
0x6b1bff72f00cc147b5dc7a5b156fe7a6fd206dda,252,252,0
0x5930db0f73b9bcf40f42d72dabbfdd16249ec5be,159,42,117
0xd0d42005e7b3c0812b1268f0e5faf97ff2423651,321,65,256
0x5216db4d4cb22d1ba38866867c38d8e862974e82,266,100,166
0x9aa62baa781021b32f011733fccae843a5dc0fff,139,25,114
0xa088ac5a19c28c882d71725c268244b233cffc62,74,69,5
0x991a546a167ceb2a6a7c344c9d85269ac03035d9,73,0,73
0x9cc3a20d9e7789e5ad5f0b86edf2a65f55d26b41,81,0,81
0xc7ea7beb0606f2b7fb984206e363228456000bf8,43,0,43
0xd9c036e9eef725e5aca4a22239a23feb47c3f05d,254,95,159
0xfc1e1fd1d25d915c7eae1ece7112eb141dca540d,317,317,0
0x3acce66cd37518a6d77d9ea3039e00b3a2955460,297,192,105
0x26d2edd9bce916b9fecab9f3196367033dfef036,68,11,57
0x6f149d6738ad1001bbeb61814cd1fad92ef5ec6d,34,33,1
0x12bb890508c125661e03b09ec06e404bc9289040,134,132,2
0xc5ca1ebf6e912e49a6a70bb0385ea065061a4f09,88,5,83
0x80b71d526bd9201078433bb3baf84feb6eba38da,74,73,1
0xc25a3a3b969415c80451098fa907ec722572917f,143,143,0
0x83677aa1068b453c0b2b7e9b0e0df499af5f71e0,18,0,18
0x64f35f96db9b2f54d258ec677332f24aa4846271,41,40,1
0xafcdd4f666c84fed1d8bd825aa762e3714f652c9,101,83,18
0xa086cd8e22d1e51735a2c338149ce62758d7b4ba,381,204,177
0xf8c3527cc04340b208c854e985240c02f7b7793f,253,253,0
0x9c86c3f09406395d2cdac14e1415dc88a4a1806b,88,88,0
0x0ec73b8ae55076877c149c9c3de513ed51021781,144,1,143
0x4e76fc610da679c9d07c7d640831ad6ff81e0252,65,65,0
0x837704ec8dfec198789baf061d6e93b0e1555da6,249,249,0
0x808507121b80c02388fad14726482e061b8da827,125,124,1
0x379ef659d6324803ebe07ca367038f644d50c00c,158,80,78
0xda3643af97eb050b79067aff8b3d72254505df86,46,29,17
0x934cdc04c434b8dbf3e1265f4f198d70566f7355,113,113,0
0x30a663f66fa4689b5482bc24df164ab6891b5bdb,258,257,1
0x3818eff63418e0a0ba3980aba5ff388b029b6d90,72,72,0
0x7d0e26ae212734656f410bdbb53eb3d665b46b3f,176,101,75
0xabc207502ea88d9bca29b95cd2eee5f0d7936418,130,130,0
0xc55c2175e90a46602fd42e931f62b3acc1a013ca,148,144,4
0x3d6a1f739e471c61328eb8a8d8d998e591c0fd42,287,287,0
0xcb4307f1c3b5556256748ddf5b86e81258990b3c,445,105,340
0x5208390b80f7e4dd63b691896b8677b21fafbc32,140,139,1
0x6e4785c6d10c8d5069f58be330862ef77ccf0f92,79,1,78
0x55724d388aeb791f64ba42ee918a38ee28a39f19,92,91,1
0x744cb7dfd307d09d00a6e2b536ee616f3f897bdd,153,4,149
0xc8805cebd927941a3b26e2edced20d666fb118ba,86,86,0
0x97c3522f1900b9a075aeb513d956127627b5f86c,13,8,5
0xac010690e41fb5c6f9d66cc33bd78c2f8eca9a2f,253,52,201
0x26248302283dc5cc6352ce3e85a261fee481fd07,64,61,3
0xd5525d397898e5502075ea5e830d8914f6f0affe,182,177,5
0x534d37c630b7e4d2a6c1e064f3a2632739e9ee04,182,128,54
0xb3bc23be3e63532ca48a77cae930393b1c058ba5,24,21,3
0x4758f5189cecb2384e54389d1439cb8ebaf15565,187,33,154
0x17b8ef727a48c47a3dd545435fdaba9194cf3899,96,4,92
0xea917326e8a95299c02655fe947962c43a11487f,73,71,2
0x7bc7adff8ff3521297a33fed5df169955e27543d,160,7,153
0x8ddfd6149ddd2e34ff029291c27d6a8ed39b8e8b,63,40,23
0x5edd5f803b831b47715ad3e11a90dd244f0cd0a9,319,137,182
0x0ee9acaebf415c0a9dc5e80ffee724ec5a105cc5,15,7,8
0x92491c8871ef7e06921f29238674caf54652f218,143,4,139
0xe8e9d211f9aa4b139b6a0ad59b6694be509f148d,65,51,14
0x5abc7358d287c26f07e4b8760ea0c8be4483234e,145,100,45
0x27013d274aa60c6e6883aa2130e8b01249eb11d4,155,62,93
0x47d182f57202af56d19d85a351cb18afb8b7ac16,183,1,182
0x4c11249814f11b9346808179cf06e71ac328c1b5,271,271,0
0x0ea256a96999647a07d63ba2a02823c30abf8c3a,62,60,2
0xb31ef9e52d94d4120eb44fe1ddfde5b4654a6515,118,117,1
0xf2e63dcf2a215826ddc3c543f495da807becaaea,71,70,1
0x6c5f5e5a5bb4a140789c090c3f80cc875078c6db,104,78,26
0xf49f43c1e8b0c8ac13e63ec7921692a199029d49,51,20,31
0x5e3217b92a69147ec6e8675669819ed718ad6b4a,47,46,1
0xdaeecd365bcec74656bd4068879db469e815641d,247,141,106
0xd40631f897b0d9bde80b27785a94e5f908548af1,83,83,0
0xfd7869963a29e18c66c90715c6621fbed5bf81c9,34,27,7
0x4e19034ad1f56f0208e38caecb24b4557a64b428,70,57,13
0x87821c7fe32753ce37a293ed6e05bef789bb968b,100,100,0
0xf3eb8b90c763b8b2b53e7819ac27eca8f94c8ec2,73,72,1
0xb48eb7b72ff5a4b5ef044ea9e706c990bb33884d,144,95,49
0x738e19cbe9f0443772b0ccce45d9fd8f98057850,334,58,276
0x70e8de73ce538da2beed35d14187f6959a8eca96,158,158,0
0x96cc3c13fe49c463fbc5ef020d277778fa84fe7d,67,1,66
0x77372f52b61d8a2946a73ca3a00c02e8c7b588de,52,1,51
0xaf4dce16da2877f8c9e00544c93b62ac40631f16,364,364,0
0x3c48ca59bf2699e51d4974d4b6d284ae52076e5e,51,51,0
0x89af532726f48b7e77ae60705e166252e9dcde15,145,3,142
0x64de91f5a373cd4c28de3600cb34c7c6ce410c85,304,304,0
0xe381b9b1a7f778b27543dcf3da7f4305f38e0233,38,4,34
0xffffffff2ba8f66d4e51811c5190992176930278,151,151,0
0x52ec2f3d7c5977a8e558c8d9c6000b615098e8fc,32,16,16
0xedaa587ff5b31d8ba58c6d9c21f063f52b68cad6,46,44,2
0x2026fa4824470429f20a12655325428bdcc4db6a,41,0,41
0x9c066824f00b9f444f6d56f29c949a07eaab39fc,85,63,22
0xb8be3baea710c42b1fee566f1086b169b726f4a8,239,82,157
0x4717b54e2f36e62d0cb55495196ff13943e86d81,21,2,19
0x1c96e737e576de9d44dabe5751afc86a91a25903,268,35,233
0xd5f06d23ec4d75ddc3bebeb0c133a14018d45a45,108,107,1
0x116aebbad1c8226c80f9f0cb4e255540a0f7afd9,120,112,8
0x31d4c5be1082a88f2abafea549b6c189c2cf057f,295,212,83
0x8d609bd201beaea7dccbfbd9c22851e23da68691,414,124,290
0x7887f40763ace5f0e8320181fd5b42776d35b1ff,306,7,299
0x508d06b8f3a4b0fd363239ce61e0c4b0b82f3626,182,65,117
0x3c31929c6781c603d7526fa57d86497497951fd7,40,2,38
0x1ed89eb526a8be0ac8c5f7a1646698c6913029e1,94,75,19
0xb3c60348a8f8ed8b260fd1966c9f2b740e6caedf,31,1,30
0xe41bea6888f771a0c16d7188284522b76c135252,118,118,0
0x0e64e8432a259c52846acdaf4e529125e840160f,125,124,1
0x464fdb8affc9bac185a7393fd4298137866dcfb8,83,83,0
0x06911466341299d79e9e1368a016c73d009691cc,118,24,94
0xa47da714d0265c012e85703fa7280d69fd5961df,74,56,18
0x0d51e692be786b8dfd0620b0286e1f45e75b4d28,228,131,97
0xd376e16ac4d2160541048e08eb95001b6b8f1a68,51,32,19
0x7ea61250bc132cfa1ac90b266241038376406e5b,28,18,10
0xa1f60f41473b40b2fb894a17fe3f8e62ae8d3289,285,0,285
0x88cb253d4c8cab8cdf7948a9251db85a13669e23,83,83,0
0x3a0916f7a5b1abbc468805358546667e186c8d7c,56,0,56
0xd5bf9e015755489d7f8e1465ce3d82cc550efec8,65,1,64
0x3019227b2b8493e45bf5d25302139c9a2713bf15,93,17,76
0x4d0d840f32c8def495170318dd052f2d082d4906,105,105,0
0x0c684b8c37bbd3e58dfde822025591d15c030cd9,289,12,277
0xfb13dfc9f8f3eeddd7c9b581d0d7cf367513ff7c,223,191,32
0xf2b61b55c5eb86be3ca698d547c3b2f11b6902ab,79,46,33
0x6d0683ed0f79411bd6bd1f5d517ede248ead34ad,81,1,80
0xc146b7cdbaff065090077151d391f4c96aa09e0c,158,49,109
0x3bf254b6e2c616a72e1540cdfd17533ac9f57891,143,4,139
0x551e8866512183c35176752741cfd3ce9e3a6c0e,63,0,63
0x963b9e20321cab408f3b35520f0fe3f54148f508,135,78,57
0xa5d9a0247b75353f3d756d321e3f4db59528c82c,229,68,161
0x91f42059d9258f82544267abca56af6b1487e727,87,86,1
0xc6e9bc3acd4121dd4fab8f440dacb854b0ea86f0,19,3,16
0xe31107697ac27303a12de3f17b89b53a33a1696e,19,4,15
0xee37e56f3a47d7c752c92407064f96077338fd5d,100,17,83
0x5a7c2faf1f08314a1c24f4e09f452d4eb11f6eec,324,0,324
0xe2d310cb8992b3fa1051ba4710f41c43eb5bba5d,60,53,7
0x839e73a4f3826702332d807abfcfe417211dc192,37,0,37
0x849ba2278cdae7fa7006c0661fea1c35d5af3336,63,1,62
0x334238e4e2ea83c3695f90c40f7608cb78ea5c79,45,39,6
0xf3545dd41364ceb7aad568f4b60981b49c81d81d,37,1,36
0x3266724e4e58e5891eb30e6d329ba119a192483c,116,11,105
0xd3c4163e18aaebe43b4fc8b1a53dc3241fb3d017,42,19,23
0x568a6f14c8096983b341b5514930a45637e13222,225,35,190
0x25a339134e8eeedc9b73a51f2a4aebeaa1ae7b97,39,29,10
0x65f9f7f4a4ddd517b35c9357f575f0f1df431cbc,81,13,68
0x6cc8e06d647883868f2d3149b0ea0734fd67f3e4,316,300,16
0xa3b7cee4e082183e69a03fc03476f28b12c545a7,113,112,1
0xcafe001067cdef266afb7eb5a286dcfd277f3de5,130,38,92
0xb0eac62cfaa83d774a0ee5cd12c48b1f9e245513,45,42,3
0x04969cd041c0cafb6ac462bd65b536a5bdb3a670,178,174,4
0xabf9e19cdd5d46bf13f94570d37db8d70b592e1d,33,22,11
0xf1d13c4045a345df643e930f3c1a041262e9a143,77,2,75
0x72b886d09c117654ab7da13a14d603001de0b777,130,130,0
0x5d95c4c73e152727750df27ff7da1c7169430dd6,147,5,142
0x7ff4169a6b5122b664c51c95727d87750ec07c84,337,138,199
0x4f225aade82ab59d19808a6b4a04562d562cbaa9,187,2,185
0x1b890fd37cd50bea59346fc2f8ddb7cd9f5fabd5,61,61,0
0x9192249b95d0d3dacb3a0b0cd93560f4209c7493,3,1,2
0x1f27b6676aed74571c86a9a2684f86af8960a1d8,354,349,5
0x970d5e0bd5c4f193fccf7fd579590c5f5c69b2d9,141,28,113
0xff36ca1396d2a9016869274f1017d6c2139f495e,50,2,48
0xe3155db13b2be4866b7723b1458eb9611b838930,92,3,89
0xadb0739822374a05653f513683ddbeba3cc81f2e,187,100,87
0x818bab157da988549f570e6e71ac8c6c68719b26,107,3,104
0x26db7c201cf83b0a5f4e764e854b9f108ef0e71c,184,181,3
0x920e4cc5c50548ed2825de9e380a4d7b2a7ff143,158,32,126
0xf50a07e4ff052a14f3f608da8936d8ae0ed5be50,65,4,61
0x00fa82ea9be4e24ec6d7ed86ef93bfe85b9a3e68,74,33,41
0xacacef43b4a695c06daab79725477327bdcbfd0b,48,46,2
0xca62ec42a1f25db13a55a4ef65dadf8c5ee260e8,349,348,1
0x8cedab98796b84cd7f3938d437e833079f59f7be,216,6,210
0x28d4a32e275ebb5f16d14ef924281ddcade9a683,24,15,9
0x4c19596f5aaff459fa38b0f7ed92f11ae6543784,443,443,0
0xac43f1c3dec807ceab45e9ab3327126aa69b7a26,191,162,29
0x8b3dc8d4edd8944bb8ef11913af9c3b55140805d,249,157,92
0x96f98ed74639689c3a11daf38ef86e59f43417d3,389,389,0
0x34b6f5aa05d2bf9e524d5f0f5fa8cea6dbef2bcd,447,5,442
0xb9b2fae0086a14f626af91da173ec48233b7ab89,159,2,157
0xdc4cdd5db9ee777efd891690dc283638cb3a5f94,151,0,151
0x9e04f519b094f5f8210441e285f603f4d2b50084,60,1,59
0xa42707dd8e034ce97945e7cc107fc593772602ce,76,75,1
0x2f71f82d082cf7ece361f5992679fadd52b645a9,118,15,103
0xbd110e74055130ba1cd2fb4c4f9999eaececd889,93,6,87
0x558b43902dac85134c72a2b948e8db597e2992f0,21,21,0
0x765df6da33c1ec1f83be42db171d7ee334a46df5,177,5,172
0xf2bca53f401c0f53ca78e9270efd1f7b5330b522,87,1,86
0xd633587a06e396d8bab8083bb70e0bda31911408,71,0,71
0x3e501e96e8db608dcb88bccb6858c79da1af3e09,34,30,4
0xb474842a8c01d9de15b2781462673e1ac62bd5ce,33,33,0
0x63f88a2298a5c4aee3c216aa6d926b184a4b2437,340,340,0
0xf04ceb03901cb0ff4cc423a270f42898194c65fa,121,20,101
0x2a036569dbbe7730d69ed664b74412e49f43c2c0,124,5,119
0xc4c75f2a0cb1a9acc33929512dc9733ea1fd6fde,217,89,128
0x43835ca7646c07b6933d0c1c16ddc41c4cb5600e,179,49,130
0x8a90cab2b38dba80c64b7734e58ee1db38b8992e,468,12,456
0xf170dc852241822f16f2c51d8f0f58164a863f79,31,19,12
0xb7bceb36c5f0f8ec1fb67aaeeed2d7252112ea21,326,326,0
0x7e5f21576c3eb6796de56c21f09b93e1677050e0,46,24,22
0x9c99d7f09d4a7e23ea4e36aec4cb590c5bbdb0e2,165,102,63
0x0a16305612706b4eabce43247d61fe7fbed708e4,395,34,361
0xee8ba81d3aab92ff5592652f32028078f919af8a,104,3,101
0x9f5a47429d263f5f6c0d3c7423364e73f6fc3174,371,124,247
0xe22d6d84e048f08687c087561a350a33d8af7cc1,66,49,17
0x2fc52c61fb0c03489649311989ce2689d93dc1a2,144,9,135
0x3d6ab55fb262f786ba1e9d1172657fb2d462f1f8,308,281,27
0x88c2177f954a36ba4b138c772db8707d41c13cd9,14,14,0
0xfac0b889703ab4db3426ef67d437bee3408941ac,136,5,131
0x6d3ab34f42f8ecf7645f05c343f8d520e0764589,56,44,12
0x87e0864de88c60c5d11d51647e5bf12db3974674,46,46,0
0xd73ca0d13e2bba8fbc6cfe60c8fd5753563da1de,20,8,12
0x4d93224bd835296da871043349f6f58e820bd9cc,24,24,0
0x24ed24f98965acad3109bf0786dcc67f7496ba55,77,53,24
0xc67f5e3a5b697ae004edd8f84925189a81c6dc4b,79,61,18
0x2dff22dcb59d6729ed543188033ce102f14ef0d1,238,4,234
0x32ddbb0fc65bb53e1f7d6dc1c2a713e9a695b75b,196,121,75
0x809826cceab68c387726af962713b64cb5cb3cca,433,433,0
0x8035d57f384b79ac0f808359630daf479fbe80d9,46,33,13
0x66f73d0fd4161cfad4302dc145ff994375c13475,57,57,0
0x13e7d08ed191346d9fee3b46a91c1596393dcd66,190,34,156
0xd8a5d498ab43ed060cb6629b97a19e3e4276dd9f,305,190,115
0x6f2235864cf897078fcdcc2854b76c482cd16874,210,210,0
0xc7df86762ba83f2a6197e1ff9bb40ae0f696b9e6,163,111,52
0xda0c94c73d127ee191955fb46bacd7ff999b2bcd,44,44,0
0xfb5c6815ca3ac72ce9f5006869ae67f18bf77006,146,4,142
0x12770beb72920bcdff7b132e207040691dd27213,111,23,88
0xd98827cad6c190ecc5bff92cdceae8b167f468c2,115,58,57
0x90d9fb9cd52fd640f589c1e74955ef573ce63ca6,97,51,46
0xd186db306f8bbdd515663e3880b2a94c16fa58b2,358,326,32
0x172700a7dbbf92ee1db1474f956fd1078d2d0a00,41,12,29
0xf297f8970ef3dadb3beb6de78b135debaad3a626,164,88,76
0x3d198d8c45c3d2adec3eefd1a550947718b200f7,37,18,19
0x883ba661fd9824778ff14a97f3a03eb324540201,170,54,116
0xdbd9f2007fc114306b078edd1b832af3ad5c2980,36,34,2
0x229d314730a8bc5547f05bf54163c20cfe8e013b,40,37,3
0x5a1912749d2b7c3cdb832b81601c8c3f437a0de8,32,32,0
0xcf8918df752ad873b79f8ea05a80ad8fd02a64e6,257,40,217
0xc2c0fb5194cd13f282005f49c40613040ef685a4,48,48,0
0x785433d8b06d77d68df6be63944742130a4530d1,368,101,267
0xa93a4c25bc4c5395c66adfb53e264bd870ca2876,431,431,0
0xf0f9d895aca5c8678f706fb8216fa22957685a13,338,338,0
0xe1c7e30c42c24582888c758984f6e382096786bd,206,206,0
0xbd4b2dd8fbcecb2af5904ff5f218037b0f693275,39,39,0
0x2c9c19ce3b15ae77c6d80aec3c1194cfd6f7f3fa,88,88,0
0x71381aa65eaa38e77bf14ae450da9f6202eb59fa,45,6,39
0x1fd389ac8e6c958b0f01067540fdff8a11488201,27,26,1
0xa7e36cbe8c97d9fb48dbf5587fd7e78cf13e552e,45,22,23
0xc89c55c62128b8ae7cb1c4923733585ca709ea74,24,15,9
0x64a1c0937728d8d2fa8cd81ef61a9c860b7362db,162,146,16
0x1788430620960f9a70e3dc14202a3a35dde1a316,191,191,0
0x478b33d7f923eecb39a712e038cf2f40293b96ae,165,74,91
0x318f6a35547696848cb0c251c46de67ee1511296,438,1,437
0xd5eab5726bcd05a62becc74bdac5df9c7fa93622,445,445,0
0x72a1469d6eddc4dc7292b070b0570abab4a1175a,363,3,360
0x56b391339615fd0e88e0d370f451fa91478bb20f,136,4,132
0x79f3421e4ee96b4a0da649214f5ff6a2285970f3,174,0,174
0xcdefd353ba028a77c1cfbbf9571e7a19df582380,63,63,0
0xe3e6bcf6ccfb2f6b5ac771f94c691758f5e7f199,39,38,1
0x1a300c5a5639c4605c1b47f6e079e8b4056a9376,76,0,76
0x742e8ffa4f7c7e1f07ae576e2d2fc712bc925653,343,342,1
0x626e8036deb333b408be468f951bdb42433cbf18,202,202,0
0xdfeda9c39b3571fe1d403e381ebc06e9d5d85fb5,76,19,57
0x4d67edef87a5ff910954899f4e5a0aaf107afd42,87,3,84
0x2656754e71f063889ecf3e17bb7dfd0975dc3c87,50,50,0
0xbbd900e05b4af2124390d206f70bc4e583b1be85,124,6,118
0xc0cf5b82ae2352303b2ea02c3be88e23f2594171,285,281,4
0x7eaa96d48380802a75ed6d74b91e2b30c3d474c1,193,85,108
0x4cdee5bb342bf336b092f42b40ee23f6ba2bbc7a,185,185,0
0x2edf094db69d6dcd487f1b3db9febe2eec0dd4c5,183,181,2
0x19bfcdea24062e7db4e92c6742032cd89a3c8e07,71,11,60
0x29b4ea6b1164c7cd8a3a0a1dc4ad88d1e0589124,95,52,43
0x1e725bcc09ad221d35af5adeda404fb2147b43fa,110,59,51
0x232d0620fe7f5f383740cf2880782d80b22e3b0a,151,151,0
0x0f18d9e6111fadf9151f769a9ebd47d093ad2899,35,35,0
0x8eb24319393716668d768dcec29356ae9cffe285,420,420,0
0x89c70cb6d7afa7a7c9373771031c3ccb899a8d14,48,0,48
0xe6d1cf4945c90409963227caf95cfab0dcd61537,43,43,0
0xd95c08db87628febfc551c1ff1cfc9fe1269ef9c,187,186,1
0x5b4c617e689a711cf7338dae7dcd02bdac49c1f9,115,2,113
0xb271d2c9e693dde033d97f8a3c9911781329e4ca,326,8,318
0xd8faf7d15782c60d71e55895f2419566643ba9bb,95,65,30
0x54e142d6bd03dbc5ea4365e326c8dfecfcb71fb2,184,1,183
0xa71b14c54a379ac373687be30fff502cc1b260d2,23,23,0
0xa63673fd80e67aaeab5489c61760a490476a748a,99,86,13
0x67062888a7c4d7acac8d4ee82920aa1e0189accc,115,64,51
0x63347a7ffe6d0974b7dafd0cd18ff000c25ca5a8,25,16,9
0x0c2b624f5e1c0e2843e4cf78d6d0303eb2259ea6,27,27,0
0xb000a4933107033a4e5483a1576eda178f769508,125,80,45
0x15b363ceb7688a727b8406aed009d70f7704cd34,267,109,158
0xf61690ed5334d00ba7e03ff96dacf1fcf0685169,80,58,22
0x8a2279d4a90b6fe1c4b30fa660cc9f926797baa2,190,190,0
0xcbbbdd5e36f579369d92e2c7514a61d88b5dfe05,33,33,0
0xb184b9414e7d7c436b7097ed2c774bb56fae392f,190,145,45
0x47c00e8d00d34bd57b4dd61ccde91dbe5ddae6c6,55,35,20
0x0a57e26e480355510028b5310fd251df96e2274b,230,33,197
0x17d547c0d9bc981d40de99df5d077652fdb2d389,69,0,69
0x5b003b8a7ddc04ccf873cd098647dd525ad5e854,67,62,5
0xe493ea3c5f689280b19f4f566a62e65e7bc5c4ff,43,42,1
0x37c997b35c619c21323f3518b9357914e8b99525,91,2,89
0x049bddf5c1aa5ec3edae66525379e3c30cdf88a7,33,33,0
0x1482d014aacbeabe40e81aaecfa53c1b226a059f,18,18,0
0x2aa297c3208bd98a9a477514d3c80ace570a6dee,215,215,0
0x0ee1fb382caf98e86e97e51f9f42f8b4654020f3,39,13,26
0xa2ea5cb0614f6428421a39ec09b013cc3336efbe,44,27,17
0x64a2ae6d69f6c6ff2efcd99b00476f61f5dfb7ef,63,0,63
0x33b4fe5e40e4903a0849ca97b3292eac3eb0aa36,63,63,0
0x66f4735c4fcd49832b5746c767b168fa1ff89407,54,53,1
0x63f421b24cea6765b326753f6d4e558c21ea8f76,242,49,193
0x22c594c42fcd0b9dfde27aa8976a510c9d044356,299,42,257
0xd38ea4423086ecbc3080e876ae435ce6544dc553,103,0,103
0xb318d1b6805d2f8ec0e95e2600ad60b4725827c7,388,109,279
0xea3171718dc324d8258dcdb92268cb62649bd0c1,146,94,52
0x334ec5498b9fe6575d118d89a8c9f3b4472f7862,33,18,15
0x4f70d1c9d5c8a57db5acc139915f69d06bd22f49,201,36,165
0x2e38ead6a330fc54dc543df6e7cec73b4eb874aa,278,277,1
0x46a53e620b5bf44a4400ecb576141aa6205f7431,176,157,19
0x96ff741d07a856f69527fbe07cb4f67640e97ee4,23,23,0
0xcf8009f8e3446296d02b63d43e8066d130ce27b3,276,2,274
0x7abc458a355beb1866bbf3563d48ad5a1c904621,333,47,286
0x162b78713ec6eb643e5f3bb52fbad9d3c5233ef9,60,53,7
0x9f9b2b8e268d06dc67f0f76627654b80e219e1d6,241,123,118
0x01b23286ff60a543ec29366ae8d6b6274ca20541,80,80,0
0xeeea6c44d19df3855afa7350a5b78e59bd56dd89,44,43,1
0xeed10864e9fd813d12a0f40eb5f73ff2d31b2abb,50,7,43
0xdb55584e5104505a6b38776ee4dcba7dd6bb25fe,160,4,156
0xe6028b8ecd996f719a5d5ad0c15f3667258eebe0,134,57,77
0xb895192f5a49914ae760f01ef92db285d94c783e,99,33,66
0x6f5e77cea0abdda40013a8ef53639c96972fb745,74,74,0
0x7a1eb86c35136143dda358d4a2d8ac25c4902388,496,34,462
0x22c36bfdcef207f9c0cc941936eff94d4246d14a,107,5,102
0xc65ef668114a1d0446f960ac4caa8c080efab786,453,1,452
0x15ae2527fd4621991721beb11f9870d7f9b80305,14,14,0
0x4ea8972d6dca586baf22dfbe727f31c3274765ae,283,61,222
0xc4a0b1e7aa137ada8b2f911a501638088dfdd508,92,26,66
0x5a775dd40782bd0238472a57b3780ff54da6e669,285,76,209
0x249c3a9839c27a6a79820a24e7a6fec6b5992423,28,2,26
0x6f0365ca2c1dd63473f898a60f878a07e0f68a26,180,6,174
0x23223eed5b998c784690d7d2ded01a65f42ac1a9,75,1,74
0x92b3282dd1bfe571323cc1324177d0def2d4c218,144,1,143
0x52ad791ed49d4d8b0e2d029a381f703f57e37614,49,32,17
0x2a73068880618acc4dc8b0b9db29aa33ca5c5396,62,61,1
0xaac41ec512808d64625576eddd580e7ea40ef8b2,147,147,0
0xb95e7a78764fefe89d9795c7641f6136278b7c28,139,60,79
0xd417144312dbf50465b1c641d016962017ef6240,172,148,24
0xd3771e1aad236a9ff04b4ecef91ab88f45eabcc4,383,382,1
0x7ed2ddad638ec29d71868b1e967fc8b53573ef62,174,136,38
0x7898accc83587c3c55116c5230c17a6cd9c71bad,169,49,120
0xc22f6c6f04c24fac546a43eb2e2eb10b1d2953da,71,6,65
0xc6065b9fc8171ad3d29bad510709249681758972,42,42,0
0x4d928fada59f3446627c5bea707a81e006cf676f,223,3,220
0x5423856728612f358c84a37805799755be2722c8,68,67,1
0xb14ebf566511b9e6002bb286016ab2497b9b9c9d,71,71,0
0x7ba6f990188f0a28594ca2441c0bde310c2bdd70,22,21,1
0xe2889645716c27194b75484eb7150f9c9ddd824c,186,186,0
0x6ff2f6ee0db091d7cfde2f2220ae25e90d7032a1,65,64,1
0xaf847f761e4fc8165f0261808d8ab5acbb7fd77a,65,64,1
0x0fbee24a11f7ba72149bfb131eaf29233a135fc6,194,2,192
0x43d5ea6aefc07998a893077f91d026be37deb5f9,111,0,111
0x0cdf9acd87e940837ff21bb40c9fd55f68bba059,165,158,7
0x15a2bbf2db5cb0ca73ed97e4fc1250ecb7f0645c,43,42,1
0xf9365d61350739e5128926d277375868e7119201,99,1,98
0x1569f5d2114dafbd35d7c756f58510703b04d35d,33,0,33
0xf527d24391c767b86b8e91385e1ce9c54d230a2b,128,3,125
0x02da3ad430ee4a1ee9e1103f6692d3f67bcb581e,68,2,66
0x8419721412da63076b4556247a028e93ab51f9f4,89,40,49
0x622eb38c3640d6b3f2886564f721e366daccf379,69,68,1
0x3d7bacc0dea5b0b2e65b9cb25540abc612e6f61e,35,34,1
0x9416ba76e88d873050a06e5956a3ebf10386b863,27,0,27
0x87cdc02f0812f08cd50f946793706fad9c265e2d,70,70,0
0x85522a73cb3fd47d3616e5e82b4988b05a5b8576,57,0,57
0x3ba207c25a278524e1cc7faaea950753049072a4,239,4,235
0x400850974d6d69bb5f71e0f7de445fe27e132838,135,102,33
0xad265ab9b99296364f13ce5b8b3e8d0998778bfb,335,182,153
0x4f224627a5588c104168060c70175efb6af414ea,83,29,54
0xa119cf428300d91051c555652e5b7e45b44485d0,40,35,5
0xd60917e1abde5c9e3395cfba5688c735a89b3281,165,23,142
0x3e52dd75ebb13077fc0eb3eefd8a69fb5ad39aa9,55,54,1
0x532de79cab5348d07c25511698688c2d9805b929,186,185,1
0x8c539b123424dbb7949b9f683ac466fbadfb0699,66,65,1
0x73eb5c8a7d02ae25f61b3bf7e0502261dbb8632a,380,380,0
0x3eeb21a41025d9ec8d9540aa6d17d6900eec6957,84,1,83
0x46a026ba6537edca574990666d69cc3b3b85f456,22,0,22
0xfcb1315c4273954f74cb16d5b663dbf479eec62e,263,143,120
0xa87f2697241913fbcebb49add1f5e38a891758de,490,4,486
0x71772beff1fb348eb7d5f9f1e0b5f11bc49ab5e4,498,2,496
0x130cfab3817467f532c179d4e6502f5a7e7d44c7,80,23,57
0x663afbbff0e1e7b2126f4ef7c727fb0c44120b2a,24,24,0
0xd92494cb921e5c0d3a39ea88d0147bbd82e51008,311,12,299
0x3943cf9bd3aca41a66ec911a6395727db274856e,152,1,151
0x8a854288a5976036a725879164ca3e91d30c6a1b,364,364,0
0x5bf844122db21ae6f787ddda9806aa7dd6489998,34,34,0
0x6d06aa1e471de7d7b4d7810d1ef57fba6c35d898,98,37,61
0x681c4f8f69cf68852bad092086ffeab31f5b812c,349,349,0
0x58bd0391f0da9afa38836a2e0b1fe1088d1ce535,72,38,34
0x769a6dd9fa2178c486f1718537ebd365d7a0ae10,65,7,58
0x9690b63eb85467be5267a3603f770589ab12dc95,132,132,0
0x905f39d647d1ac1f9bf1e31444737a9881a71168,56,0,56
0xdd510ce28dfd085d9cf58f5402ca6d63985e83c0,386,35,351
0x9294b5bce53c444eb78b7bd9532d809e9b9cd123,260,7,253
0x320cb39d51acff8a9a18084b168917372654223f,335,80,255
0x08d967bb0134f2d07f7cfb6e246680c53927dd30,208,208,0
0xfe459828c90c0ba4bc8b42f5c5d44f316700b430,76,68,8
0x997dc9046a17605e347ddf4879d0675837c26222,15,2,13
0x6632a9d63e142f17a668064d41a21193b49b41a0,209,118,91
0x215de37f364801c2306cc4a4ed63780e614979e7,128,2,126
0xd4f8b4826847ca01652acaaf09e48b3cb96f72df,224,224,0
0x9addc548b700b1e6e8d9c9cac3303b847f1c0944,41,41,0
0xac144405e0710b334a7cde5ece6abcc1df63022a,36,32,4
0xbba10c994e2780b459cf6511d9ad3d4f5d38b5a1,144,2,142
0x164915306034939e89667ba04d400a6a19b820a1,127,5,122
0xc2ac394984f3850027dac95fe8a62e446c5fb786,104,102,2
0x36060a7313a65d4d510827003bdc7166f23c1c67,103,73,30
0x0f2d719407fdbeff09d87557abb7232601fd9f29,167,167,0
0x87c22615435998d69aca34889d03155b694a94fc,66,66,0
0x6cbe9edec134b9d750f4f515dc02a9bd656ed512,100,61,39
0x3aadc3bce49724ce299fd9f3850211211c399c8c,49,49,0
0xe3feb315ae49491900e34763d7d5aecc4277d843,147,67,80
0x6f24a2a5ecfffb0610f69929e9aa7fcef441897a,82,53,29
0x18aaa7115705e8be94bffebde57af9bfc265b998,496,496,0
0x11ce3c5ecfa4cc788eaa94157a63a1ca4863a90c,97,31,66
0x5c523d6abe17e98eaa58c2df62a6ec9162f3b9a1,125,125,0
0xdd7e26849f031562d4def5f06598a270eccb9460,473,72,401
0x09891c6de679cb9752a1040c2ed48bd76412e91b,147,4,143
0x81a83975c9ed8c56c45154e42967d084ac58a17d,125,125,0
0x5995383373decbd673c2d3ab92e6118508f9b83e,131,71,60
0x72519fa6cd095c99d5d67e31ddc117409bc5c047,41,41,0
0x4e13607c0777e86dfac61748c18b44595d23c9d6,107,107,0
0x4a8f5f96d5436e43112c2fbc6a9f70da9e4e16d4,35,1,34
0x548c407d35cdd3c812458d9ef6d135963f9f7ece,227,5,222
0x8690f1f031dd0d1c7083f12a79c956fc72c5abcd,65,4,61
0x5c211b8e4f93f00e2bd68e82f4e00fbb3302b35c,166,124,42
0x78b1d16dba0bd415fd8a9649171a1975642b380a,49,1,48
0x4521c9ad6a3d4230803ab752ed238be11f8b342f,142,142,0
0x165f6bf638a83ef603064d84f12ea944d17dc8da,55,26,29
0x10d97d524577ae4df2724c83aab184c23fdf5d0c,60,0,60
0xe909c4a1275e8fd21accda5d4332d2306d2812ad,174,50,124
0x9b5161a41b58498eb9c5febf89d60714089d2253,160,160,0
0x748627361b1090930389fe3c0d7d60f954b6bd75,63,0,63
0x4db2f986ca49d3938b472a3bf1aeba6168e61f7a,64,60,4
0xd1c352788be45e2896a24780a53e83dae4543ff0,36,36,0
0xf8417de025933ed54d39f8a4f67bcc9d83c13665,41,41,0
0x553cb3f9dfb836f0d192545f99987c0bce1cd27c,88,37,51
0x9d6acd34d481512586844fd65328bd358d306752,299,88,211
0xd1b624f07a4d9b3e3746e33cb58f42df079b5444,43,43,0
0xb0e2b9f172a0095b9120fe6dfa9d5a7adde8f7d8,328,5,323
0x5308ae1a272e87cb5b09d1b09492a414148b71a1,83,52,31
0xf5b5efc906513b4344ebabcf47a04901f99f09f3,143,143,0
0x8abe8ccc71aee3e80bd02e7a3ee09f12ff425c9c,61,60,1
0x535181d7a6e103b927afac13de159b07f9dcea6e,70,67,3
0x4287bd7cc2b4aa8650e2887055a4674759c216e2,366,365,1
0xad6dc35442d766f87f9296f17ba45e23518bc5f3,68,6,62
0x2df488b8a4270bac5c2ce5ff467a0c5fd2aa49d6,86,47,39
0x734f5d723f27963ba48589170fbd39453196cb0f,131,4,127
0xaea3f88b62e87f7bf5e99972a22439071b3a0135,81,81,0
0xfdeef424c147e869a9bb2723874186f06f36b386,83,0,83
0xb02ffc9f45dd07cce192d7b8ddddc9eecee13aa6,33,8,25
0xdc59ac4fefa32293a95889dc396682858d52e5db,49,8,41
0xe7de43cd09b9e50ebc5fcc4f3c9ec563bae25bd9,75,59,16
0x974b48447a2b0e235a2bae5026de178ebab433ad,26,25,1
0xf880b2a16f257d0b9b8ab64351a07a4137527c82,368,152,216
0xd7a7bcf3b166e89e8c7d4eef54f976854e44612b,93,80,13
0xb83104c3659703803454de8c736e207af05c0a9d,87,87,0
0x08389495d7456e1951ddf7c3a1314a4bfb646d8b,140,140,0
0x2f8d29fe4cb2c7836d2678ffc344904cc46ebe37,40,13,27
0x3ab6ed69ef663bd986ee59205ccad8a20f98b4c2,108,108,0
0x0586d61c978acbf8bd793649d7f33158a1d8fc93,47,46,1
0xa02120696c7b8fe16c09c749e4598819b2b0e915,93,1,92
0x32666b64e9fd0f44916e1378efb2cfa3b3b96e80,252,252,0
0x7995ab36bb307afa6a683c24a25d90dc1ea83566,242,242,0
0x7f9c2c1a1ff282748cba62d38d5acc801710f6d0,311,162,149
0x13927739076014913a3a7c207ef84c5be4780014,114,1,113
0x49aac71bb0ca59feff7900dc5d15c81efd354ce0,32,0,32
0xce76c9a6d5f295d9bcb757fa414eaf0e1652f04b,138,1,137
0x861334dec28b3ba71dffb1abf4e57d4ad3964b5f,354,123,231
0x55de881dcc0cffb648860635fac8997d65db6cb1,139,138,1
0xa3417899116f780c72c8f6fc60842cb36c4454a1,47,25,22
0xc8418af6358ffdda74e09ca9cc3fe03ca6adc5b0,194,20,174
0x8dccd0ac948d4dd262fbd0e679c3d54677f56b34,170,168,2
0xc50ef449171a51fbeafd7c562b064b6471c36caa,422,74,348
0x8df62bdc215bcf5f1acffccb206fe01e63c3dfff,78,0,78
0xdb15a26827a6bab43aa6d99994f96c61138d68db,216,80,136
0xb59933d1e071abb1199d1bf87dd2f938fdb35999,24,24,0
0x1337def16f9b486faed0293eb623dc8395dfe46a,198,198,0
0x7d0e63736aeb136acd44c70d6e1a0f27fb897679,390,3,387
0x0dd56271f1b4ecd8d6ce970b065d6c1f0680543a,39,0,39
0xd291e7a03283640fdc51b121ac401383a46cc623,388,388,0
0x91cc3844b8271337679f8c00cb2d238886917d40,226,87,139
0xcb6aeeccef4fa3683cdf47dbd2b7b5bea3dc85d8,88,85,3
0x993864e43caa7f7f12953ad6feb1d1ca635b875f,249,247,2
0xa68fc7a871380eaddd03fc513e3e85ebeb53ffd6,66,50,16
0x3b5c947cf2858942ca471a68ddc5e048c3dbc973,79,0,79
0x5f75b17a44625f8814fea5b30fecd3d6ab510bb0,334,318,16
0x66d28cb58487a7609877550e1a34691810a6b9fc,203,67,136
0x9a43be5183a9f69cc7e03d29ae9f24f133038f9f,281,67,214
0x0405b21bc88af1fa4f7ac9cc311da0748ca8f31e,59,37,22
0x98a4f41cdae6df13088b0ba0f25f688365348f6b,24,12,12
0x72630b1e3b42874bf335020ba0249e3e9e47bafc,148,148,0
0x321864ddb3066d8268073ecee591da52c308eb40,71,71,0
0xc67b12049c2d0cf6e476bc64c7f82fc6c63cffc5,96,96,0
0x78a5e2b8c280fa5580fbe1e1ed546183f959d305,144,144,0
0x8e21ead95de5d5f765cf6d1444b9e773cbf52b6a,125,1,124
0x846c66cf71c43f80403b51fe3906b3599d63336f,237,237,0
0x0839f043ece52658d99cdc9173d5b116608802d8,117,117,0
0x602f65bb8b8098ad804e99db6760fd36208cd967,59,59,0
0x52daf33dac423ca3d63e53b098e3edab3acfdb0e,121,62,59
0x634a44a4dd2ceda44ecf1902b3502336558826db,35,1,34
0xc1529c75a3b5cb40d5727cff5d113a7fd380632d,43,42,1
0x3a8d5bc8a8948b68dfc0ce9c14ac4150e083518c,93,88,5
0x250e674ec63df4273c493c419d9f1e44035cbdac,112,87,25
0x6d4530149e5b4483d2f7e60449c02570531a0751,275,275,0
0x398d958954ad44adbd132ef0e95783edd8534697,211,0,211
0xea6d7316dacc736785acfeef592c573e3364a180,211,56,155
0x3acadf037d6f2e13252031ddd44df1400f115d58,67,48,19
0xab58f4ad6eb4300745fb7ab728609f96c3d8d1e4,114,1,113
0x2e792f8d3ee6dc4abb62b95f1f7ba2b6904ea7a5,30,9,21
0x6bb61215298f296c55b19ad842d3df69021da2ef,108,62,46
0x76a34d72b9cf97d972fb0e390eb053a37f211c74,101,100,1
0xdb7b094fdc04f51560a03a99f747044951b73727,111,109,2
0x67b6d479c7bb412c54e03dca8e1bc6740ce6b99c,248,248,0
0x5181af2c5cd19aaecada5d8a7afb7856b7643aca,165,20,145
0xba6b0dbb2ba8daa8f5d6817946393aef8d3a4487,41,41,0
0x1ffcd1f2511d4a277a7efc08a4f3e808544f6ab0,435,297,138
0x2c9023bbc572ff8dc1228c7858a280046ea8c9e5,254,254,0
0x11e7d025c5ee607360e7ba3c6384da7e748bfa5f,119,23,96
0x975d74900ef48f53fa7d4f3550fa0c89f3b3c1dc,263,1,262
0xb7c9e99da8a857ce576a830a9c19312114d9de02,127,127,0
0xd9f23b79810b4fa2785d3399ba0a4cbb0e42be51,38,0,38
0x8fb6df76235b2f1c605f0ee962d1a727783e0221,357,356,1
0x94bccfcbefd6102b953a85afb81236958c10feed,297,48,249
0xdcb1cdfe2b5f592e7bdc2696b7a68c6e866c4cc2,468,237,231
0x275f5ad03be0fa221b4c6649b8aee09a42d9412a,129,129,0
0xb5068f4f23ce76f6f9e789e39b390de176a21e7f,140,65,75
0x2ba797c234c8fe25847225b11b616bce729b0b53,34,28,6
0x2fecb22a34a5f4faa1fa1fccc34f5f62ad719912,19,19,0
0x805c2077f3ab224d889f9c3992b41b2f4722c787,104,78,26
0xf5427f53bb7362d2cedcd143bcf0a6a16ecb916a,315,311,4
0x73f16f0c0cd1a078a54894974c5c054d8dc1a3d7,379,379,0
0x477f516db22683e65df58c2cba4f5d5859d48424,148,37,111
0x87c4ba6f6ee73e0d420eb56c54243a5ae486e51b,329,211,118
0x147ff909ee900ab430ed8aa977e39450cf554f10,157,14,143
0xec7f8a34b97ac65caad3841659f2cd54285a3950,141,141,0
0xd9d74a29307cc6fc8bf424ee4217f1a587fbc8dc,32,19,13
0x8740540363ecd1e426333b2af89b5d8bd3606002,205,73,132
0xd56ebc09816e5015874d463a301821ad5e0d2f0b,64,38,26
0x564207a9cfb374157bfc6ac7472d8782bbc0f4d9,51,51,0
0x8e75d7d78c81ae4fbf1e4fe2f6104237a5e6f2a5,74,74,0
0x7fd0e15577e54d80bf6f00c6343c0af2297db45c,35,34,1
0x088dafd1c17c5fdfb9f2f7adaa157334435fe7cd,80,3,77
0x2a2550e0a75acec6d811ae3930732f7f3ad67588,84,84,0
0x39edffb48fd5cac073e5ffa512c2150d5b5aaabc,188,23,165
0xb84f1226f321f62fd3c4becb1b8f26b8420f1735,37,36,1
0x25990c664d53bb17a175050170043ed4b983a221,15,15,0
0x8b5967b5e370666acce559e7b7bec52c63ef0f89,52,51,1
0xe1747a23c44f445062078e3c528c9f4c28c50a51,148,55,93
0x25a1de1c3ee658fe034b8914a1d8d34110423af8,146,146,0
0x6e9da81ce622fb65abf6a8d8040e460ff2543add,191,57,134
0x3ebe3ac2aafac38fe35427fd07cebe2a8bbb9b74,263,22,241
0x956a316aa74b489ccf26b4be79f80183f31b39c0,64,1,63
0xeef9f339514298c6a857efcfc1a762af84438dee,144,141,3
0xeb6600e62c24d17734c1807414a9159b116c9520,361,99,262
0x2299bfdd01ea047a1a3231c2702bfcb44c1e4d25,99,89,10
0x7140400c663da4c4fe6adbc26340fc17827c5481,97,97,0
0x64b53b530322da81f1c5ba3c206fa291d5f332cb,48,34,14
0xd45eb82de0f33d4d2261c46b03a6000dd2366480,234,55,179
0x42bbfa2e77757c645eeaad1655e0911a7553efbc,117,59,58
0x825b8d4e1432ccbc5ab2bc24c9e65f0434dcaf37,125,97,28
0x22674fd4ce74765c211eec01698fda36f57a650a,120,119,1
0xda19f6959c47fd207746808adb04c79e3b358997,34,34,0
0x94952c05f3c1ee0810f7c84574773a8c65c8ffb7,142,76,66
0xc4f7fddf7ce4d60fdbaf2adb9db596549d78bb37,71,44,27
0xeb4c2781e4eba804ce9a9803c67d0893436bb27d,257,257,0
0xbcbeae3620b3280df67143ad7ec45d67c5a4355e,54,30,24
0x5cdb6298e9546aab02558a0419e6556e6b822ad8,85,61,24
0xd5ccbc9a8f13bb6cfec7938992bdf04ff1a45683,26,16,10
0x513ef3f0d5259a0819370459a86930d047bf8e9d,79,79,0
0x905bdb976e4bdef5b42c83475f54d1c2903a9bf7,118,117,1
0x950b9476a4de757bb134483029ac4ec17e739e3a,191,55,136
0x784d3caf4bff470bd54b5219bf8208b13bed25a3,251,250,1
0x84126f348a19557148581e3dc36fc2c36e4c33c3,386,5,381
0x1c48f86ae57291f7686349f12601910bd8d470bb,164,164,0
0xce17f8ef13cf67da6eab86e31360102eea8609ff,187,57,130
0x66290793c75abe25f4edb91eda3ebd0a221c30e3,82,1,81
0x5f7cedf538262661f06f9f5a0d9230c7b65a3f3f,48,5,43
0xffc14a3b26708545bccf8e915e2e8348123f5460,326,96,230
0xb27614ba8d583faf8177eaca1239188d63b4c4e8,347,58,289
0xb4d06d46a8285f4ec79fd294f78a881799d8ced9,373,49,324
0x7ac66d40d80d2d8d1e45d6b5b10a1c9d1fd69354,418,418,0
0x5dc60c4d5e75d22588fa17ffeb90a63e535efce0,175,175,0
0xc4e600b2aaca19da4199cb87589ed90184a59246,231,63,168
0x0a0d164a2e7e0423f5f61533dccfab1b6efd6b4b,34,18,16
0x882a64d93779d0f4e50cca3c8735c61983f462a1,58,57,1
0x1b7b76b3febae2898499705e1adab7f724668f4a,21,20,1
0xb71b1720a28732060acbd259b03fcda768a6ddd0,37,36,1
0x7f3141c4d6b047fb930991b450f1ed996a51cb26,62,62,0
0x0c9153d9abb5e0489c89b38837f248816f151f42,255,109,146
0x0cec1a9154ff802e7934fc916ed7ca50bde6844e,304,78,226
0xdb298285fe4c5410b05390ca80e8fbe9de1f259b,81,2,79
0xa56d1b415cb4b23e76910bb8c2f5a0a5b2c86a87,107,107,0
0xadd3bcad41124026e300991e862621419e96b626,34,34,0
0xaa099b15ee2ad59e7c2eb553bcb184cb2473f21f,43,21,22
0xf16e81dce15b08f326220742020379b855b87df9,193,189,4
0x2cea61e0ec92009e6623532413a2961b0e2ca5ff,403,27,376
0x2b7d62c8d3e0cdf1c51c0a0d5077a34ab47b45ba,79,78,1
0x8a94dbfb613958e0cd78b4461edcfc9c97d9b708,119,12,107
0x3eacf2d8ce91b35c048c6ac6ec36341aae002fb9,247,169,78
0xe0a450b095266e97a2fe1f3a22259600ce6b5210,85,34,51
0xc308e9f442e56a05e61bb785d7e048f0e52bec5f,70,1,69
0xd10ea170fcfd4d6f2c9fd7a596d7b0ba10a52648,393,42,351
0xb85f4b36549e03c20242a3c6ef705221fdbd0843,40,37,3
0x01ff50f8b7f74e4f00580d9596cd3d0d6d6e326f,203,203,0
0xf78765bd14b4e8527d9e4e5c5a5c11a44ad12f47,186,53,133
0x697e0a5e2a6be117760d192a03fac688e774efcf,114,107,7
0x82a8f334a4b6e7d62cca189d44c295a293dce631,28,3,25
0xf205969d2822900d4617731d3a7b62535d8beb50,68,50,18
0xbe9b9c6356303006903bf81cd25d9943ecd77976,104,1,103
0x0eed0a2b4df338fc1bca6115e4100592632d14cd,92,80,12
0xfa0b8feca230818439afe23a0da24579338cbda3,36,0,36
0xad2fd18932c39fa5085429853e1f0d39a65a438e,131,131,0
0x05fee3b8e939acbb4e8073d784e3ec0977509770,312,202,110
0xc8de19e46a370ae31e6f64880cebc3884214b826,70,66,4
0x58169d34e9298761f97a06cf9ba5f4b134e268b9,60,28,32
0x2070f7821d9c8ebfdecc1bc981d1308cc0d93843,181,3,178
0x894e37f02249b922b14561f234d228410cf754e2,123,31,92
0x89ac26c0afcb28ec55b6cd2f6b7dad867fa24639,160,160,0
0xe84a94b049eb07386e9f9316fe45651e8987236d,154,142,12
0x9962957e3bab17727ecd440248a988be7de76e29,191,0,191
0x4bb33f6e69fd62cf3abbcc6f1f43b94a5d572c2b,135,133,2
0xe2889da74ca7a79520cf1db9975b7c48b6eb6489,30,0,30
0x75ecb52e403c617679fbd3e77a50f9d10a842387,56,56,0
0x1a2d222c3ff93f4f1a9d26b27f6669bf8522aa62,26,14,12
0xee669e0afa6de7f4bb2bff3e1e549274ad21a5dd,108,59,49
0xc88fde79aaa8ecf8175d5a1e197d75623ea27fd0,79,3,76
0x8e0fe2947752be0d5acf73aae77362daf79cb379,61,61,0
0x0e42ffbac75bcc30cd0015f8aaa608539ba35fbb,104,21,83
0xe6295201cd1ff13ced5f063a5421c39a1d236f1c,177,60,117
0xf1268733c6fb05ef6be9cf23d24436dcd6e0b35e,302,153,149
0x386300f232aca4bda9253f3201fa512683b6e477,409,164,245
0x4f89cd0cae1e54d98db6a80150a824a533502eea,156,144,12
0x5c2877fb8992d22b8d764e7d799b7f89d8130ecb,128,62,66
0x19dba0122555555a3e2b1343d0738eddfab5b4f4,114,5,109
0x7bebd226154e865954a87650faefa8f485d36081,83,83,0
0x7c41e89e299b1af7c549d42e1483b25bf84b1a11,44,1,43
0x02f74badce458387ecaef9b1f229afb5678e9aad,151,151,0
0xd9aaf0b1733159a4628ecf718a9a3920691891ad,62,1,61
0x9d9ae1ad49be9b085fef04b9c835d484a6d099e3,232,205,27
0xd46814b736db3c6feed576a59e3ff140075c9e0a,143,114,29
0x27787755137863bb7f2387ed34942543c9f24efe,180,38,142
0xac87febdf7ef7d5f930497cafab9c25d35b932f9,157,90,67
0x26b925eef82525f514c0414db5cf65953d30a4ca,120,64,56
0xe8d86c216439a50eba1ea01007addfde17fd471f,266,49,217
0x8da6ce566baa99c9c746f7969f231bb24df1416c,120,22,98
0xa275cb4fde35f5d716f33a0c40c60ab2d0c8fcce,170,1,169
0xdc0327d50e6c73db2f8117760592c8bbf1cdcf38,144,4,140
0xb19dd661f076998e3b0456935092a233e12c2280,61,61,0
0x517289b33ce2eb4ef5f047618a91419469025097,89,33,56
0x5d01663be95186409129eb4696b6a9d2be8c825e,378,75,303
0x77caa81d0c99383c9ff4ba177d0c69c8a41f0f50,63,33,30
0xccc8cb5229b0ac8069c51fd58367fd1e622afd97,182,9,173
0xc322cdd03f34b6d25633c2abbc8716a058c7fe9e,171,79,92
0xc7c9567bd3020e8148e43d0831c33d4843f0b0e1,139,83,56
0x0c6822ca73de6871f27acd9ca05a05b99294b805,306,3,303
0x77271813bd9167e75b5df9c230cf58d64f0a58fd,34,34,0
0x5dbfde4d8162b23a4496a11ad1a71a6e37bb6bd8,105,3,102
0x98e5790f343b83e850c20fb2d100b28de5e8aeeb,407,17,390
0x69690fa25f3c2d4ccbf0e4395b098951f7473ccb,62,56,6
0x059c12ed5aaf25adbc6e15f9cc9bab2dde031215,238,164,74
0xe8fab2124411e8f5643b15a4a439109ebdd7c9d5,114,94,20
0x851d6f58f2e5f425da765453054a39c93f5d940a,41,4,37
0x00e3ec1f55ce4f86cf7ac2bac8c0876a276e78d2,89,1,88
0x503b13a4fee55d0178a44c2c45319ad266e56508,58,27,31
0xe8f8d4bc6ebb10b29a1331c80c567b1a308afe47,28,3,25
0xaa6f1adf4915955717d8fc66758ff604797fd889,31,19,12
0x119fc177f4acfd85b7c02b7c645caa869aec2e89,114,2,112
0xe803178b48a0e560c2b19f3b3d4e504f79d229ce,60,12,48
0xacf63e56fd08970b43401492a02f6f38b6635c91,181,85,96
0x399bd363426dfdd7f84fe8b917e1a3525b039309,38,14,24
0x770ca0b825810f43ca7d67fdc2bdc7f10f911264,89,35,54
0x3121c26bd9749cd1951dec16e0d22dc68879173c,198,6,192
0x2b841d4b7ca08d45cc3de814de08850dc3008c43,185,160,25
0xeab695a8f5a44f583003a8bc97d677880d528248,490,490,0
0xc9e3ca32caaa6ee67476c5d35d4b8ec64f58d4ad,232,66,166
0xf34960d9d60be18cc1d5afc1a6f012a723a28811,154,136,18
0x056354f3ff20743aa4c0da365603871c7000b081,109,109,0
0x2bc26843dfac673e5936851a94b48f391d49c35b,43,42,1
0xcf0c122c6b73ff809c693db761e7baebe62b6a2e,371,195,176
0x659cf1306edba213d1fb8f9352b4593a82b05d0c,74,74,0
0xfca6891507fef7bcf986db7cfc1b7e9b555bc8b9,36,0,36
0xe2e9db4e10bcf46ea3ed4b30aef7703fb81c4324,80,2,78
0x5973ff9948aa4f90bee03b4dfd17620b2d098506,104,43,61
0x6f02a5b6d9633d4dab833a42b7f13e6ec91a6c87,31,0,31
0x8bb6f9463524af5c248d085d37c91b96d8aaff80,57,57,0
0x134460d32fc66a6d84487c20dcd9fdcf92316017,320,94,226
0x921fa0f0fe7e01e861b2cf583a54a8c3e9b40b1e,58,1,57
0x9cc26d6c68af6c7b7316dea943f059441a54d68a,81,81,0
0x9e32b13ce7f2e80a01932b42553652e053d6ed8e,210,195,15
0x4463e6a3ded0dbe3f6e15bc8420dfc55e5fea830,99,3,96
0x3c2eb40d25a4b2b5a068a959a40d57d63dc98b95,51,44,7
0x3a880652f47bfaa771908c07dd8673a787daed3a,216,8,208
0x4e962d488412a14aa37eacadcb83f18c7e2271a7,194,6,188
0xb1dc55ef244365b490fd742ffef3f1f76f754c72,41,34,7
0x2cac916b2a963bf162f076c0a8a4a8200bcfbfb4,28,11,17
0xf4dd946d1406e215a87029db56c69e1bcf3e1773,48,48,0
0xf0d33beda4d734c72684b5f9abbebf715d0a7935,122,120,2
0xa186944ab8038194708d2f79ba55054069843d96,48,20,28
0xa64dfe8d86963151e6496bee513e366f6e42ed79,169,45,124
0x6c2ee8f91eeedab26bab7fddc8b6ae8ecb045a99,17,16,1
0xc314d734eae9b3926c15bc2c89596822b541effd,131,131,0
0x38b7e06eb1a6b8af8b3a06ecc0f673d9f8421ebb,58,8,50
0xc782ab25dac76565d3fdede36fcf87227c9217da,177,52,125
0xbe38cdeb8a95e78b3209c80c9c251d47e5ac8756,3,1,2
0x4ece5c5cfb9b960a49aae739e15cdb6cfdcc5782,86,49,37
0xb0eea59e9e1c55039b431795cb2229f0588464a9,103,1,102
0x8f298792b599365de2aa12af85ea7b9c265f47f3,84,28,56
0xb4dff5da3c48d6411f6ac633ca634454d77c9353,10,10,0
0x52607cb9c342821ea41ad265b9bb6a23bea49468,176,2,174
0xee29700134aab4f45b113e43e29ff06ce10687b7,341,3,338
0x940a2db1b7008b6c776d4faaca729d6d4a4aa551,240,240,0
0xd5af737470e963f40f9e681b2e9d12acdbbb5492,252,105,147
0x8300cbee453bcf3ea7807da6489519203ce409d9,76,1,75
0x21663c006603f43a40c638fcd2406940aa96da19,105,103,2
0x42476f744292107e34519f9c357927074ea3f75d,174,34,140
0x56694577564fdd577a0abb20fe95c1e2756c2a11,61,1,60
0xe12a2a0fb3fb5089a498386a734df7060c1693b8,150,116,34
0x16a534a7fff753c9fb58dcaeabc1a6b33424d7e3,51,50,1
0x8782248479384806592275850628480268655141,45,30,15
0x7f39c581f595b53c5cb19bd0b3f8da6c935e2ca0,463,207,256
0x71dc7a1e6bc6b91a6000c6adfba9eb4cfffd7b9a,22,0,22
0x7ae89e0730cc05ecf952f6eb9b5ec19083342699,73,72,1
0xb1784e823dc14ad29ec3080127f9d04a6c968ae5,36,0,36
0x4e0fca55a6c3a94720ded91153a27f60e26b9aa8,399,151,248
0x80151bf10579df3aeb59e747d3ac0201e4290986,157,135,22
0x3ea8ea4237344c9931214796d9417af1a1180770,56,28,28
0x880ed873dde83f533564903c8aebb6e9fa9f8c81,148,147,1
0x15a0995025ce062c9511eb483749b68d7363fdbd,148,80,68
0xdb9d18375ffc8f646849e8caa46d4ebb994024fc,75,67,8
0x031ac90dcb0f59ac3a73a4a4dfaf1d88ad03ef0c,223,223,0
0xf05e0a149e4ab0253aa5e1575302e721d02369c0,116,29,87
0xcea55a18b3beb6c2fab7e546679037d3d845011b,22,20,2
0xa23c1194d421f252b4e6d5edcc3205f7650a4ebe,50,1,49
0xfef0a62409f745e0dc7740918eca0887617e6018,55,17,38
0x0dc55e87741bf7c62b4fb05479868b0751e5b80d,73,0,73
0xc666081073e8dff8d3d1c2292a29ae1a2153ec09,196,193,3
0xc67be59f359c48eb46bca5eb6a50429c8f04af96,191,189,2
0x8e1b448ec7adfc7fa35fc2e885678bd323176e34,240,240,0
0x45c3844dea2e9fe9226524411de6d907188a1a9f,54,38,16
0x488fb59d73669d5a1cdf0960214563756594c528,79,2,77
0x506a286a6bb78c9e5d189f436619a87a90aab088,122,98,24
0xe0962d2e64c5922ea7e8b4967077c4cb7ea7cbc3,248,194,54
0x80d2f4321d5fcbae61d06b8a716b1b1ef49471df,54,5,49
0x54442d0a5849ac1cfedd78f892154328f2c5b238,148,5,143
0x5ef37d3c4b5b70f7453b93f811dce5ae169ed736,50,49,1
0x795dbf627484f8248d3d6c09c309825c1563e873,139,139,0
0xf6e2c197e96b63b982ca639262cdf0a5f296d528,191,111,80
0x66ebc734c5aa30dded9c5886e7e0e4ae105dd6e5,50,22,28
0x0c1cf1d2a2ec13adbb919e1c2d42d6b732a4ce11,57,0,57
0xb7f7f6c52f2e2fdb1963eab30438024864c313f6,235,114,121
0x73da73ef3a6982109c4d5bdb0db9dd3e3783f313,363,363,0
0x7effbc54d8066e3717230fff5d245d7c11ad4d22,206,24,182
0xfc6bc5d50912354e89bad4dabf053bca2d7cd817,426,84,342
0x36b00c4c6ce3653a091c7940fc98c3acb0043871,91,1,90
0x3da2133160967ed0ac99a807e3bf9dc98fb9a15c,136,35,101
0x2302021087377a9e6fced6e478d8714598eb2f2b,66,0,66
0xfc0946b334b3ba133d239207a4d01da1b75cf51b,219,72,147
0x632136be55a41a11478e9fa5077cce734b777f67,159,50,109
0xef2eecaabfce330a3f5fa24c99e27d5a04a2155b,84,71,13
0xa1f7c9c6d19e2d0bf20729cb0bf03338a90bed9b,128,123,5
0xe796d6ca1ceb1b022ece5296226bf784110031cd,130,130,0
0xb1cc77e701de60fe246607565cf7edc9d9b6b963,75,73,2
0x52b235b46cacae41ee701015995ba0ac08e750d3,36,1,35
0x000000059619cdddc056910672abc90887136a95,132,101,31
0x36d582ea65f98a087767028a0ef469ada276ffe7,41,0,41
0x3496b523e5c00a4b4150d6721320cddb234c3079,132,132,0
0xfd2043f00450ed34589dffedc85875b9ee9855d9,41,40,1
0x062c74e593ce3c6574f126a1a35ab55dffdd63a6,179,41,138
0x56d4af4959a30b5d1f360130132dc7dd0d3ec370,32,17,15
0x3b8ea419c233bd947416fb69cc39d2fbf9b9b6ab,34,2,32
0x35156b404c3f9bdaf45ab65ba315419bcde3775c,153,18,135
0x6123b0049f904d730db3c36a31167d9d4121fa6b,138,138,0
0x72d7b17bf63322a943d4a2873310a83dcdbc3c8d,141,1,140
0xc744df3419a8c9bd4d6b9852a503eb1c5308a326,37,37,0
0xa295451716df5cab9cdbeac9b3eca726488d22c3,58,4,54
0x15b2e5f145b7b8a72320d19957895ac8919a4127,50,18,32
0xf2bda964ec2d2fcb1610c886ed4831bf58f64948,342,6,336
0x95ddf26d73dfbbffc5a3d008bfdb3fef71fb8a84,348,87,261
0x24103f6f965785972f0bdba638cda7a48b7ac232,131,122,9
0xcecad69d7d4ed6d52efcfa028af8732f27e08f70,215,215,0
0xa72255611b53d42f327bf958e9532904530563a1,25,24,1
0xef2ea84507d7e4fb69f75a245170fd2fcb069c17,297,1,296
0x1d2a1292bd92dea7be273592b5343aa35ff2eeda,196,2,194
0xea5f32ed4044c44c44ab833d8071e672aad142ff,161,158,3
0xe935e764da0f1a2597f9c1bf13a64515bff9f7d7,373,121,252
0x44fd3c75124768bb7df3a8b20dd65352df75ec6b,120,120,0
0xc00fc5b71a8b889efbc9e985fe05b51e873219cd,64,2,62
0x878e06b10573e1d09864a9ab2641a91eda5bcbe1,67,67,0
0x1897d69cc0088d89c1e94889fbd2efffcefed778,136,106,30
0x4f952c4c5415b2609899abdc2f8f352f600d14d6,115,58,57
0xe2dbd3ef8d0af1b8537fea5817db3508212d677a,98,90,8
0xfe5023264a0c2ac70018e1a8a6cc2418b70f1358,38,33,5
0x1e52f7a450b08b1b249a4f4f54518fc5278c2285,108,100,8
0xb7960ec09ee11ba7606eb881991d6ded46d8c198,165,90,75
0x30333a963b1c79162f0a9169e238c6da8a621110,63,62,1
0xffed35bc5fb514098df353840e4eda01c4c7c776,266,2,264
0x65032604dab202aff9adf89300cdb4bd0d059f55,67,15,52
0xf30547ff2df1f1cbe5c8dd758b3dd098c856e38f,91,91,0
0x2da719db753dfa10a62e140f436e1d67f2ddb0d6,122,122,0
0xb36f6289626f4fe5a364c32194bb915421f25e76,21,0,21
0xd8f2eefed38f10e9b53952125cfe66d6d1511559,140,54,86
0xb5ce127420788f5ebb9255626235ee2c4f4aa832,42,1,41
0x4621f7789179808114c5685fd5e2847a0f7b2246,189,146,43
0x3c0417900f5231d448c32c7f4cad40e1efad36fc,180,20,160
0xede5b530498f8810537d9b64c3f857d06ac09585,219,32,187
0x7ef8f03e8c0c79d9c957b1dd1ec7cfd1af1666c6,100,1,99
0xe12992c2c1ac6576fac2ae4089f96b3e1e71b07d,36,24,12
0xe9814ccd783a12ffc65e447c436b51a8a167fafd,56,36,20
0x28a7149960bd2176809d1161442ff597d829b9ee,98,97,1
0x75d7d7e9dc084a18410f652b794574f91692a3aa,169,3,166
0x32b5cad3bc188c0f54a1259a47c719e4c6314a89,221,212,9
0xfee84e716845ec7423c863fc72881804f8bd8441,37,1,36
0x212ebf9fd3c10f371557b08e993eaab385c3932b,72,0,72
0xfe56e974c1c85e9351325fb2d62963a022ad624f,167,144,23
0x8328f8d228450a9662bfedd526c25278dfbf5e9d,420,419,1
0x23427dea2dd52b13630f2757ff2cd734c5c42174,24,24,0
0xe6333fce83a1c1ba4bff1661267bd256c94723fd,36,36,0
0x5911a6da952a9d1b67be13cecb389ad247420360,93,22,71
0x630f9ff82f82a68671df290ffaec2d767df77a07,89,18,71
0xd42df66453989b61ced12dd6c957ee01a74ba78c,25,6,19
0x79aa05963c92a2a10d96bd840eb5e73a1e675e92,383,225,158
0xe243cd91d372d6dca64fab9048246ae5544fbeb4,74,61,13
0x3c54b798b3aad4f6089533af3bdbd6ce233019bb,464,459,5
0x996346c601e15c12e2b253e93b0a883b7e2f2dd8,86,1,85
0x70be4e3761188d0a8c525e54bb81c4ea97712de4,393,216,177
0xdc3e252b1d872c780f2aa44ddd6e49baf07bb970,266,2,264
0x945520a9f9f9a6a7679ceec5ed28ee19d2ac18b9,127,6,121
0x201414c33648572e848419f7f692afd587af1d06,36,12,24
0xd5dd0814f62a21ab649fb9cb86dfe0a085d0e28a,254,58,196
0xc2544a32872a91f4a553b404c6950e89de901fdb,67,67,0
0x77c7f7dc1b592e884966f0dc4ae0ffb93cba1a7e,80,76,4
0x25812d13b509e23a2f3a7787f4a12e9f0a924ab9,42,37,5
0x708da3646cfa5ab8835672ecb5ae2f2494b7fa81,124,96,28
0xc1b927df3a4707d332538d0899ed08f2e2206921,31,2,29
0x2e2627cffaaebc3a11e5890a8a3fab6cc2fe5cc4,58,53,5
0xce0659d7f444eeb208c2b0b86107e6a654518593,25,1,24
0x33bfd20660eeaf952e8d5bc3236e1918701f17d0,141,141,0
0xf0bb34a3816d020cdc97fe824792c3866c04578a,210,97,113
0x659a4bdaaacc62d2bd9cb18225d9c89b5b697a5a,186,138,48
0x666d875c600aa06ac1cf15641361dec3b00432ef,94,13,81
0xd98f75b1a3261dab9eed4956c93f33749027a964,343,195,148
0xc1caf0c19a8ac28c41fe59ba6c754e4b9bd54de9,302,96,206
0x815c23eca83261b6ec689b60cc4a58b54bc24d8d,139,66,73
0xe5ba25f22a20a22fb47dadf137f33fe2e9ab22ac,216,43,173
0xbd82cd2f7c2b8710a879580399cfbff61c5020b9,179,179,0
0xaf316251082fee7dff8412ca896601796674e0a6,143,95,48
0xd7dcd9b99787c619b4d57979521258d1a7267ad7,37,0,37
0xa9507bd8abe68de8ba518902e85398ce3fa7b3a1,275,275,0
0xe4462eb568e2dfbb5b0ca2d3dbb1a35c9aa98aad,180,26,154
0x0651132f094551f9d4e40de3e1e2f8b7ac149c3a,182,129,53
0xfaaa7460ed59c12e204349766ce73cf5202e6ad6,268,85,183
0xef4fc659254954d83597a33c68c47cc7d9fd24a4,257,64,193
0xa6916545a56f75acd43fb6a1527a73a41d2b4081,265,142,123
0xf9fb1c508ff49f78b60d3a96dea99fa5d7f3a8a6,10,10,0
0xa872947e420fc87d0ad56b6c296439f55c3768dc,183,77,106
0x94dfd4e2210fa5b752c3cd0f381edad9da6640f8,109,50,59
0x192f212de38d73fa536ff57e613d03071383dc43,96,29,67
0x3ffaec27b2d94fb5fb41f5bf2eea0f04ad6704e3,97,23,74
0x48601815f9924a244afe3b0c53b5501ef204b0bc,67,0,67
0xf17dce6438e18bdbe51117cf4318b9b3f8b04513,83,13,70
0xc60136888d270a74c78c347438c1ef11507087ee,94,4,90
0xdf2c7238198ad8b389666574f2d8bc411a4b7428,375,375,0
0x0403d6672abc0a5dda86ee9840473b16ee2566b0,77,65,12
0x3f27666ee22fcddc8323b1c0515b53d07d5902fb,28,28,0
0xa93546947f3015c986695750b8bbea8e26d65856,7,7,0
0x4cfb0d02894d29e27f3ccf24339f94a93ba1670f,136,24,112
0x080e92b26a1d93546d2f5a8ef05a8b823306c146,269,104,165
0xb5d5ba5a8cb511a2344d94ef432472f8b7773d7c,87,82,5
0x6275d695ccbe13573ebbf1541fda4203d40aa858,38,32,6
0x8c32b78193b063e3a53f9d49a14faea8c1d1eb06,104,75,29
0x897249fef87fa6d1e7fedcb960c2a01ec99ecc6c,219,174,45
0xb267deaace0b8c5fcb2bb04801a364e7af7da3f4,181,181,0
0xdd6a643bbde396191f14d720570b8d546dfec2b6,431,64,367
0xf70074f1cb0aa67917bbecf5476a6778e2056671,246,38,208
0x3fc1801789ccd1d5cfaad4116413c00837414856,84,65,19
0x83ddafaa7f037c4fa7e1c47f91adac2f0eaf1bb5,124,65,59
0x8e5ca0f1cf1f0936572b814f1985aeab37e58193,27,0,27
0xb753b59caf85c2755150857ee4919c22ae71926c,88,4,84
0x06bdc702fb8af5af8067534546e0c54ea4243ea9,328,98,230
0xd2c15763e503277c057d4a30f5b7174b844ed5b8,71,69,2
0x09af6f1b6167aa772181efe35861f429925a3be1,29,1,28
0x36e43065e977bc72cb86dbd8405fae7057cdc7fd,170,22,148
0x4a621d9f1b19296d1c0f87637b3a8d4978e9bf82,276,276,0
0xa0dc4d0f30b1c06d1747f5e0c43498c74ce042d3,44,43,1
0x8329d2ddac106e0f2c804fe6d9c1c6a0c465ef57,87,82,5
0x5ab0a480d188a09791698f8946576b3cc0f0b66f,70,33,37
0x888f98efcffb7822e6eebd249262853db960dead,45,45,0
0xa462127735352b1f03da8ab92a87803d05cc6a7b,209,153,56
0x1e2f15302b90edde696593607b6bd444b64e8f02,242,91,151
0x8859dc9e8a388ad56f3e53570793d0f1f8aab16f,44,12,32
0x6e845be4ea601b4dbe98ed1f52b371dca1dbb2b6,213,202,11
0x4581649af66bccaee81eebae3ddc0511fe4c5312,294,6,288
0xdd301bb7734d0e269a614766c00509df735b254c,101,55,46
0x808ed7a55b133f64069318da0b173b71bbe44414,19,17,2
0xc907ddb25a926d51784aedd4cf9c04e3eb5da12c,158,154,4
0xde0282a9775cdfee15fc5308b78e4f9c8ac3ea9b,34,2,32
0x8ed738990e6fe0b2b69e082c03375fb9224443e4,48,2,46
0x9e1076cc0d19f9b0b8019f384b0a29e48ee46f7f,392,392,0
0x88ef27e69108b2633f8e1c184cc37940a075cc02,239,239,0
0x5f366d68fab76baef6b0885da7a57fdc8e5cf64d,29,29,0
0x362bc666e88898092a72d5ec8a2f8dfa971f5742,2,0,2
0xfc979087305a826c2b2a0056cfaba50aad3e6439,182,182,0
0x5b228e392ba2f8ee133f98fe60e00526a52067ea,91,70,21
0x9af839687f6c94542ac5ece2e317daae355493a1,208,208,0
0xab5041d720ab0cdb3342f5bc7ac6cc14b6c70727,308,125,183
0x718726448d7f483708f0aa41d3c3d15f2672c39c,185,24,161
0x613485c528bdebfef7bed764aa4d6e4ba30ef565,83,82,1
0x333a4823466879eef910a04d473505da62142069,79,0,79
0xa3f3cba668d11402d79d2650238a1269e9cfa8d0,39,38,1
0x584c4cb61de0af1b345b887c89b636f56286046b,51,50,1
0x71583d71caa09a4f5e73bf1a724e7b1eabd5a215,238,25,213
0xe2ef3b60b0b3087cf1d1179d899a7cd7a11a9fca,107,2,105
0xbce6d2aa86934af4317ab8615f89e3f9430914cb,246,112,134
0xa213c344d14e9ae9da2b70a8f9a0122131d59274,69,61,8
0x4d34e61caf7a3622759d69e48ccdeb8dee5021e8,59,59,0
0xc7e76248bd47dda22db50a1743032082821f6172,200,123,77
0x33349b282065b0284d756f0577fb39c158f935e6,132,63,69
0xa57e6c1b3154016933b739ca2cd895a1b617dbb4,142,0,142
0x79986af15539de2db9a5086382daeda917a9cf0c,303,138,165
0x7f896a5f3f99c8c4f9e4944619458ca4710a1824,67,0,67
0x63d48ed3f50aba950c17e37ca03356ccd6b6a280,438,19,419
0x320623b8e4ff03373931769a31fc52a4e78b5d70,353,117,236
0xf12f0fd99e913fde707c449e488e67687ec1a7c4,300,300,0
0x2bafe42b06fa29a5ea283995647f09470b1ada12,46,28,18
0xee77b16200014161d4abf857a37e7ac7e265c84d,155,1,154
0x4ab6d8ff68330d844a3056ea2f8179a7e19759ff,108,16,92
0x40bca1eddf13b5ffa8f6f1d470cabc78ec2fc3bb,169,45,124
0xe12edaab53023c75473a5a011bdb729ee73545e8,243,70,173
0xc5351f93b67895f6dd0df0e0c2be0fc6fec89c4c,190,2,188
0x7623c79b272b3b584c773d13327e6f6584332982,116,65,51
0xb525ecee288b99216cd481c56b6efbdbe9bf90b5,125,6,119
0x14d7c1ffe0581e766696ea99e62448de09270339,26,25,1
0x7e4b6d79bf0a9655142c78cc8c5d6b6d2fb88226,427,57,370
0x887a58e6289333cd875c2e60d217bc0b4ced24ff,30,22,8
0x06fd60173bf869b8ce4439e3477223c013bad466,229,226,3
0xcfe4e6dd48c6f1271708c0311047293c0c20ea56,19,14,5
0x426df7767ea4e0705dde9945bb648f9a7787a29e,28,20,8
0x9c822a2f64d6f778b77e3b3deb9bf82af9e44253,130,96,34
0x28b44614080047260371e8aaa98fe279d93f673e,55,54,1
0xc1aea99329a439e30d622210c2c0782797c98c48,230,219,11
0xfd217296e581627c59e3a36c264ebfbcbd813223,126,63,63
0xd5378cb5d6dc9ade15039cb4c1c607bbb12db8bc,36,35,1
0x33d0568941c0c64ff7e0fb4fba0b11bd37deed9f,253,231,22
0x709d30f1f60f03d85a0ef33142ef3259392dc9e1,461,353,108
0x18613d38367dde6522d36f3546b9777880d88ca3,78,68,10
0x29cbd0510eec0327992cd6006e63f9fa8e7f33b7,166,166,0
0x1cc808b1f08116726f612c8e90aadc90aabb647c,227,226,1
0xe7c8477c0c7aaad6106ebdbbed3a5a2665b273b9,162,16,146
0xd5c5927c9db9da82acfb29ed51554d25f2ef7b7e,332,7,325
0xcfc912c945d634dc2c24d4c848d9a9f4046f9b11,221,59,162
0x6b8281df97604eeae4b9e0d26e667507eb301e91,281,48,233
0x38a6fd7148c4900338e903258b5e289dfa995e2e,67,24,43
0x92231f262ecdf3d458af4362bd354e183edaaae2,20,20,0
0x6e09e29861190265b7a40391d6f709f81c6da148,72,71,1
0xbf46b6fd3574504cae07f0819dff56aba531571b,245,0,245
0xac0968a3e2020ac8ca83e60ccf69081ebc6d3bc3,45,45,0
0xd0f0c40fcd1598721567f140ebf8af436e7b97cf,153,66,87
0xacc81514ce7feb17589a04aa57464d298776d06c,64,56,8
0x4e608d171140da03d4bfc27c9f65f50abbede88e,495,186,309
0xb4d930279552397bba2ee473229f89ec245bc365,221,221,0
0x4a615bb7166210cce20e6642a6f8fb5d4d044496,117,116,1
0x0a0211973587a837491f0abe8bd1ec8d442efac8,162,79,83
0x90b831fa3bebf58e9744a14d638e25b4ee06f9bc,93,15,78
0xcaace84b015330c0ab4bd003f6fa0b84ec6c64ac,101,99,2
0xfb5aceff3117ac013a387d383fd1643d573bd5b4,145,49,96
0x79f1c4cf7266746698e91034d658e56913e6644f,266,80,186
0xa4c1135f0c0123f6683f98a8177f4c51f3179107,173,173,0
0x8d18f53a54b55d6cc23528d9a80824c7dd3ec494,35,33,2
0x9b8e9d523d1d6bc8eb209301c82c7d64d10b219e,90,31,59
0xc97a20bfc3f9755763648c5171b6763230954b7b,46,24,22
0x8ec9c306d203fe7e2fa596d1b19790a9db05ccd2,51,0,51
0x4107873164d3f7ad5e22a186f70b6976183862ba,128,21,107
0xa844b918f0c362068e3894c68af5b2adbd37ed2c,80,49,31
0x2050fc00e016c3ada03211edc35711e44b8d014e,122,2,120
0x6cc462bc49cecfe943bc4f477b23b92906e6074f,221,46,175
0xe7ae6d0c56cacaf007b7e4d312f9af686a9e9a04,95,2,93
0x1ffe11b9fb7f6ff1b153ab8608cf403ecaf9d44a,151,0,151
0x4b1d0b9f081468d780ca1d5d79132b64301085d1,89,5,84
0x108a850856db3f85d0269a2693d896b394c80325,115,115,0
0x75cdc17e42e1d82a3fdb38c1b8509842f0fcbe20,77,2,75
0xb14b87790643d2dab44b06692d37dd95b4b30e56,187,68,119
0x7dc997b55c6002f093059b0243f9b19eadc8d67f,116,41,75
0xe8524434131bfde8ead553859ad42c8798c68a91,75,75,0
0x274ac60e8fe074c9262b062d04be59ae1013e339,83,81,2
0x60c6b5dc066e33801f2d9f2830595490a3086b4e,115,6,109
0x06af447c72e18891fb65450f41134c00cf7ac28c,162,161,1
0x46c5098f73fa656e82d7e9afbf3c00b32b7b1ee2,106,24,82
0x66c0dded8433c9ea86c8cf91237b14e10b4d70b7,106,43,63
0xdb27d0f7e764d7165fa8749307f7bdea1cbca010,26,4,22
0x6fc355d4e0ee44b292e50878f49798ff755a5bbc,192,192,0
0x1ddb32a082c369834b57473dd3a5146870ecf8b7,72,72,0
0x5706147ca5828af643e19f7aaf5a50e1294799a0,297,118,179
0x6e80afccbbd8300bea03674a1a261788d1ee7571,49,1,48
0x7204921a9f8a9a1c3343f332b654fb4205dfc97a,45,20,25
0x2f2a3aff01e7a15fc38662b61b90cbfaec4c3a0b,28,27,1
0x02444be2f00d08a8b12f19ed7dd9c3f3e0f6e684,17,17,0
0xd4f417cfd29ae83a303b6d75f88b62a696de47e1,105,4,101
0x8642a849d0dcb7a15a974794668adcfbe4794b56,187,182,5
0xeac6403e1db546edc25179eb403085212600bb3d,51,0,51
0x3e7b38e7f6c089345ccca785b18890c528636673,211,0,211
0x3616318f92a42041f38ffa2e594e9b59b7d8f10a,59,1,58
0x74232704659ef37c08995e386a2e26cc27a8d7b1,151,1,150
0x1ddb38684ca7f07e9f62b97c6d872700edc8b7ce,54,33,21
0x4b16d95ddf1ae4fe8227ed7b7e80cf13275e61c9,122,122,0
0x6a47f2e78e6a594e594fd3e318f301e987b60d55,81,18,63
0x94d4a314fc718adfb3e9e25d3e3a984862ec7f1b,75,45,30
0x1a1073d1c161ed3eb25838ab8d74cd4d61ca2a5a,54,43,11
0xcc1240aa82c7c72ea57629420bd24e209b2ae35b,129,88,41
0x8971f9fd7196e5cee2c1032b50f656855af7dd26,211,211,0
0x7cffedb2f4fc0cd7c29af95488fd34554539589d,86,20,66
0xc55126051b22ebb829d00368f4b12bde432de5da,74,71,3
0x470ebf5f030ed85fc1ed4c2d36b9dd02e77cf1b7,85,2,83
0xe1d7c7a4596b038ced2a84bf65b8647271c53208,80,3,77
0x9bf17e99b3ae8cfb39466cbfc3bbcfe511270e1c,40,40,0
0x7e18f9a8a62b6348de03851173792f5ae74ef708,66,1,65
0x3302f0674f316584092c15b865b9e5c8f10751d2,129,12,117
0x12ce8670bf6a071a9d1a6518ef96923dd1c070d9,129,79,50
0x23c8ec51e03e04a00591caba9b202f089a6b6bbe,108,82,26
0x0eb65b4c3d3de340e1b15384f8f211784247a37a,148,49,99
0x3acdb27a3c9673338b27a31ca17f2fb76b79ef92,82,12,70
0x588cc41f9a813eaa86e7a346af3e07954470550d,74,56,18
0x31c2415c946928e9fd1af83cdfa38d3edbd4326f,101,67,34
0x0b3ae1dcc8ad62c1ab8693a9dfbfa246fc20482e,80,80,0
0x557b933a7c2c45672b610f8954a3deb39a51a8ca,245,245,0
0x5218e472cfcfe0b64a064f055b43b4cdc9efd3a6,212,201,11
0x83fbf5fe391dcaf4ef852b766b728729b6a47ae6,191,78,113
0xddd616648446da56821df1e1606161ab44b09507,149,49,100
0x98f832d1e7808652f380db21568dc96efc02e7da,84,2,82
0xa7206d878c5c3871826dfdb42191c49b1d11f466,373,46,327
0xe0258fb9a9a8baa379cd91174e587c04f39a1987,14,0,14
0x35d4718ca7e350007b9fd6b881912f65c2cd4c73,19,18,1
0x4c6cedf93a6c7572516b503f122eb1cfc0955037,115,29,86
0x3f5dd1a1538a4f9f82e543098f01f22480b0a3a8,85,82,3
0xad5f6cdda157694439ef9f6dd409424321c74628,119,116,3
0x43d3cc4439d2ac6fb93032004f6c094a5c21b185,76,57,19
0x807338b965280de52b2d5b3ebdab2bd348336ddc,59,58,1
0x6443132a9623b67f77537901f23528237923a70d,48,1,47
0x82840058ab0b44d0a1d208b24fa60ce8b88c1e91,176,171,5
0x3b9be07d622accaed78f479bc0edabfd6397e320,265,4,261
0x5c0920476efe00f0a00c40c4c546d228f0c652d0,51,4,47
0x0c20c04a60e8ebb844220c31c06caf769968e1ab,90,36,54
0xf0f7c1159a523ac3475ef80f4a7292ce9b33a2b5,102,45,57
0x41f58a8a5874d0ab9dda0d60649f10bfea6c2e01,30,23,7
0x617b80414dfa15da7f62238346022aa643832028,45,44,1
0xc8d3dcb63c38607cb0c9d3f55e8ecce628a01c36,56,56,0
0x484f5bbe75088a61372b4f8866d0e2c4292cf4fc,59,1,58
0x402cdbd1c4abab725b6970812bee1b08ac864854,87,86,1
0x029b340eb3f1230433d924900ab2382c106e97ee,22,18,4
0xac6a6388691f564cb69e4082e2bd4e347a978bf6,145,13,132
0x8ce66ff0865570d1ff0bb0098fa41b4dc61e02e6,163,8,155
0x0443c0bdf071b4ff1846fa2849b5fe094439df63,70,43,27
0xc221b7e65ffc80de234bbb6667abdd46593d34f0,123,123,0
0x3b3e0d7057cdb975542cae6db0ceeb150f8f6f0a,39,38,1
0xeba8b372776397ef3a030e3cd0c58b9d2ad3a449,109,109,0
0xf95d66433f277da32dfb3199e5f33ae64c1aafed,28,0,28
0xd0888b57f3b760129ad6b2f750e30f3f7760ade9,49,33,16
0xbcc3d1b4ddf3b9d38e7591c917d4db9501ecc3d6,55,2,53
0xb51f64a297122d44822fcceecea3ae63b98f4297,47,47,0
0xa8260cd3ab7dea3afa65044dccc5be15190ec6d0,60,42,18
0x84927e55ed03ea00732f17fdaa89f482ad12c005,495,16,479
0x48fb253446873234f2febbf9bdeaa72d9d387f94,162,162,0
0x5caf0010a824319a64aca8afec402574dbed2d99,82,0,82
0x7cba74d0b16c8e18a9e48d3b7404d7739bb24f23,272,11,261
0x0a36f2178c0db2c85471c45334a1dd17d130fd42,317,64,253
0xf1bdfc38b0089097f050141d21f5e8a3cb0ec8fc,226,88,138
0xb33595329e96a5f5144d2ec0100bf0b3ddcb9ab3,110,21,89
0x0f513e0aa598e1c2d9a5c125cba52dc2b58b19b4,54,33,21
0x0c51c3c7f8c40b56edc8ca421a4891d4ad023fa2,12,12,0
0x8fa6a34aa6a246f3e7f60d43f3596a5e61bed879,280,42,238
0xeb5d200d2308c2421f05dc524b5fa51a7f30592b,30,27,3
0x145ac4edffae802d8260d64e5720e4b210039c71,337,92,245
0x61e90a50137e1f645c9ef4a0d3a4f01477738406,116,5,111
0xc17c30e98541188614df99239cabd40280810ca3,316,9,307
0xc10a2fc76bc0ea798a15c31d095bf2a045e149de,126,5,121
0xfee26b861d62e746aadf8b6fbd067dfbf4ac232a,253,92,161
0xd26a6b1fd73c3575969d1a50d7f2908d53af411e,28,0,28
0xa73a3a74c7044b5411bd61e1990618a1400da379,28,28,0
0xbbab3bdb291b0f22bc9881895ff488a5db67bec8,52,3,49
0x02beed1404c69e62b76af6dbdae41bd98bca2eab,396,134,262
0xd151bbc88db8a7803a2ca7a9722037abdaca9b8e,125,109,16
0x15b7c0c907e4c6b9adaaaabc300c08991d6cea05,103,64,39
0x5499ee597543f528675dd23dcff05440dc3b1c6e,390,2,388
0x71868fff0140f9eedb8ba923482d27919ae7debb,22,22,0
0x13e1367a455c45aa736d7ff2c5656ba2bd05ad46,236,236,0
0x0d241ef213b2cd6f546b9116a6dd4060477e3596,200,1,199
0xf0776d6bc830892d2ec6c125f2cef40fabe3d89b,108,65,43
0x966731dfd9b9925dd105ff465687f5aa8f54ee9f,82,82,0
0x1bd460f46a62503837b8853a089f941df515fe1a,58,41,17
0xfb9e9e7150ccebfe42d58de1989c5283d0eaab2e,183,92,91
0x5cd2fac9702d68dde5a94b1af95962bcfb80fc7d,93,68,25
0x3724c5a69432268fd7abf6e1b1503c9e24d5291e,327,175,152
0x418cbb82f7472b321c2c5ccf76b8d9b6df47daba,126,126,0
0x589b89164ce781475df59db280b42b13a640100d,227,3,224
0xc2237cd641ef6015714ce254e98afaeef48867d6,18,0,18
0xe48814b0569b744e6e75ef28403bdd7a6e7b5237,254,82,172
0x6fc981d119fce9f7d266548a88031bee44056209,27,0,27
0x382f0160c24f5c515a19f155bac14d479433a407,276,97,179
0xc656b2279b0fdf761e832133b06ce607fbbcbceb,74,19,55
0x0af55d5ff28a3269d69b98680fd034f115dd53ac,124,39,85
0x6243d8cea23066d098a15582d81a598b4e8391f4,125,125,0
0xafbf03181833ab4e8dec24d708a2a24c2baaa4a4,77,27,50
0xbb6484721308f8bc6851290ce170adcfa6ea0cb5,120,47,73
0x75f52e1a6062bf46e125feeb6f16812c838dc07e,101,76,25
0xe84389ec084def478cd64bf9f101390b436bd364,64,29,35
0x2b56a2e62cc69a4c19c90868abc75751b94d7b36,130,95,35
0x4d05e3d48a938db4b7a9a59a802d5b45011bde58,101,63,38
0x4628f8bba191205d334fcd3ffa8d4a436ca3e012,295,6,289
0x1bb08f4c63e891049fbb716fe4636392e32b4f7c,65,2,63
0x0ed518b5d9872129c4fb23cee7bae27ef3701f87,164,37,127
0x99e9b0a9dc965361c2cbc07525ea591761aeaa53,17,6,11
0x085d8213b41eac0a6c5533900a15495af68dd358,187,88,99
0x947aa772cc1646a66a90e94ff779ff1e28b009a7,127,124,3
0xecdeb3fec697649e08b63d93cab0bb168c35eec5,139,138,1
0xb8baa0e4287890a5f79863ab62b7f175cecbd433,169,169,0
0x11eef04c884e24d9b7b4760e7476d06ddf797f36,184,184,0
0x2aacffb2abbe1f5be717db124ccee1b021e6e1eb,141,19,122
0x5f758581590c45a308f7a66dfd679a80f83c4b52,29,28,1
0x41231dadda96380c114e75e0da8a2b207d9232c2,86,69,17
0x4cc28e4c678dde29fe8b276c915ec899dc94133a,333,74,259
0x8db253a1943dddf1af9bcf8706ac9a0ce939d922,48,1,47
0x59485114d8e7791741f76da3f4317b78c8471c32,161,34,127
0x50f7517029c505933cb5d6e9c897245226f4317b,65,65,0
0x698fbaaca64944376e2cdc4cad86eaa91362cf54,357,184,173
0xf726d071bfc09236b2d24e3e3de435874d4cc58c,75,35,40
0xd4048be096f969f51fd5642a9c744ec2a7eb89fe,115,88,27
0xf38c3e836be9cd35072055ff6a9ba570e0b70797,132,130,2
0xc05d14442a510de4d3d71a3d316585aa0ce32b50,203,203,0
0x788defd1ae1e2299d54cf9ac3658285ab1da0900,55,40,15
0x44a02d74b5b8b50511e58490dc7d450a887b36f8,114,72,42
0xed94ea1aecdbf56e1fb49d90f348f15b4043e6b5,150,150,0
0x4aa15e87afa6740fe8e2472da142584da5189be4,45,34,11
0x0aacfbec6a24756c20d41914f2caba817c0d8521,395,395,0
0xfa82806e74c02c9dd21636dae9a6048bdde7dbee,70,0,70
0x995020804986274763df9deb0296b754f2659ca1,367,366,1
0x3aa510dc091980e3fddede457e7597bfd5d4d64c,53,52,1
0x007029dfb0bc69df0303e48d3e458efa3db6d98f,415,20,395
0x8cdbbadf6a43a00426a85a1031f64df6035fee31,52,31,21
0x27d270b7d58d15d455c85c02286413075f3c8a31,49,26,23
0xe9291902485bd6f9e70e00a077c20308d1798dd6,23,23,0
0x6f3b255efa6b2d4133c4f208e98e330e8caf86f3,124,43,81
0x96fc547d99d14401acb64900ee85ae8d076b1830,93,33,60
0x9445ed604399b1559e240bae2917fc2185184b8d,59,59,0
0x8b7832b70400c84f6ac4e707e70939f6a92e9646,244,68,176
0x8d4100897447d173289560bc85c5c432be4f44e4,196,109,87
0x8609075b1944bc2ce9fb48986978725f145d625d,150,149,1
0x0ffa87cd27ae121b10b3f044dda4d28f9fb8f079,258,186,72
0x508ffd6a182e90532b9b6cbca47010dc4ad411c6,257,4,253
0x3aa35593b383e6fa4305d43d4a5da6d45f0504b9,48,24,24
0xdb05ea0877a2622883941b939f0bb11d1ac7c400,138,37,101
0x7f3edcdd180dbe4819bd98fee8929b5cedb3adeb,134,134,0
0xc13f4f0f865bac08f62654b57e38669ebc4747a3,153,0,153
0x20a8cec5fffea65be7122bcab2ffe32ed4ebf03a,108,5,103
0xe4b679400f0f267212d5d812b95f58c83243ee71,160,160,0
0x2ab03a6eebfa9b7aa51d3e883e4780b482b609fd,42,0,42
0x1e988ba4692e52bc50b375bcc8585b95c48aad77,277,153,124
0xed91879919b71bb6905f23af0a68d231ecf87b14,303,219,84
0x6c28aef8977c9b773996d0e8376d2ee379446f2f,167,111,56
0x732c1d84a88df099c459befab680fa9e97bdcd35,47,2,45
0x6494749445bd95f81cd880439460195432279552,41,0,41
0xbca5d4f9c1b6d5c8e0bffc8a5937948112ce3f19,74,24,50
0x39e51016334f5888aed3ea03a05310ff41e18596,59,0,59
0x1d07d213a6fb329bfa1ef1a15239dfaad2219f73,134,55,79
0xd58434f33a20661f186ff67626ea6bdf41b80bca,92,20,72
0xf8ea198b78ecfaf0309a213e937a2b89acd5101d,29,15,14
0x56e5003cc86e75e750fbdb4716c80a2a22d2b5c5,112,98,14
0xd08b02a76552fa54d8616f8d42c3cf0de3c0a9ec,221,220,1
0xa6f7645ed967faf708a614a2fca8d4790138586f,71,71,0
0x614917f589593189ac27ac8b81064cbe450c35e3,115,105,10
0xe80b2538f33b15c8070db18b1a1cd3bb961c34f1,106,78,28
0x8052a3765df60dff44eb911982c8ef1ca107ba1a,178,178,0
0xeed560b1b0172baa6e137c27aa0a643326f360d1,209,3,206
0xf5d669627376ebd411e34b98f19c868c8aba5ada,187,187,0
0x2e6f4e6c24043e2089ddb8a8f84273b5c26ec639,152,3,149
0x3644c53703d7f7b85678ffa14edfee49bc84f5c5,180,79,101
0x4ee54bea7966bf21bec4fd96816a95a3610f2e45,55,55,0
0x67ed645ec1994c60d7e3664ca2bed0a56b48595f,297,54,243
0x08613bff1268dc9b0928f760b86f520fb3727c5c,64,29,35
0x36be66704b4ef4d07867c38ac295cc876af7f981,67,67,0
0x83e9f223e1edb3486f876ee888d76bfba26c475a,86,86,0
0xe4122b32213221508f4b49f54c79a08e28951c07,115,1,114
0xeccae88ff31e9f823f25beb404cbf2110e81f1fa,154,4,150
0x27702a26126e0b3702af63ee09ac4d1a084ef628,299,299,0
0x376588763a9b0ead13b43db3f6fdb3be70eb4b1c,143,68,75
0xc98d64da73a6616c42117b582e832812e7b8d57f,122,122,0
0x0827b6c6e9c53f2de4327ad172fceec9987b5c5e,30,30,0
0x5af15da84a4a6edf2d9fa6720de921e1026e37b7,213,24,189
0x549aa38949b479def938bea22aba1d81fe28352f,108,65,43
0x715978e9c4e45967304a367fe24426ea1a5c0403,221,2,219
0xc7926bae96dcfecfbe44e0bcfbe19f0be2dbdb1b,80,0,80
0x3c7f662b19327ea4d30561b515536472f4c8435a,25,25,0
0x65f2e558ce981a15541571be8188524ad75cad8a,215,1,214
0x27a84f81605f06449ebf2b81e587540311cceaba,49,21,28
0x0d19fa45be2b59c804395b32d5bdaa20bc884896,28,3,25
0x8d5ac44f019fa9d233d9f0c0a42d4d113edf0c09,70,22,48
0x144e3b02e08e644ffbb7ff652763f5b72ee22701,42,42,0
0xb753428af26e81097e7fd17f40c88aaa3e04902c,232,206,26
0x810ff7073b98ff8706876750196c65a77c8bbaac,174,172,2
0x7cf7f5383496e17cf742464606aeea24f715dbde,122,55,67
0xadc28cac9c1d53cc7457b11cc9423903dc09dddc,179,155,24
0x86f7692569914b5060ef39aab99e62ec96a6ed45,217,6,211
0x915bdf48e61fb3cb39c8339fb10108d9b596171c,59,43,16
0x251457b7c5d85251ca1ab384361c821330be2520,144,144,0
0x3106a0a076bedae847652f42ef07fd58589e001f,136,104,32
0x81bf66ad88f4569d5d31711ee7b5642e4ef9bb68,199,114,85
0x612e1726435fe38dd49a0b35b4065b56f49c8f11,45,2,43
0xd1ba9bac957322d6e8c07a160a3a8da11a0d2867,69,69,0
0xfe41d6ba0b87056faa087fd93f68c4f9a3e683e7,491,5,486
0xa1cf519debbf6300992a9f7f76c85011d2373744,90,69,21
0x4f2ab9d03ce5b8d0d3bca09259c78005d2775e08,138,48,90
0x0b5c9081e818e3b2cf677e7f42391de34d6ab2f3,110,46,64
0xae788f80f2756a86aa2f410c651f2af83639b95b,62,62,0
0xaf86fd8f612d60ba503d5eb128f9eaf74a523c5d,140,3,137
0x700f045de43fce6d2c25df0288b41669b7566bbe,82,0,82
0x956f1595ea549c5a91a56d28e7c1a3009c8157e7,29,0,29
0xda60730e1feaa7d8321f62ffb069edd869e57d02,345,151,194
0x3b09b9adfe11f92225b4c55de89fa81456595cd9,220,30,190
0xb7e6158c97895b23add2cefcc7599e393de5b406,78,2,76
0xdaa9a36333379d0c00abb2efe0066de7e88c94a7,351,114,237
0xdef1ca1fb7fbcdc777520aa7f396b4e015f497ab,81,76,5
0x3bf447963c8d8bdf06751528de40efb0849f3037,210,2,208
0x249e38ea4102d0cf8264d3701f1a0e39c4f2dc3b,258,258,0
0x4ddc6d77c37c6c11dd5dbde85d96290ff3b2cab5,95,14,81
0xe9a1a323b4c8fd5ce6842edaa0cd8af943cbdf22,139,14,125
0xe1b05227824e45f5713ea8bf6e4ad59b3d4a98ef,311,40,271
0x7adcc055d2a46afb40cae0679e59801d6d7fe4d9,53,52,1
0xff7e285b87e7f9247f0953cf8cf5cb24eede4b9c,211,0,211
0xde371dad8d8fe3799b8dc60560341614228c5aaf,97,36,61
0x4f8ab77e9a839f624d5b00cf227bd61d17957840,175,70,105
0x51af0de2f4e2aa6898c52c0036b07d2156272134,75,47,28
0x9eeeaf684e228c2d5c89435e010acc02c41dc86b,294,133,161
0x44709a920fccf795fbc57baa433cc3dd53c44dbe,173,173,0
0x86818955a7476349938334981eb5c39416bad5c8,72,60,12
0x0027fcb9c3605f30bfadaa32a63d92dc62a94360,325,2,323
0x91673149ffae3274b32997288395d07a8213e41f,165,163,2
0xc6e145421fd494b26dcf2bfeb1b02b7c5721978f,61,61,0
0xc487e5286cb522bd5b3241dbbf2a4019dbb0d5f8,128,103,25
0x3efe5b89110dc566d47b4a30e90462ba76968e5a,138,2,136
0xe8ff5c9c75deb346acac493c463c8950be03dfba,295,295,0
0xd629fe374143b60ff4b0decb81673ee85a977d17,61,54,7
0xe028509230bdf46383288bc98959f9db52ff7fcd,53,53,0
0x86e345d4113e1105053a81240c75b56b437da6ef,124,37,87
0xfe515853b93687bca303125b98bab1e8225ae765,30,0,30
0xbace7e22f06554339911a03b8e0ae28203da9598,216,83,133
0x90bc95fe1b65df5db9ecb12f2dc0a555b05ad7f2,312,8,304
0x9c48aaee3243a2e0c3b991386dc39f0027cf2ad7,17,17,0
0xb57420fad6731b004309d5a0ec7c6c906adb8df7,78,26,52
0x7761af11c8dff84e72d8208d9dd86330ae3d0827,19,0,19
0xf6ee484f82f28d69688f37fe90af514ce212b7c3,470,416,54
0x3b6893ee6dcc9c108a9b7f67f9431aadac580649,15,0,15
0x520e08245865af97709f9d693a21901e78c7f645,117,73,44
0x653430560be843c4a3d143d0110e896c2ab8ac0d,197,197,0
0x6fc5af63990aa9e5c5543f5cd8ed148bfa6d9d19,79,24,55
0x1cecfdba1aebc9f400fcbe1a16c02de29024ae1c,24,24,0
0x4eca3d3d8148a181226861bb3ec3514706360362,87,1,86
0x9afb950948c2370975fb91a441f36fdc02737cd4,229,221,8
0x1cc29ee9dd8d9ed4148f6600ba5ec84d7ee85d12,180,60,120
0x30efb10082622869a3233a65db5cbefc0ad351eb,72,8,64
0xaae71bbbaa359be0d81d5cbc9b1e88a8b7c58a94,145,93,52
0x8b3870df408ff4d7c3a26df852d41034eda11d81,87,87,0
0xbaa9af8a83500ac4137c555b9e58ccb3e1f2269d,108,30,78
0x5660d118122ebf4a5b6b233735e203ca46ff92c2,147,1,146
0xec67005c4e498ec7f55e092bd1d35cbc47c91892,312,312,0
0x6755630c583f12ffbd10568eb633c0319db34922,269,44,225
0x3b58c52c03ca5eb619eba171091c86c34d603e5f,95,45,50
0x85eee30c52b0b379b046fb0f85f4f3dc3009afec,497,139,358
0xed040c7dbb44fed124d8cbf4b68deab715de1db7,18,18,0
0x244154f58e9bf6c15c3a09846efb7becfe92a880,32,4,28
0x1ecb59aecf1fc5da695242c6e78c2007e775d40f,165,164,1
0x448f3219cf2a23b0527a7a0158e7264b87f635db,157,36,121
0xfc2068c3d47b575a60f6a4a7bf60dea0ac368e01,282,134,148
0x45ec819d71fcc4a2ea58ff70e66d4216c403a424,74,74,0
0x9d5963ba32e877871dff3e2e697283dc64066271,134,134,0
0x52c5dd8a4ffb5a24121d76c222014697b5e6cc6e,132,82,50
0x60eb332bd4a0e2a9eeb3212cfdd6ef03ce4cb3b5,117,117,0
0x19fdc290974b574065ff8db4303a0b76aecf223e,66,66,0
0x3d84cbdc126b1d9dca50bffe0c7bb1940a4d029d,146,109,37
0x54616c0815c306fc22417b96282ca4aa6f47d357,414,5,409
0xc744c8f5d1c5b289e9505b46ccc76c7070d9b858,47,2,45
0x5d2bf3b4264efade95fc89348f1367fca0552861,339,7,332
0x313d47ac9106ddcae354ba601a0f9097375587f0,122,68,54
0xb03b865f060f82400d31705c035e5c2f2b1c1951,80,52,28
0x6be69b2a9b153737887cfcdca7781ed1511c7e36,122,2,120
0xb08a61d96108136439180ad3f3e340a24e448f6b,136,109,27
0xc9f27a50f82571c1c8423a42970613b8dbda14ef,113,52,61
0x8564653879a18c560e7c0ea0e084c516c62f5653,169,169,0
0xc0840ec5527d3e70d66ae6575642916f3fd18adf,170,170,0
0x5dd57da40e6866c9fcc34f4b6ddc89f1ba740dfe,75,75,0
0x08f0b2a4351514e63e9e03a661adfe58d463cfbc,89,89,0
0x3a4f40631a4f906c2bad353ed06de7a5d3fcb430,136,133,3
0x1796ae0b0fa4862485106a0de9b654efe301d0b2,244,8,236
0x89ece0c728a5f7a908c482641c3736c13bd77dae,86,67,19
0x0ec72cd6690db40b16be166858299f19d4f8e5b0,94,2,92
0xe624621ce169e165b3d03053e36aa64d33cc31db,22,22,0
0xf6cf31c74d05a5879df2ec7ab2acce687e6b09c6,183,182,1
0x901ea3606d567f9f1e964639d5cbb8659080be8a,34,34,0
0xd05dc200c9a40e83718406a28b337451e3c994b8,69,69,0
0x0445b21526be5809ec28f169bff96f5e7eff0352,27,1,26
0x8fc7f11342dbe913f783833342291c1f26a64363,73,72,1
0x629d37b273c05597c8befb7b48525803b202d9ea,410,367,43
0xc08512927d12348f6620a698105e1baac6ecd911,325,325,0
0x497a9a79e82e6fc0ff10a16f6f75e6fcd5ae65a8,384,59,325
0x88e5ef9fd7154727fa0268f26d188e77612e1d32,150,117,33
0x27eebe5d6532f1f00d3a214725097d21c85bb646,371,41,330
0x09a9b1061f15a4d1c4c247ef9284ff38000bad2a,195,4,191
0x18f87c05325ae47bfe75c039198b3dc1cb2ed23d,231,200,31
0x4f662318efb4b3041ea0d47304d94eeda419cd2e,325,86,239
0x6db3bf96864d8f9d6b29c0d3dd9d76019b98ce9e,35,15,20
0x51aa283a37771b33101e88658c440951ee0ae02d,381,121,260
0x88b7063107d2cf7fac83e30b37c938fe42c56040,120,1,119
0xc836e4a06a193f00350eb07a23d731621aa6027b,108,33,75
0xa2abf3474be8dd25e40ff10a339354bda083e892,41,1,40
0x34c4eba1966b502dfcf0868b6f271d85cc8a2312,150,141,9
0x754854d0ee6a6a15a4010672ab489be2ec967f21,39,38,1
0xa774ffb4af6b0a91331c084e1aebae6ad535e6f3,89,89,0
0x115ec79f1de567ec68b7ae7eda501b406626478e,287,287,0
0xf90733ab2f368ffe41bfba80443e04fc33321f67,134,25,109
0x74ecb5f64363bd663abd3ef08df75dd22d853bfc,169,71,98
0x772aa30eb700ba9ae85a0f85584dc6231eb8d9ea,30,13,17
0x13d15d8b7b2bf48cbaf144c5c50e67b6b635b5cd,130,122,8
0x00000003e02101799c6d82dc467db1fbcb4d867f,27,26,1
0x3a5edff0a7e4dd1f75725fbfb40b64c2a38263dc,99,92,7
0x22987407fd1fc5a971e3fda3b3e74c88666cda91,137,137,0
0x31ea0de8119307aa264bb4b38727aab4e36b074f,36,0,36
0x7dd04448c6cd405345d03529bff9749fd89f8f4f,191,78,113
0x32e3ae01eab5d5d5e95aad5d4936a8bf6421a61d,20,20,0
0x0fd67b4ceb9b607ef206904ec73459c4880132c9,85,85,0
0xe7e07f9dff6b48eba32641c53816f25368297d22,206,55,151
0x9aede54445ccf900413c7d0cae3b588b831b0098,340,4,336
0x0910a580c69894375f584fbda44b2ddc90704daa,68,0,68
0xf711f6a6b41a8d2339237da7c5db1f6eebc0d9e1,57,53,4
0x252b9f56359901a0bde52d0675b1f1130d86f471,114,114,0
0x798fcfc792e7aa09c0e08f3395bda5a75c3295f7,231,231,0
0x4cff49d0a19ed6ff845a9122fa912abcfb1f68a6,79,79,0
0xe36fd7cd5c67e0d7c3ce9a413a52b63592fd287a,100,5,95
0xda5bfe0bd4443d63833c8f4e3284357299eae6bc,261,32,229
0xc4c377565a4b9eb6e657c2422bd33b6e4859b041,110,110,0
0x69d38ff11285941f2f6cf8c024f2af7ae51f79dc,21,20,1
0x793786e2dd4cc492ed366a94b88a3ff9ba5e7546,205,205,0
0x9ef0e1254d07a8134d3768f143f2bcb631b57c40,117,0,117
0xb620be8a1949aa9532e6a3510132864ef9bc3f82,67,67,0
0x5f001a2a283d58192e9af7181ad10110fbbeee19,174,4,170
0x5d1a320ee266cac2d89190a2958909c993c79128,50,39,11
0x0ea3ae1a8f9ca3da867f20a2e3417612bcd80e68,13,7,6
0xdc0fc76a7e38b63e713773e9a44ef0d7867f7672,142,97,45
0x85f6eb2bd5a062f5f8560be93fb7147e16c81472,153,30,123
0x2dde86634921a42b3c662c1c99cda8301cdfd273,135,125,10
0xdb5b3dc41fde2851ca4ae992073f41f4ffd39539,340,129,211
0x3cd859effbb3375acde3e2941c7e8e833221dfb1,170,169,1
0x598fdd501e1e0eddd34069d38ea7b40e35cb1832,141,122,19
0x94b6f3978b0a32f7fa0b15243e86af1aec23deb5,205,197,8
0x3110ef5f612208724ca51f5761a69081809f03b7,196,189,7
0x01fe2358cc2ca3379cb5ed11442e85881997f22c,103,98,5
0xd5cd84d6f044abe314ee7e414d37cae8773ef9d3,100,99,1
0x980c9a33ec42024e25c6ef01ede64e920526b180,91,38,53
0x247133f8145bd1e42589e326e2f5baaecac6f1e8,75,2,73
0xd493c2d5dc1315b80ea9ee210971c15f04161027,34,0,34
0x8d6f0f6149e0717fd31b167947c6226e3d2f69b9,69,0,69
0xe01384abda74a2e3510bc2e8bbc21feb9cc5dd24,81,79,2
0xc84e3cc9eb54e118f3944985e8b862bbde09377c,44,43,1
0xd5692e2d9432d8aa933b2cc06cb2113705262850,52,50,2
0x75b4384108b63be2beab3c944ebf5c5787066791,88,88,0
0x97f62a99136ee425832df1804972c716e8c51332,17,17,0
0x17ed38f5f519c6ed563be6486e629041bed3dfbc,270,131,139
0xc4a92b15ec1a48a82b4afb79222d06d03de9d616,38,1,37
0xbda2481db91fc0f942ed3f53de378ba45ba9d17e,231,222,9
0x36d30b3b85255473d27dd0f7fd8f35e36a9d6f06,103,8,95
0x6e42262978de5233c8d5b05b128c121fba110da4,335,46,289
0x7cf939ea03579ca8bf9e047a6b5f7b2988be396f,69,4,65
0x9a760fc1b9e33735fc5e7cf4bcbd448dbf6d4fec,18,12,6
0x571f39d351513146248acafa9d0509319a327c4d,228,8,220
0x15c6ac69b682a970a382c288f77e390786b0b7e1,21,0,21
0x7475c42f8bf2c19f4eaf12feaababa859fdc8914,113,61,52
0x8728fb57b46eb2353d66ea86e335451e8c5edcc9,56,55,1
0xb2780d1162ec0c8b286c2db9b48e32ce41d26e5e,46,0,46
0xfb1776299e7804dd8016303df9c07a65c80f67b6,31,7,24
0x94ef36a4874260036b368fbb088abba369e50279,366,29,337
0x5621f0501861f7b0f069b627c4b109869717df70,57,2,55
0x1e06b4e9309f5e664b19a5179966ba5dbd903bec,121,10,111
0x637598669c5383e94117959ab84f765b086aa4fb,49,48,1
0x22f26d7b074391c483a9952ef2e2b8f6b208d897,70,49,21
0x5fdb2b0c56afa73b8ca2228e6ab92be90325961d,356,356,0
0xaaab5040164ead4427cd43366610740692897c40,262,261,1
0x4575f41308ec1483f3d399aa9a2826d74da13deb,315,315,0
0x825d7da423ff393ea2e06a6305a06de47a753dd0,43,37,6
0x3a7dc718eaf31f0a55988161f3d75d7ca785b034,188,2,186
0xb113f4a2bfe541ae99458b1fa29fe2440cfd0142,51,40,11
0x759c6de5bca9ade8a1a2719a31553c4b7de02539,249,249,0
0xc101916cd9ddeac5a6f915eed033b1b6e4a637cb,195,126,69
0x575ccd8e2d300e2377b43478339e364000318e2c,169,72,97
0xbba12740de905707251525477bad74985dec46d2,253,74,179
0x1a895bd59618107222b3e9160800f7eb53e5495b,78,77,1
0x675bbc7514013e2073db7a919f6e4cbef576de37,91,87,4
0xe56891ec8fbc6b74cc8a8d0e92eb53b34e9ac1fc,103,97,6
0xe8e6c3807084016b55cc4a71e3817a36f10eee3c,41,39,2
0x0fd10b9899882a6f2fcb5c371e17e70fdee00c38,264,264,0
0x45540de697d2b3d825778b1f8d5bbf1a247841c1,77,77,0
0xc1e729cd98766b2cbdd337f4e76268a7a9ea467b,404,396,8
0xb5e9f6c58f548cee53257304e287b23757effca1,297,39,258
0x9bbbafc845813d1580427ecf69e576b02fa4d626,105,77,28
0x505b5eda5e25a67e1c24a2bf1a527ed9eb88bf04,147,118,29
0xcfeaead4947f0705a14ec42ac3d44129e1ef3ed5,64,64,0
0xaf18c1e28c372dd8b866fe6dc6356fb0b9fb6a38,70,70,0
0x9cf178df8ddb65b9ea7d4c2f5d1610eb82927230,496,338,158
0x5058b77cbd029f56a11bd56326519e3ec0081cd0,83,61,22
0x6bade003edf7bc29f2e8b858233d21c302c2007a,15,15,0
0xdbddf072d7aae7b9288e31a4eebe6c54e3a143b1,97,97,0
0xb5c77614bf35244bf2e05eae16299849e7484238,72,53,19
0x36d7b711390d34e8fe26ad8f2bb14e7c8f0c56e9,199,198,1
0x046fc661145d68fc61a5be6176241455b55fb2f6,47,28,19
0x936dd3112a9d39af39adda798503d9e7e7975fb7,259,23,236
0xe49cb97091b5bde1e8b7043e3d5717e64fde825e,73,4,69
0xbf66f2d9630a033022602c3279b04b4a37399927,62,0,62
0xa46c8fc9fd197dd255bd958e4084603517e89a30,75,19,56
0x94638cbf3c54c1f956a5f05cbc0f9afb6822020d,249,7,242
0xb1e7d42694308b707d7043878cd0aca1a0c56a0f,49,18,31
0x8aeb57b948890c1c2dab3266444376a3f09d82c6,62,44,18
0xf7413489c474ca4399eee604716c72879eea3615,152,152,0
0x62674b8ace7d939bb07bea6d32c55b74650e0eaa,253,253,0
0xdc5864ede28bd4405aa04d93e05a0531797d9d59,151,151,0
0x4c4808459452c137fb9bf3e824d4d7ac73655f54,85,42,43
0x5b29d4c6de73fa99ea53172689b7f62c99408e8d,189,132,57
0x1bbb57def2f6192f0b9b8565f49034bf1fcdb604,324,324,0
0x76194f083ccde0a111330f0f67252751a45f8e52,28,28,0
0xb1f2a25ffb2b095e99f430caf507cc31f9a3eaab,103,4,99
0xf79f9020560963422ecc9c0c04d3a21190bbf045,86,47,39
0xcbc6922bb75e55d7ca5dabcf0ea2d7787fd023f6,46,46,0
0xbe4e191b22368bff26aa60be498575c477af5cc3,171,171,0
0xe1590a6fa0cff9c960181cb77d8a873601772f64,61,61,0
0xd0345d30fd918d7682398acbcdf139c808998709,73,29,44
0xc1328cf1cf8db8a5fc407cd56759007c7d20e398,196,195,1
0xa2569370a9d4841c9a62fc51269110f2eb7e0171,357,64,293
0xcb84d72e61e383767c4dfeb2d8ff7f4fb89abc6e,106,3,103
0xd3228e099e6596988ae0b73eaa62591c875e5693,176,63,113
0x282bdd42f4eb70e7a9d9f40c8fea0825b7f68c5d,120,120,0
0xca72fecc4bdb993650654a9881f2be15a7875796,359,21,338
0x1d6bb2d0c9dfe9d0da142da3e0aa8c181217e0d3,188,99,89
0x8600d97b5dfa63d3e9a5e82d0257f97ee1e7bece,2,0,2
0x965b85d4674f64422c4898c8f8083187f02b32c0,47,47,0
0xb1e93236ab6073fdac58ada5564897177d4bcc43,260,260,0
0x5a817e0db5712ababd75c6037bf5c83d87c79d19,194,193,1
0xad6917fc71101d377f5cbbc5b1fc0e941f08ae58,182,66,116
0x78ad336e577c99774618a470f14a9fefdb371d2d,90,46,44
0x7714f320adca62b149df2579361afec729c5fe6a,323,159,164
0xdc51a1f6e6dd40296ea02ffdf9dd7750a2417be1,184,159,25
0xa5fb4e920c30a4a8158521783e527974ec6aee85,121,1,120
0x30f055506ba543ea0942dc8ca03f596ab75bc879,406,2,404
0x565abc3feaa3bc3820b83620f4bbf16b5c4d47a3,330,8,322
0x2b19466ee159de81c0393b933472bba4ebd8e0be,103,81,22
0x3cd2bb7ec65bb5dcfe78089b2e990c6bac2bfb35,127,107,20
0x16356944741a719b02f63e8f001f7ed7ec79c969,211,211,0
0xabd9f85030df1ec2a3117fa12b42c73a0d6fdc5d,93,93,0
0xa5f9211240d9d8c40753f713b11e67719e7d2260,74,26,48
0x22c08c358f62f35b742d023bf2faf67e30e5376e,418,415,3
0xade00c28244d5ce17d72e40330b1c318cd12b7c3,232,232,0
0x374fb05c96c36348b92e38fb088b26b8511e3b3d,27,0,27
0x322642ea10c801080caf251aee260f3bfc5172cc,197,176,21
0x69b9c98e8d715c25b330d0d4eb07e68cbb7f6cfc,248,247,1
0xf9b8e02a97780381ea1fbdd41d7706acd163dd9a,53,30,23
0x881c822cba3325a8692c37c470d2f9654454df84,95,75,20
0xf5b969064b91869fbf676ecabccd1c5563f591d0,158,150,8
0x9534ad65fb398e27ac8f4251dae1780b989d136e,154,154,0
0xc92ceddfb8dd984a89fb494c376f9a48b999aafc,256,12,244
0xbd2949f67dcdc549c6ebe98696449fa79d988a9f,163,163,0
0x3b11da52030420c663d263ad4415a8a02e5f8cf8,17,17,0
0x9571cdd8acb71c83393290f0d63a46173ddde65b,19,6,13
0x49efd5986807b139048ccc00b4c09f2135b5a8a8,108,106,2
0x3480a0c6b20ba329fe15d618f74b1b28f13411b2,71,65,6
0xdf79224d959126bef179d3fe37de77de353a2bf6,52,24,28
0xf0b49f1061c41098f70e1a6103e7626e4c89d8cb,70,44,26
0x88091012eedf8dba59d08e27ed7b22008f5d6fe5,177,4,173
0xa01892d97e9c8290c2c225fb0b756bfe26bc9802,261,4,257
0x3769c5700da07fe5b8eee86be97e061f961ae340,100,78,22
0x283a844bd9bfae7655b72430c2c11fd57b01f1c4,47,39,8
0xd0478462073844d971b4520b7c1706383e67bee2,100,34,66
0xa0f0546eb5e3ee7e8cfc5da12e5949f3ae622675,125,31,94
0x1f01f454bd3142682a74e9eb93bdc0f7b8b12940,67,48,19
0x3734dc0d241b5ad886fa6bff45ffa67252ac0e89,104,48,56
0x7401aaef871046583ef3c97fcacd4749deb88448,105,82,23
0x3f95b55b591e188d845e1d68531555322c8a5507,195,77,118
0xdb3b2e1f699caf230ee75bfbe7d97d70f81bc945,319,105,214
0x52f6af183a4680ee87d1403e8e8d25fc2c569cc5,29,1,28
0x582b874af6a8d0ec283febe1988fb4a67c06e050,273,101,172
0xc771b20ccf86a520cb7484bfb2d3621919b23086,36,0,36
0x0048309a970094a68ef7eb56a561302c08c91898,85,85,0
0xc28e0d3c00296dd8c5c3f2e9707361920f92a209,124,124,0
0xc9fe6e1c76210be83dc1b5b20ec7fd010b0b1d15,76,74,2
0x41f57e862c863721322d0dd0fe8ea8091a459439,392,52,340
0xa6dd98031551c23bb4a2fbe2c4d524e8f737c6f7,163,87,76
0x6a5418b18a59452a05dbcc1cd80d9ed61b4cbe05,96,74,22
0x4efadff2c961102d9b3296b0e42ce3786b5d6d7d,120,44,76
0xb0141991c0fdf50dfea959e8ca59a5a9d6e262ad,97,97,0
0x9a989735ad76b2a7e0f888069dadfffbacdbe267,86,68,18
0x2f2e1edf30bf7bfa8ba13c8c16bf3347f0e238ff,375,372,3
0xbf662a0e4069b58dfb9bcebebae99a6f13e06f5a,90,64,26
0xc9e2c9718ff7d3129b9ac12168195507e4275cea,262,165,97
0xa44b71ceda1fd13cff37eeb7209a9c9edfe479ce,33,1,32
0xcbc67ea382f8a006d46eeeb7255876beb7d7f14d,444,93,351
0x6991b7da25bb883960ad344fa6689f5525fa2d82,64,41,23
0x706fbc8b9523121953d0a91022f92660599bdf13,40,40,0
0xe03c1a549cb9d90051c9ab6bbe8fa8348c321f87,44,28,16
0x4935ddc88a6872a545a2bce18153bd652fbde67d,38,29,9
0xcbb136c9d9478172f52abb2a903e16865770f058,85,0,85
0xd049206fb408a611e543791f2d8f102a8bc253dc,66,66,0
0x301144b43d8dcba1b3e9f70ed7338d0751d700a3,81,80,1
0x327f25b05a291817fd10bab26053f0eb66c16158,106,25,81
0xa626f0c2d01281d9f82bfb47eb39f5ef66a92d17,484,188,296
0x358f8ac9a5f8891cb98f61ce5f6466ffc8e28c68,148,142,6
0x047c1aad2b91466893f40dfb775dbf9056b8705f,47,46,1
0x14db21f6d5bfbb0451c6af1f9682ca3e190c9881,126,7,119
0x592ee9695b18c38d4c99567633ffa23823a7eac2,259,101,158
0xde68c39be70a43675ac3f694c4dcbf8991c5dbc0,63,0,63
0xdeb43523e2857b7ec29d078c77b73709d958c62f,224,67,157
0x5c3cc8d8f5c2186d07d0bd9e5b463dca507b1708,161,6,155
0xfd7c6a97ed8d42844dd163f5b3ab021202ac6802,55,54,1
0x6c5fbc90e4d78f70cc5025db005b39b03914fc0c,108,108,0
0xcff8b97bd9c075d93822285ecd4a56a536926b6d,197,17,180
0x2cc07c210d23ab38c4d031ed51d543fc0a635ee9,329,65,264
0xcab2b7614351649870e4dcc3490ab692bf3bed60,113,113,0
0xb4efd85c19999d84251304bda99e90b92300bd93,306,306,0
0x37504ae0282f5f334ed29b4548646f887977b7cc,383,383,0
0xa6ead9c26580e04dd33a4bd10cd7e8a0d44ab638,25,0,25
0x2df63ab4f5240823c5112338741bce71d284109f,98,29,69
0xb8324885ffe77b2a69f9db4d7917ad2ad1b8f957,220,220,0
0xb2f57ff4e1fea6100dc8ac965f08297738825fee,106,2,104
0x074ec67e45391426ce1bfa45ae01c12f51d95129,400,400,0
0x1daa11cfd5cebb1c250e8620e166a85f887a8b65,33,31,2
0x34913a375683474f0f3022655a07aa59cc848848,102,0,102
0x7bef710a5759d197ec0bf621c3df802c2d60d848,172,172,0
0x467bccd9d29f223bce8043b84e8c8b282827790f,320,320,0
0x8399d6351fd0ddb33f77bfc627e3264d74500d22,269,5,264
0x4339ad90aee97f3f8700f36f32762807eff75b72,71,71,0
0x7093431941e810bec79575bad211d5d83d1e552a,105,104,1
0xb5588c411ba0bb7d38865fdc51d082d004e519f7,196,32,164
0x41ac9fee31050bb72a5eea1435a21b22589697da,259,97,162
0xb63ce3ac885a3318fc2e563fdb190e9a5dda5b33,107,3,104
0x44915bb47e4d764c11864f1ab862beeb736b4e8a,223,1,222
0xa06fda2caa66148603314451ba0f30c9c5d539e3,238,35,203
0xde1833c6b9e02ee4aa9ea5cfcdf83cab036d54e5,92,1,91
0x9f32186f8313439d3b3d1b253cc4fe5fe87696c5,33,33,0
0xb9f47ad75d0ef640182ba37f2486504f7db398b7,58,31,27
0x6d174ec37281b01f9bec449dbe53be1eb6a6489f,174,152,22
0x0e76cbdbc42384770ceec738b910b9c7c08557de,57,54,3
0x99295f1141d58a99e939f7be6bbe734916a875b8,267,267,0
0x5e6e60d298a0011741246a80a609990d62ba6646,33,5,28
0xd2c4718a9b158d76e5571f0ec92a253845263ee0,82,76,6
0x8b6d881cb985c2c49e893a522735852839c58737,173,1,172
0x1fc5ef0337aea85c5f9198853a6e3a579a7a6987,91,91,0
0x11a4c77eee4db7aa7da0d836423529e68a9a1f28,50,49,1
0xd75b811814fff5f110dcc37f25285d90d3e7f63b,101,100,1
0x9b8f14554f40705de7908879e2228d2ac94fde1a,154,20,134
0xafef885027a59603dff7837c280dad772c476b82,177,101,76
0x00a7c81a7a50212de4f5c0a7d4c0ed79229fefdd,76,75,1
0xfc221ad0f3212c2967f7642cc320e67da13a2000,230,140,90
0x2984cce7b3405d74428dffefcb14350c69bdb180,52,52,0
0xeda7b44eda773c69aeff616767d3b2e439cdb2fc,120,120,0
0x4b2c54b80b77580dc02a0f6734d3bad733f50900,173,48,125
0x51ad9df02902fe652ea039fea7f4b23bc2d1e9b5,214,5,209
0x672c1f1c978b8fd1e9ae18e25d0e55176824989c,171,121,50
0xa6a3980d4095b0105f876aec7078b9bab027dfb9,50,18,32
0x2e00f977d778787d65bd303ada2fde472c1d9158,105,89,16
0x9441484e967bd508f3671e5f30193f869ed1dcbe,56,0,56
0xb47ecdfdfeea76910b5a3ac7fc99adaf1522bc6c,29,29,0
0xebcd3922a199cd1358277c6458439c13a93531ed,309,36,273
0x17aad3fcf1703ef7908777084ec24e55bc58ae33,298,3,295
0x08066d3ed45c68dc7deace081d55f9abb63432ed,327,51,276
0x945a2efc658312f4ca3ecaf520a4e7860873225a,72,72,0
0x66bd174c61659019091373348879d3cccd03c96c,39,6,33
0x86772b1409b61c639eaac9ba0acfbb6e238e5f83,244,236,8
0xbdea5bb640dbfc4593809deec5cdb8f99b704cd2,85,47,38
0x0e534224d71b95ff3ae4ac2bd97e364c8414a4c3,113,44,69
0x9ac22f8e5a70f57a40b5890338be8ba771183dfe,324,72,252
0xa99926c48c2f7140f51cd0cbc105a120ec2f5027,18,18,0
0x9548052b0428ebc1cbf52c7e3085c3664da0c764,100,1,99
0xe3c1451816fde53b1c179774c4d9b3d2ea7b9a16,55,37,18
0x6ece2e550d7848c40c26a0e704b7a19d1f8dbcf0,368,10,358
0x455c732fee7b5c3b09531439b598ead4817d5274,366,366,0
0x850aab69f0e0171a9a49db8be3e71351c8247df4,163,163,0
0x0b95b4f29d10f7a676f8c38c7c0692b29a396d1d,129,48,81
0xc6dbddbf2b239ec562e059be7a0958c2c76414eb,126,0,126
0xbc23e5c67e0221b540ad446289d16e3fd9c95405,39,39,0
0xda84a1ec664b15d2ebb64ca2bece34220d2a9727,38,38,0
0x6eb4848979be3159ebd55f2d0626b95ff9e7a555,16,16,0
0xa4e27ea37d18bb0f483779f9e75a6024efa5e73e,38,38,0
0xeef77d7f89090667f5618acc194d66d2cba42c76,79,38,41
0x4cfda7be4d62db7214dcaa582a2d721eb5a21ebb,222,170,52
0x7248dfd2860c1d41acbb926423f31876089049da,14,12,2
0x434136d5b3bb85edb5274df3a7888ac15418bdd4,125,1,124
0x137a81298c11708006405d75bc0541a2a07c0b33,57,4,53
0xb705268213d593b8fd88d3fdeff93aff5cbdcfae,384,384,0
0xba8da9dcf11b50b03fd5284f164ef5cdef910705,285,114,171
0x1a226fefd114ec0fe0ea87bc9d0b371dd2b2051a,37,37,0
0xea3983fc6d0fbbc41fb6f6091f68f3e08894dc06,168,168,0
0x6443906bf780753522c4c5c5eafb5f9905cf069d,152,151,1
0xa7e616fb7b71dd90cb068839069373c5ec0484a9,9,3,6
0xcb56b52316041a62b6b5d0583dce4a8ae7a3c629,102,26,76
0x50092539a224953d82995c9d950e042da4556283,83,83,0
0x19d84b2a4b21910339af097a1bddb48682d6f47d,389,303,86
0xe0ad1806fd3e7edf6ff52fdb822432e847411033,134,132,2
0x295b42684f90c77da7ea46336001010f2791ec8c,94,94,0
0xd0aaac09e7f9b794fafa9020a34ad5b906566a5c,356,332,24
0x943cc300dd938d8490d33d794507fedc25c49002,133,32,101
0xefb4f583b2b6f0e8c658dd7675e356d8a30ac7ff,104,103,1
0x315cdf22f70401813601b7f0d6e9923ec0428cd5,208,58,150
0x00000100f2a2bd000715001920eb70d229700085,157,157,0
0xe5f7afdce5490104ce94d707f7c84d38b055ee48,101,85,16
0x133ba8f869f3ae35a5ca840ba20acfa31b0e2a61,100,1,99
0x9f092029aa5c8dca892c3f031c744e065abfe476,165,165,0
0x054939c96ee1dbe06da34661321aabd27d6f9812,232,43,189
0xad55cb6fcd548326acd22cd40088134b4cb5a573,77,0,77
0xfc37e269dea93384d6b6cc1d14e6c6a4502967ef,69,69,0
0xe0121ee6e67feb940e24e79dbd22caa24b485551,13,0,13
0x7f5d260de88acfb9f9a181431e461c5b5409d91e,434,37,397
0x52ad6ea7dea6443f7c94df920671fa4ce8dba8d2,19,12,7
0xfd05d3c7fe2924020620a8be4961bbaa747e6305,430,430,0
0x8b634b2ae70e338865bf9741b4ae935adf2b4c55,85,84,1
0xa420dd089a33d3751e8750f0b3554c72761dc83e,30,10,20
0x920a8d9e9f0defd6f86e4388a5503b04cac83b57,355,77,278
0x95392f142af1c12f6e39897ff9b09c599666b50c,62,61,1
0xd21818b6052df69eed04e9b2af564b75140aacb7,94,94,0
0x6728d91abacdbac2f326baa384513a523c21b80a,373,290,83
0x7a4d1b54dd21dde804c18b7a830b5bc6e586a7f6,420,155,265
0xa91ac63d040deb1b7a5e4d4134ad23eb0ba07e14,158,158,0
0xc501454dfb7b493a34b8e8c28b7457a08f5b62bc,81,78,3
0xcd74cf66c43e45abd5703f3642f73d0675d6aff7,40,40,0
0xbd888e50969748805cdf77bcf283febe493f190c,184,4,180
0x241357313e802e16eeb9380f2b027224e90b56dd,198,156,42
0x352e504813b9e0b30f9ca70efc27a52d298f6697,6,6,0
0xca20f7279f7defd14e7524e609704ea2f436a539,150,83,67
0x1a331c89898c37300ccce1298c62aefd3dfc016c,190,3,187
0x7f8162f4ffe3db46cd3b0626dab699506c0ff63a,93,70,23
0x6fd443cda3cf2e8de62af864a0e1f4bbaae6879c,171,24,147
0xc42e0b411dc5b935772218a27837d23d7971b407,47,41,6
0x6523fb8b2adf9ffd8e86e3256a55cca9fbd46990,129,54,75
0x091d8e039d532fd02d7acc593043acff05839927,150,79,71
0xdd6d1e2afb163ee32faac8c1736f78d09b3f6694,29,29,0
0xaad35c2dadbe77f97301617d82e661776c891fa9,156,143,13
0x3bf2922f4520a8ba0c2efc3d2a1539678dad5e9d,293,172,121
0x5b3944b852cdb8b7bc7db3795453db28398ce357,37,36,1
0x92aa4c9a4f54fe95d0e799687d1da12a7ebca538,108,107,1
0x572a5206236ac5be5a8521b100edcb138e783e35,25,1,24
0x792496a3f678187e59e1d1d5e075799cd1e124c2,241,122,119
0x7580b920b199e8e38b1615c5abd81ab4809f6109,41,0,41
0xcccac232b742b07635afc41eee1e33aa5d175780,55,13,42
0x21eb9ca6ed727fba2a60b889c38ac1697e8e1116,33,33,0
0xa56ed2632e443db5f93e73c89df399a081408cc4,93,93,0
0xf53fa6e5790f9c7700918550d3caf48dec3e0da7,192,4,188
0x5e34dacda29837f2f220d3d1aeaaabd1edca5bd1,177,4,173
0x47847572b93677c1914b146bab9e607e30f4ae77,258,116,142
0x3e4a79da833ba1b844a90a352810437aea0c49a6,101,1,100
0x2d894a69c3e1f9c5dd01a4070ff63cd3d1b0e986,365,103,262
0x6137cbef171f49c58f92fa696f8fe053688fc93e,121,16,105
0xf4b2a56f2beb48157adbd7dacf9eb3bf7f89a3c2,138,138,0
0x160c404b2b49cbc3240055ceaee026df1e8497a0,298,280,18
0x5298c6d5ac0f2964bbb27f496a8193ce78e8a8e6,265,68,197
0x2fa6e83fbc95e4462001ac667ddceca3c2d501ad,179,66,113
0xf10a71e57dca2bc136d13bf41d568db9548f9a4c,12,0,12
0xfa7b2283fad1f9202ae9b61f5f5a87430d9af0cf,98,1,97
0xf4d46674266f0d416376c5ce6aa9d979f0c22b95,73,8,65
0x7ea1502438eeabaf547065b7946c68e72424c53d,57,1,56
0xd8e243ac8d7a3941909d03b9d7a15680d57c7248,110,2,108
0x44102bd86bccb4efe8e90b4a4d5c4e43a895d22e,196,5,191
0xc6c817cd60e17fed0af2a759624e02dd6c812e64,241,119,122
0x9d8826881a2beab386a7858e59c228a85b3963e1,365,42,323
0x28513c1b5b4c1c03c665a72dfa399f802ad06138,81,51,30
0x7a58c0be72be218b41c608b7fe7c5bb630736c71,184,175,9
0xa92e4af91827cf200b670b261027357fb0f6158e,27,2,25
0xdcf809bba1d9ee75c6991f1e2974163cf2555418,270,97,173
0x39d1ce0ed423c56c262ef025e0619e91ae31e8b7,100,0,100
0x3a9280f3a7ac4dda31161d6df2f8139ae303d0ab,245,245,0
0x202dfe218d564a3c95f3ee5ef13a941301373f7b,50,0,50
0x96610186f3ab8d73ebee1cf950c750f3b1fb79c2,135,135,0
0xb63959c77c75f6fd5b5789f8dfcd5a5190756d24,167,67,100
0xd07e86f68c7b9f9b215a3ca3e79e74bf94d6a847,403,45,358
0x59ec8e68d9caa87f6b5bc4013172c20e85ccdad0,209,4,205
0xfc09c7cfd9c175dd9423ca02ae1249579ab12f12,73,4,69
0xcb897d3a455f55e38ea192ea85af8cd19ca65239,234,221,13
0x73d10536915d5837135d884490eab6070b065870,439,35,404
0x06abd576711a4bf85aa2fcd9be3621d51742ed39,79,36,43
0x04fb03a5bac8eac522891e8dcb003694d75827b3,86,56,30
0x5f20f15d40f24dae50a72be3b5edddddfb5a5bd0,121,27,94
0x788549ca5bfb4e7801faf1ce63790e3e41e4ab3f,62,61,1
0xec585943d298887ef00fa48103408ff89b31dade,174,99,75
0x92eb1aa966a6a9ed2ffe18d9abfa2805cddc81b2,148,73,75
0xf8cfee0e8b66ca6ca8da75c955e5e05bd41090c8,61,61,0
0xfb7b4564402e5500db5bb6d63ae671302777c75a,178,101,77
0xcb28da11adfd98821115e22db84ed97ad38c0523,109,6,103
0x7f4fe6776a9617847485d43db0d3a9b734e459c5,430,38,392
0xc9ca2bf5df153338b9507e646c47ce9d593a8cb5,189,186,3
0xd1146680ae5a4d71f68accb6610030ced7e7afe1,191,140,51
0x5df340b5d1618c543ac81837da1c2d2b17b3b5d8,320,131,189
0xbb235945ba99a42c835aac106efbf766e12326d0,48,47,1
0xc0d4ceb216b3ba9c3701b291766fdcba977cec3a,92,92,0
0xf2b51568ce810a8c5b81179fbfed6b9988200aae,62,55,7
0x35471f47c3c0bc5fc75025b97a19ecdde00f78f8,289,93,196
0xeb2ae05ce78efe97fc6cb0c910b313a309368334,35,34,1
0x1c2cd50f9efb463bdd2ec9e36772c14a8d1658b3,87,26,61
0x9ef81bd443672ea5f4bed3bb3581a0fd49a8544c,156,1,155
0x7138be0a9e54413f97d1476b85991e39d88fed64,204,204,0
0x7c84e62859d0715eb77d1b1c4154ecd6abb21bec,270,270,0
0x84802079fde7658f9d0969810693a2fa1870eedf,475,156,319
0xbad4212d73561b240f10c56f27e6d9608963f17b,206,206,0
0x19d4beb2bc410b80084fcbd0ac024326f4d3a370,69,12,57
0x249b90956ea0f80c2cb902dccde246b66a21d401,162,160,2
0xb7f9ef1e09829d3937bfc6b5e46f3cc46a23d13d,53,0,53
0xd76de6d72061a3f88420213d6e31e38248f32268,27,13,14
0xb241d2fdbafc640cbec74d10ded3fa25b094c38d,48,2,46
0xe513b50c7972185cd36de231f6af59cb034b8e1e,15,14,1
0x48355ce6ba377d06335be9499feaf735948484bc,251,166,85
0x45359616610a584cc39aecdcbb2a457976780023,282,134,148
0xb1a2d16634c014124299882dd37843ba005d2b2b,106,25,81
0x5b28318a20d0da6e3da8df4c58fc609db4b1afe8,31,0,31
0x8a5149b12a333c1d6d37c0f71dfbfcabf83d79fb,102,95,7
0x275eb4f541b372eff2244a444395685c32485368,118,46,72
0x9fa69536d1cda4a04cfb50688294de75b505a9ae,150,150,0
0x4674672bcddda2ea5300f5207e1158185c944bc0,60,60,0
0x9761f45fefeb521f48ddf40daf6c3b3b3a498c5b,53,53,0
0xac5b46d8d5674389b14d8e758024c603d43e85d4,35,0,35
0x650f44ed6f1fe0e1417cb4b3115d52494b4d9b6d,208,203,5
0x45a5616c9d79951c08d53dd6b6b0ccdc93fc9389,34,34,0
0x809d8f2b12454fc07408d2479cf6dc701ecd5a9f,461,460,1
0x706ef8abd0f47ba41f0365e6b3123f1490f66222,31,0,31
0xa8006c4ca56f24d6836727d106349320db7fef82,208,208,0
0x507ea7159fc866f9b278c8b7a00323c348e6f08f,230,213,17
0xa0fd7430852361931b23a31f84374ba3314e1682,219,219,0
0x79cad37ab9bf752d0ef151355a3eeddf081548ea,108,3,105
0xf866f69f492abf961f40c4672ad192975085911f,96,88,8
0x8ed9a9980e4c7e87edf8da13fc2ba53802bba117,46,2,44
0x38a2fdc11f526ddd5a607c1f251c065f40fbf2f7,133,133,0
0x25cd75986e9c70c116e897817f64d46627c78e69,24,24,0
0x8a9fc26409bee176316ef26e239704dc46805471,66,10,56
0x3d565d79be393201506a627432de339ee45c5499,43,42,1
0xa6310c39faa5e21cc29c4b283c6cd4ef51c00d21,89,17,72
0xebd9d99a3982d547c5bb4db7e3b1f9f14b67eb83,201,201,0
0x037a54aab062628c9bbae1fdb1583c195585fe41,335,335,0
0x88942910d917ed29a1b9274bf7daba4c7f873b91,106,4,102
0xda816459f1ab5631232fe5e97a05bbbb94970c95,355,355,0
0xb807c14e06b18fef1d09ca7ed5cc9a32c7c083c6,23,23,0
0x7ea3cca10668b8346aec0bf1844a49e995527c8b,452,221,231
0x5a666c7d92e5fa7edcb6390e4efd6d0cdd69cf37,167,25,142
0x25b6e8b2666772bc4dc2c8d84d0a2201c386bb67,53,24,29
0xba75fbc4c7a553081f7a137b6e652520db444660,83,2,81
0x219b8ab790decc32444a6600971c7c3718252539,308,180,128
0x81b66f993273e1902ec30e358683cb5f4f1325fb,24,23,1
0xf07e830d0ad7ef9b1980ff5570174f57c9f91a00,17,0,17
0x6f4af738a549406e46f4948ba5840ac4ca9c857a,92,1,91
0x243cacb4d5ff6814ad668c3e225246efa886ad5a,142,142,0
0xf341ed41475fedd4704902b4b82f1d2eb4d477e8,125,70,55
0xe57ad2dec4a0a43e25f89813e7bd442d5e9f6995,59,35,24
0x80581ea8339d682ca5a71e3f561e3ab0e270398e,359,104,255
0xa31b1767e09f842ecfd4bc471fe44f830e3891aa,203,67,136
0x7ac22d8d17b22542abf3b7294ae08e32d88820cf,421,1,420
0x32f2a60942e7563cfc42766018641c6c6b10830e,171,144,27
0xa720e16603f81cd82faae15ae16f1acfe88ddf0f,155,142,13
0x21bfbda47a0b4b5b1248c767ee49f7caa9b23697,271,242,29
0x7b856b2bfb2ac4a0c534687065edb933956cf761,96,91,5
0xf2411b38596deb99b8d3f15e7333091add537b75,48,29,19
0x57f228e13782554feb8fe180738e12a70717cfae,35,0,35
0x2f329de74f67e2c1c5d2a6487ae50c99873d8589,50,27,23
0xe433e90c5b898819544346e73a501d9e8013dbd8,89,67,22
0xb2b64123c42cb5206bb91a68ed3b975f0de8a572,17,10,7
0x80adb36595239fe918c7d118c1f81e07d070801a,156,134,22
0xac042d9284df95cc6bd35982f6a61e3e7a6f875b,100,41,59
0xd7862aef3458ec0bf9c72bb8e731cf7b01cbf830,93,92,1
0x1571ed0bed4d987fe2b498ddbae7dfa19519f651,408,408,0
0x4b1f51f557ad195996976703fa1f93fa80b73526,55,54,1
0x9ee36cd3e78badcaf0cbed71c824bd8c5cb65a8c,262,4,258
0x38cbc47ca3f092f1b62c9cb413a9ac654519ee2e,50,49,1
0xba60f470f16654ec79f0d1b2f1c0c12390107a56,119,117,2
0x3212b29e33587a00fb1c83346f5dbfa69a458923,338,103,235
0x4993838ae8ed82caf02cc27d820d92333ed04d0f,102,93,9
0x3b2d16288440b9571d1a42f6d4718742cd6bf7fd,184,68,116
0x536d882e109fc797ecf521ec94ad64380d8aa3ac,56,1,55
0xdbd82cabc57631d267545c4b1627558b53dfc4c4,107,107,0
0xe5caef4af8780e59df925470b050fb23c43ca68c,254,254,0
0xff89924e438bf11d8860ae33d0b5723a7ff59533,28,21,7
0x370108cf39555e561353b20ecf1eaae89beb72ce,90,4,86
0x125ecab9fdc132cad4d6c055b9381aad60efaf3d,141,40,101
0x4d232cd85294acd53ec03f4a57f57888c9ea1946,180,39,141
0xc963c6a583ec96a0f3703e4269f305af487a6154,141,6,135
0xca238c94127f87bba95f5900394182510bf62e8e,32,0,32
0x189fc141854bfc6146777406d53fbc89f4e70407,55,1,54
0x50e712b3a260d7639179e8277836253461418f23,163,133,30
0x6d4873f49561a2cd206de3914cc91c90a145903e,87,25,62
0x63fa29fec10c997851ccd2466dad20e51b17c8af,223,136,87
0x63ba5b422606312235405ba50b715b50898d4029,457,457,0
0x33a237b384b7065c815f7c745d73a0acf140449c,192,85,107
0x4a8cefb9ee3b7b8d9601bc07ff9d9f4e9338a480,60,53,7
0x0732156088264b59ee9287851c4457326127ec3e,122,1,121
0xfa1a07056c48dcba4b5e9e71aacc6aa791a93929,55,55,0
0x39183467995a72a32a4f8b061538a7386e482b88,76,35,41
0x79c75e2e8720b39e258f41c37cc4f309e0b0ff80,153,153,0
0xa52bffad02b1fe3f86a543a4e81962d3b3bb01a7,65,5,60
0x829c97092c0cc92efe7397dd3ddb831cc5835bae,41,41,0
0x46e98ffe40e408ba6412beb670507e083c8b95ff,90,87,3
0x08e0faff8bb80eaf8c30a99920355028b5bd6789,180,180,0
0xc4b310e8e655f83f97c4034bc18f98650a06952d,23,6,17
0xbf1aa6e9dcb03c6f6de9eca533c2cb7f1017e81e,101,2,99
0x6e188bcbfc30a461c83edc70601cb088f560b730,292,49,243
0x649ad659973049c607dd6590d02914628098ef1a,167,166,1
0x39d34084f81c2de0b6295118159cea44c8c62a1d,237,236,1
0x14a2dff3b2fb4dffa35b2006e84bf1cbb0ac4bba,153,71,82
0xd01409314acb3b245cea9500ece3f6fd4d70ea30,82,35,47
0x3c4b6e6e1ea3d4863700d7f76b36b7f3d3f13e3d,136,127,9
0xbee3eeeb8ba59f0a3b3e0a302ef921d6d01e64d2,68,8,60
0xb4d9acb0a6735058908e943e966867a266619fbd,311,311,0
0xe53ec727dbdeb9e2d5456c3be40cff031ab40a55,323,323,0
0x8fff38100e53098cad67060ac9d5041621dce406,29,28,1
0xf9c362cdd6eeba080dd87845e88512aa0a18c615,390,80,310
0xe9255742e49b1d7dd8876d35ea90ff8420a38101,30,0,30
0x2f4eb47a1b1f4488c71fc10e39a4aa56af33dd49,147,136,11
0x9af18ae321386085aa287723f64eb640694b0a13,125,1,124
0xd943c99682d5158f1cd1b563c1d764dff1aea187,3,1,2
0xa3e70c9d376ab2fe937d53de17a6707578021ad2,468,455,13
0xe4c3c91de9eb9b92cedee9ddb1e4d3388318151c,38,14,24
0xbed57beec7191e59d18844124cbb0db660aef25f,70,15,55
0x895bbc29f74df77279bf585116caa24ce33ed0ba,226,203,23
0x905030b96ee8f02ba27e3adc521fb4d00634de0a,48,36,12
0x0a3d4f735898a66e621ab55c4e975db10cadf13e,347,68,279
0x8e692d1a07d4dfc35cc106ef8e4fe51cd55e7f3e,52,0,52
0xf0f998b6b406f53d62fe6cbd4f607dbd55140aef,75,73,2
0xc0e8beb4ed7d0ef0dc6d84214d86d5a56e8f2f24,37,37,0
0x470c41dedfb43460991016dac017a9c00fdebe15,355,53,302
0xae697f994fc5ebc000f8e22ebffee04612f98a0d,207,207,0
0xa108bd591ef5c11c80ab22e96b236a88dfe928de,81,80,1
0xe940ea6d77bcc223a43bb41ace433cbfd39e3966,264,3,261
0xb62dc1b9baa6e2f01e182e4926c31802c2c07179,64,1,63
0xab846fb6c81370327e784ae7cbb6d6a6af6ff4bf,74,37,37
0x32a705510790abfeee275f505c1e2d273595e62c,66,60,6
0x9372b371196751dd2f603729ae8d8014bbeb07f6,145,130,15
0x27054b13b1b798b345b591a4d22e6562d47ea75a,413,413,0
0xf794f9e028d168a59341aaf77fc8f57f33ddc6cf,117,20,97
0x28ea5c00c7a73495cff05592e20e79cc7bc9a898,217,11,206
0x0e3234056ad5b469ada1afd30ee3719ac99a361f,2,0,2
0x142a774e8b52550e88e196cedd7a5835acb646d0,197,13,184
0xf537f5cc6a4129d7ae7181788ef829fa0537a3ed,243,241,2
0x1685133a98e1d4fc1fe8e25b7493d186c37b6b24,98,14,84
0x3964a3f36d5673a4b5719f70097042909e7131ab,145,68,77
0xab83789d3f152118ebb5aa63190174ae0a6e0e6e,134,89,45
0x625fa8f70ef3c30794540f5652c0440d80ac92d5,47,21,26
0x9401816ab5550727194737e33e8dc035809dfa3e,98,73,25
0x2912919719414a093deac78031e90ba493b8da34,134,134,0
0x8ed0e7404675d5c7f5b4f2a829138afcaf53d2ab,75,2,73
0x5d858bcd53e085920620549214a8b27ce2f04670,199,199,0
0xa808b22ffd2c472ad1278088f16d4010e6a54d5f,313,118,195
0xd24a7c412f2279b1901e591898c1e96c140be8c5,203,202,1
0x400e2073b4ac13d6f11c15697df7fc609db93809,97,7,90
0x913d8adf7ce6986a8cbfee5a54725d9eea4f0729,158,69,89
0x0030e030f816ac33a1c32bbeff22683adbe3ef96,381,61,320
0x516b8001809e9b13f8fb359d539ef920d2088e04,116,65,51
0x5cdfff6648a4d8c9954522c3e045ee139a56bcfd,83,79,4
0xa1a36d3537bbe375cc9694795f663ddc8d516db9,48,48,0
0x32dd588f23a95280134107a22c064cea065327e9,85,82,3
0xdea8e779d9b39f1022c546f8ae92430d85cca3ba,352,352,0
0x720cd16b011b987da3518fbf38c3071d4f0d1495,69,69,0
0x89c022682e395b0513afe81ae5c176c639608245,12,11,1
0xf8e9f10c22840b613cda05a0c5fdb59a4d6cd7ef,125,125,0
0xc6cde7c39eb2f0f0095f41570af89efc2c1ea828,340,224,116
0x289a5483fa6e844a3079224059ba2b3242255f41,31,26,5
0x8b7b5b746b8d9c67ccf99e313ae563ac99d931e3,35,1,34
0xe176a13b59a6ee59348a417607f2881baad402ea,345,16,329
0x9aa03df95b6d3c6edfb53c09a4a8473d0d642d32,141,2,139
0x9a7a438679bccf4dd45238dce60b8036d0435f90,77,77,0
0x9f608060c234f70d83ba16ad9277cd42f7dcff49,312,2,310
0x482b078486079d66334389b55ab974bc8282984b,61,44,17
0xf391498efb71074eeae6c4db3dbf37675fe3f8c1,39,1,38
0x401cee9353466b3d249701c3ebcbf26452ee61b5,447,218,229
0xa1a88cea335edaf30ce90f103f1434a773ea46bd,81,20,61
0xa2e470b334777c7b6a0d8a066e4c0368695453d9,104,103,1
0xce6e3a14b5f8ce2b05af0f117dc922769779aa3b,119,3,116
0x1a178cfd768f74b3308cbca9998c767f4e5b2cf8,308,308,0
0xa2642df0139faebb1d45526a46d5c54b805be02c,237,2,235
0x349d15d9ae4b42661bf18d28bbec86995099b8f9,320,30,290
0xe9663ae7d85d8f1ecee35e54538e846626a63b89,177,12,165
0xb83b43cc82c13db3e80013c4d922b3fa6be881f7,212,61,151
0x956f47f50a910163d8bf957cf5846d573e7f87ca,206,34,172
0x92d3404a7e6c91455bbd81475cd9fad96acff4c8,174,174,0
0x303ff8b14a57922854f66ab8438f879ea071833e,105,63,42
0xe5c9353af2f0dab9a02607e7f1f874f1a9060387,70,5,65
0x8c6bf16c273636523c29db7db04396143770f6a0,117,117,0
0xa1077c7987d452f247239a26049f5e5aca8a2a70,59,47,12
0x35043d11d31346d005b848e3cd7998707ff7ee27,95,2,93
0xf41cb115057a0c74273be0a2abde394eec9f9342,42,41,1
0x82a77710495a35549d2add797412b4a4497d33ef,90,90,0
0x3689feb236a3cadcee66b0cedbe347c9259150b4,68,0,68
0x64bd0afbd86ac88f276960b5df1c80b1cb9726fc,156,125,31
0xe4815ae53b124e7263f08dcdbbb757d41ed658c6,232,232,0
0xb79dc1c6ce2333ee7e4f4d08fc221d2cb7b57b1b,37,37,0
0x8975c0c3abc6a3f6be80fa0d068d307ef48bec02,33,32,1
0x1fec856e25f757fed06eb90548b0224e91095738,397,72,325
0xe3d956f52c32abf50b9afee43e8b2a8425b4f5a2,140,59,81
0xe2736a83bc9afe23db1313355dad1ceaf5399bb6,78,1,77
0xecc0140a81cd0b331091750a4420a33325e31f4a,99,99,0
0x97b65710d03e12775189f0d113202cc1443b0aa2,218,63,155
0x8a3d77e9d6968b780564936d15b09805827c21fa,137,69,68
0xc5b654b39a3a4b56692ad4b4d57e5b9f13793c77,36,36,0
0x73e096a6cecf53692386e7747c0fba5f2773079d,91,82,9
0x2d23dc13423852d3913d41db739f8b472626e019,75,42,33
0xc4d1ee61fb0b02214f85327470bda39f7ad8e47b,33,1,32
0x799ebfabe77a6e34311eeee9825190b9ece32824,94,4,90
0xa96602e7f43b8b01d3a746bf2e178ef6dde7880d,182,28,154
0xa64110834ea212aa2406fb8eace5676eb6ee18f6,101,71,30
0x6d4bbc0387dd4759eee30f6a482ac6dc2df3facf,124,1,123
0xbb8b5f8e8e5d3cfdd1afcdd43640844c463d7f93,330,108,222
0x72f020f8f3e8fd9382705723cd26380f8d0c66bb,202,202,0
0xf4d06d72dacdd8393fa4ea72fdcc10049711f899,437,135,302
0x47cd15eb7611482906f7bde203f543ea2f90ab74,66,2,64
0xcd52bbd66d25cd64e41e7342f4f5a596b73a242b,97,1,96
0x947aeb02304391f8fbe5b25d7d98d649b57b1788,136,136,0
0x805ff672e64c4aa3c4678ce5363d52c88a8b14f6,370,92,278
0xfc6dfea7e513dd4cb554032418b3b9f01cd24274,227,1,226
0x2e32bad45a1c29c1ea27cf4dd588df9e68ed376c,413,23,390
0xb62e63c57d63f0812d5f2f583b733e3c5e6848f8,118,47,71
0xaf07b6a033ac624a741c88dce056f6d9e5a5f322,54,25,29
0x018c3193b39f5a0dd5a578ac204ea12604056d04,78,76,2
0x67eeac23c7712d873524918fa271403fb543c659,29,29,0
0xf8c18df7509c03b45e6247b2b9e73fcadef24dd6,165,68,97
0x18b2c87d80c3321653b5e48c1a4da5812d1bc57d,36,35,1
0xa722f8e783d472ab66fb2e4be1c1ca01bd166c3b,118,117,1
0xc5fb36dd2fb59d3b98deff88425a3f425ee469ed,231,89,142
0xf59ae934f6fe444afc309586cc60a84a0f89aaea,133,118,15
0xbde4dfb0dbb0dd8833efb6c5bd0ce048c852c487,115,115,0
0x306d6eb222e38fce52bb220fe8323e3f50635c14,72,31,41
0x64b6b4142d4d78e49d53430c1d3939f2317f9085,110,104,6
0x58091d4c4f8f37a103789dc0341616717a6f31cf,203,131,72
0x8ccf065f5c4d3e2fcb025329f22222448dbabf8b,99,0,99
0x647037de761696d224333778e69082ce3b742242,63,63,0
0xd281099c1b596644b121b7b9a9f2869ea7023155,53,1,52
0xffd287647f3f5ac7e5d613911b75023311712f93,138,88,50
0xd8912c10681d8b21fd3742244f44658dba12264e,416,416,0
0x73d7c860998ca3c01ce8c808f5577d94d545d1b4,81,15,66
0x4cd988afbad37289baaf53c13e98e2bd46aaea8c,270,270,0
0x24ccedebf841544c9e6a62af4e8c2fa6e5a46fde,102,39,63
0x8d95026d139f855b1458f3b8f48960c103d21abb,77,3,74
0xd1cbfc7f417e9f5511a7502c83f2074f675995f5,41,33,8
0x47a00fc8590c11be4c419d9ae50dec267b6e24ee,473,147,326
0x37eb591cc5007df65f76e866ea57fdd2b75f42a2,79,6,73
0xef920c1df72b8a1e48e976ca78e09fe35bfc6f38,124,3,121
0x61f4a7fc8710adf481ba8a48c9f151d8e7413a74,45,38,7
0x82c708379490f88d0d751d87610fd03f6f51a761,233,166,67
0xa1f11abb5b1874942cf09c96f0536b783e492e7f,87,1,86
0x648e8428e0104ec7d08667866a3568a72fe3898f,395,291,104
0x3e86d6cf041b719c575f57050697c115f0a53758,286,286,0
0xf8ef0631aa8150aee8cfb4db3fa27e81d78df620,77,77,0
0x7a94638e232e653a8e44a4e1c260a796d730fbc4,346,85,261
0x6e091d256e99d5ab1c713f2477207c046073829c,124,122,2
0x01bb8aac93261afc869ac612814852de0459af5b,48,0,48
0x2a91e656f845b906e8b42658a0741be72dd0e615,225,32,193
0x4cff01dbed00a5e95d705f96acf369f210c203c8,417,384,33
0x1fdf1233f85a3bae9594b0558e4ec8febe8c6720,89,3,86
0xb80fbf6cdb49c33dc6ae4ca11af8ac47b0b4c0f3,132,70,62
0xdaa5f6cd0d1ae382a67e8a9b1ddff08685e443bc,139,139,0
0x4f67c58c522d3b12ff41a3c366e3a4745f7423e8,92,76,16
0xba1ed22c69ad00739ee2b4abd70e270be9e87ee2,71,71,0
0x6765fdd028be3d7874bc2bb3d7d5ca01c1bf14b2,64,52,12
0x340d2bde5eb28c1eed91b2f790723e3b160613b7,326,326,0
0x34195292dc07b0a0da1540d5a8b3bf6d509f06c4,115,55,60
0x29d578cec46b50fa5c88a99c6a4b70184c062953,50,50,0
0x03e173ad8d1581a4802d3b532ace27a62c5b81dc,55,55,0
0x1e1744ffd69296765f0447e88ac38be74a4ead13,162,3,159
0x3a0335409a0becd0da1ff6e442b9b6874d4e87a1,213,5,208
0x354f4bfdefe5c33e420194ecaed0ad2c5da5de67,113,86,27
0x60129d8bc41ed80f7b257fdbc2b57e6230c219d7,40,40,0
0x46cf7b9be53b1b439efa8d1fd3e36f151e6e9603,50,2,48
0x7c07aafa429d952ac3fde9ca037003edb57ce14e,64,21,43
0xc0c293ce456ff0ed870add98a0828dd4d2903dbf,109,109,0
0xc253cbc67556e797fdb750a031d5e6208c423ad5,221,11,210
0x50724f304a0a0625681286a178e06b8e514292c0,142,105,37
0xd3b626bf5a1d26181b1174241e929695b3108cdf,46,46,0
0x5ad0f6563f83b68b69ed3db5dc69e0748a8a2e5c,99,99,0
0x13015585932752a8e6dc24be6c07c420381af53d,62,56,6
0x9983d8cdeaf7872501628229d311e2f7df396add,393,393,0
0x57d819152a8bc86d097fed1dcaa6259b5380a4b1,335,298,37
0x438295b5082dc6a0cc50960e3513d5d7f23405c4,71,70,1
0x82cb9d20862641301c987f0b096086d32bc11b65,130,2,128
0x701b2e775a82dbf50bd80a22a0d32eb13fb81825,87,40,47
0xff6318672cf2ae09117c2af59c9d91441817f3ec,46,0,46
0x5b97353bb450c2cc0d91c681bf6102166a7465c9,308,1,307
0x5cf04716ba20127f1e2297addcf4b5035000c9eb,279,279,0
0x415f77738147a65a9d76bb0407af206a921cee0f,186,183,3
0xda23d301761e4e2bf474951f978f6dfb6f3c9f14,95,47,48
0x3ba5cb0c136d2bb99c3fcfe49a5adf2970be127d,32,32,0
0x4b530443a78001f38d96a272f0d5ed3eb0a5328e,133,2,131
0xf76179bb0924ba7da8e7b7fc2779495d7a7939d8,142,69,73
0xf137a650502d53eb774f6b3a366977ea4c8d6a2f,97,96,1
0x868193f5743436b7052549e6a3640580a9355f27,150,63,87
0xb982fad15538647743b983f4aa5deaf8266e0d67,201,201,0
0x99cd66b3d67cd65fbafbd2fd49915002d4a2e0f2,91,91,0
0x3758e00b100876c854636ef8db61988931bb8025,108,108,0
0x44cba32eca1e0542aa763d3697522e5b0e5cf38e,181,44,137
0x88f09b951f513fe7da4a34b436a3273de59f253d,66,66,0
0x841ce48f9446c8e281d3f1444cb859b4a6d0738c,400,17,383
0xcd7492db29e2ab436e819b249452ee1bbdf52214,133,63,70
0x0d86eb9f43c57f6ff3bc9e23d8f9d82503f0e84b,169,1,168
0x2173f496407b96051052d1ac8ea0e886da6c7579,23,22,1
0x2d0ee46b804f415be4dc8aa1040834f5125ebd2e,175,8,167
0xa00108f4cfb6400d43c911af0d7a3422f7c011e5,92,91,1
0xc3c8a1e1ce5386258176400541922c414e1b35fd,115,53,62
0xdcaca05de9ade34f3fcb9ce94d1b7930093e526e,33,20,13
0xcbfef8fdd706cde6f208460f2bf39aa9c785f05d,156,74,82
0x58732f8cf59571c30d3ec5f3c2bf764ed37d3fac,251,249,2
0x5dbb9f64cd96e2dbbca58d14863d615b67b42f2e,46,9,37
0x32973908faee0bf825a343000fe412ebe56f802a,207,206,1
0xf2555451d1ed412d20369300bb15f30339b38bd9,131,61,70
0xa98cc213495b178bc0aa690223325bbed2dbbc71,186,90,96
0x762bc5880f128dcac29cffdde1cf7ddf4cfc39ee,277,3,274
0x1aaba8552d4e2fbfc99bc86f31f28788c7dc1218,160,82,78
0x9cc103edf0a60e07dd7a6fd4a16fd2cbf7981d92,153,141,12
0x9aab071b4129b083b01cb5a0cb513ce7eca26fa5,216,216,0
0x989240e071304aa6003d9e15ecbfdf6b5ed6518d,266,104,162
0x845a007d9f283614f403a24e3eb3455f720559ca,271,269,2
0xbc60258f775683ea28048030806ad3a80c4a33ae,348,118,230
0xabd387e20ab59fe2f966c2a01019510da40cb9ea,213,85,128
0x345c2fa23160c63218dfaa25d37269f26c85ca47,151,151,0
0x56143e2736c1b7f8a7d8c74707777850b46ac9af,74,26,48
0xeaae0fe7f2f48ec9dcd985fbc5e269b8384fe195,36,0,36
0xc18c07a18198a6340cf4d94855fe5eb6dd33b46e,181,43,138
0xce15f018b083844a0b650b8000a00f227fb8cfbe,60,15,45
0x4c6ec08cf3fc987c6c4beb03184d335a2dfc4042,241,241,0
0x043827a6dcfffb7fe21953d3bad32a1c74bb73bf,21,21,0
0x500a9e92aac386a6422af31ee8c43f4ef83f05d8,62,2,60
0xbc17729fdf562723f0267f79ff25ade441056d87,80,80,0
0x31eaa2e93d7afd237f87f30c0dbd3adeb9934f1b,129,45,84
0x270719e21852e0e817c4663cc9f1567441d6eaac,89,87,2
0x85d39cea74b0baba54d7fd0df42dd3e6e39b1625,110,2,108
0x017ba9ac7916ebd646e7c11dd220c05c5b790224,122,2,120
0x7ae1d57b58fa6411f32948314badd83583ee0e8c,201,47,154
0x0b8ff20f6f5516a43e7994334933deb076e01a13,158,51,107
0xd0660cd418a64a1d44e9214ad8e459324d8157f1,220,56,164
0xff67ed7f1c7a5cc1b65958d4b3add53dd1a2f86b,104,24,80
0x25f8087ead173b73d6e8b84329989a8eea16cf73,170,170,0
0x54e0395cfb4f39bef66dbcd5bd93cca4e9273d56,186,45,141
0xf306ad6a3e2abd5cfd6687a2c86998f1d9c31205,47,47,0
0x6c26eb3f7ae81d451914a9b8f2ec262e7c1d2673,26,4,22
0x8b2fda65cb4609a5f60c0a14c1ae33791a3d56ec,432,432,0
0x623d9e9de41c0f72f7bf08eefa58e45e7ff48980,39,0,39
0x88a9a52f944315d5b4e917b9689e65445c401e83,105,105,0
0xf3a43307dcafa93275993862aae628fcb50dc768,36,36,0
0x2809e6bd22a9a37c7c109145c5448a0bf88105ae,109,44,65
0x26fa3fffb6efe8c1e69103acb4044c26b9a106a9,285,285,0
0x613e5136a22206837d12ef7a85f7de2825de1334,178,6,172
0x584bc13c7d411c00c01a62e8019472de68768430,215,215,0
0xd2f668a8461d6761115daf8aeb3cdf5f40c532c6,240,205,35
0x65e6b60ea01668634d68d0513fe814679f925bad,61,61,0
0x35bd01fc9d6d5d81ca9e055db88dc49aa2c699a8,134,134,0
0xe3435edbf54b5126e817363900234adfee5b3cee,293,78,215
0x7b9e0e62e3798ffb33326421a7d203ffd60b711c,159,25,134
0xc770eefad204b5180df6a14ee197d99d808ee52d,322,322,0
0xe3b029478a377332ac3d64de61fffe4745459c0f,74,49,25
0xaecc217a749c2405b5ebc9857a16d58bdc1c367f,186,53,133
0xfa9473e70b75d594adff084f1721e906eaf23d45,34,0,34
0xda858c5183e9024c0d5301ee85ae1e41dbe0f880,172,170,2
0x5dfdccc4351eced30d3e8156b16b0185c87e8e44,62,61,1
0x55d1d16fb42fce47b899010c996a3a31f6db8fd6,190,164,26
0xdbd27635a534a3d3169ef0498beb56fb9c937489,114,57,57
0x1ecfdccf97edd64fb73890ca4541f306456a21ec,158,92,66
0x43a16061986d2bcee1fc5e7ed132d5058eb25d68,391,81,310
0x3de58785e9d021e9b2f3713717730b365309aa89,73,0,73
0x69e8e86debaeef7d52f2196d62f011ec26bc14d0,24,2,22
0x36b4646fedac3320038bd51a8a6589cc490b4455,84,83,1
0x162927e202e7e8da8035d99c9850aae0de4e7d58,3,1,2
0xbf9cb2cd068eac7a05d8fb1399b8711f03dd5f1c,47,1,46
0x6aa779b9ec91f6f4b44ae06db8b526864f8dfeb2,55,2,53
0x7e291890b01e5181f7ecc98d79ffbe12ad23df9e,111,111,0
0x6d9e65c3e51837171eebbb4c11808bb9c2ea9353,147,32,115
0xa599a8418e90e5040066a3f6402594f3c951eb7f,74,0,74
0x464ebe77c293e473b48cfe96ddcf88fcf7bfdac0,283,283,0
0x15533781a650f0c34f587cdb60965cdfd16ff624,188,118,70
0x15c2b137e59620552bd0d712fe7279cf1f47468d,230,3,227
0x31158181b4b91a423bfdc758fc3bf8735711f9c5,43,14,29
0xec5483804e637d45cde22fa0869656b64b5ab1ab,82,82,0
0xe1bd5802406d41160aae5a2cd4943e5ba230bfff,118,54,64
0xd6e70f66174174000f085f0353547e21ce692f81,91,91,0
0x6aef297e2f93a7d7412d9f59c6e3d5bf550600df,116,114,2
0x557b3f338d10e3f61b4050edaa6b1337226a741a,35,35,0
0xc4ad29ba4b3c580e6d59105fff484999997675ff,78,78,0
0x2c631cd8457083288454b7dcbb7fd5e006601e83,36,1,35
0x8e37ddc122cc8af0a47785d060e091d1fbd94941,257,257,0
0x2271d4cbc10b3f74139928e8e7510b50015d9867,163,3,160
0xcc19888c8544f81212c8cf2dbf715d2045f6b17d,68,68,0
0xc1922a5abfa18110827c0666b7bbac0389ab7396,251,115,136
0xab054a3b1cf3862fdaeb251ffb32c49d26755ecf,187,184,3
0x7f8a1ae5536f2ab64c7aee5b55f9cea8634e1c32,76,75,1
0xf3e406c2db99f2024bc6c952a479152bc83b9dd1,26,25,1
0x7194d3edec8a6e814553a1700a58482c3867d871,468,468,0
0x5f34bfd598c9e46c8a878cb791a8c24065575222,163,61,102
0xb7751c976f30c72f32c1520dea6fa3e036e41bd6,117,2,115
0x1f5c8f58d92854a50ce505cf5a52616b12bda01e,35,35,0
0x7b32e70e8d73ac87c1b342e063528b2930b15ceb,189,55,134
0x3baa9b535f279995b62bc4046d9185e577f53691,268,86,182
0x73382b19fe136907e9fd4cb1d55228237566324c,156,38,118
0xae7db356c82401b111134041533ab490906c8ed5,141,8,133
0x3893b9422cd5d70a81edeffe3d5a1c6a978310bb,252,252,0
0xc128468b7ce63ea702c1f104d55a2566b13d3abd,483,483,0
0x5b85db25439b00e3e4f11d6f25a0abd3df871111,64,2,62
0x82c3f876058fc4b0211153bbca5a257f1d26e39d,135,3,132
0x4be08b9db3eb7690b3d0362fde239aec919483d0,66,65,1
0x25cf8b17c0411fbbc4e0926fdefab21aad24b94f,72,40,32
0xcf462f990f219a8eba7be7c3b0eb6cf46bca638d,39,38,1
0xadc72d5c034c189f5c0b03c7bac21ac50b9d01f1,225,225,0
0x86cc33dbe3d2fb95bc6734e1e5920d287695215f,33,5,28
0x8f92e7353b180937895e0c5937d616e8ea1a2bb9,73,73,0
0xbdde08bd57e5c9fd563ee7ac61618cb2ecdc0ce0,264,264,0
0x4246ccdc8f3dcd9c593b4057c9c85521387b8952,104,1,103
0xa1d4657e0e6507d5a94d06da93e94dc7c8c44b51,339,212,127
0x71996799126fb9b8d020dbbfd351290bf3b02aa4,17,1,16
0x266fbcf5d358c4d48474834b1c70dfb73a48efab,192,90,102
0x20afd338ae17b79f1c8ac36b4d4f16ec61d8647c,52,46,6
0x9e976f211daea0d652912ab99b0dc21a7fd728e4,152,152,0
0x80c62fe4487e1351b47ba49809ebd60ed085bf52,182,2,180
0xefeea2efd639df58f4476b6129e0ae4694d26b78,87,87,0
0xe246459c060351492a0686c228e2a835e0e02290,13,1,12
0xd0b53410454370a482979c0adaf3667c6308a801,264,98,166
0xe2ea6300732ab77060463f04805bb484ccf1bd9b,83,72,11
0xc8b342a1e75057ca3281a2e80868eed669e8e4c0,82,81,1
0x121f509d496ff8b384ea41c565cfd9110152112b,180,47,133
0x57c411e9a358e2d2d0a6b058cedb709175e8fd16,175,41,134
0x5aed0d878593f448bedc2aae27b05008dd12a1e7,25,0,25
0x1201f768182b049e7ac31e3fd91d9a5e61843882,113,2,111
0x1792a96e5668ad7c167ab804a100ce42395ce54d,319,32,287
0x5ca381bbfb58f0092df149bd3d243b08b9a8386e,311,311,0
0x9c8882c6b3e40530cdbce404eef003443b1e455a,84,26,58
0x9bf252f97891b907f002f2887eff9246e3054080,248,115,133
0x954b890704693af242613edef1b603825afcd708,438,438,0
0x0b5ca8596df4fc028667620c9ad789c8bd05875b,21,21,0
0xf203ca1769ca8e9e8fe1da9d147db68b6c919817,115,4,111
0x875773784af8135ea0ef43b5a374aad105c5d39e,226,226,0
0x12513335ffd5dafc2334e98625d27c1ca84bff86,201,201,0
0xd084d7849d4ebe564a2a41e085b2a74f6dde5300,164,12,152
0x89d0f4f3b3173f4e47ccf64b5d03d982e2dd6387,93,0,93
0x9b31bb425d8263fa1b8b9d090b83cf0c31665355,62,52,10
0xd47d8672e45a7204057baaa3622a3fa276d651e3,89,89,0
0x18487d2cac946c7fe800855c4039aac210f68baa,140,49,91
0x174afe7a032b5a33a3270a9f6c30746e25708532,183,183,0
0x9b20dabcec77f6289113e61893f7beefaeb1990a,379,379,0
0x1a7a8bd9106f2b8d977e08582dc7d24c723ab0db,415,415,0
0xdc2576a24dcf5ab8c4bb48413245d3ca741ee12b,178,3,175
0xc71a0306a0a628c616dac42097bdc21ecdbc5d9d,108,24,84
0xab9867b16ee77cab40774849c5ab2c6075732f5c,54,22,32
0x391637fa2add8347df4d7558eb22d8c06ca1999e,54,53,1
0xec2e01241a28fc04f0c931367fa9ff5e863afec5,76,32,44
0xcb2411c2b914b000ad13c86027222a797983ef2d,269,54,215
0xcc46ae933f5f48f4b0e6e48fb8ccd8ea57d558d6,20,0,20
0xfdb760b4de27fd1a3377840bf502ebc0732a5d9d,46,46,0
0xcf58b4e4863c0d085bd1c65b3f2932e261547fab,50,4,46
0x9d184a22db79443892b08bdd7cbd01c90efbedf1,143,47,96
0x4a221403f825ee87bba198ce8c2bdcd815570773,177,160,17
0x85915f1312bfee35222763e541499e2e53fcf586,98,97,1
0x7b5d91c2cb3862ed3ae9988a3b59ffde57dd4547,66,1,65
0xd69e03318c242428006937e2fae5b89398b705f4,64,48,16
0x24d0cbd0d5d7b50212251c5dc7cb810e7af71f6a,345,12,333
0xf5d442a86fac65016c0d445ba9ed6e614c0dbf03,28,24,4
0x974a46cfdf5018258e48f4506ce062691cda2936,81,28,53
0x19bb64b80cbf61e61965b0e5c2560cc7364c6546,172,165,7
0x9cf02b5e41f977b82beb755913d2f21e9664d4f5,42,1,41
0x0a7fd3cef7f30ebeab3e9f0fbe4af90eac671cf1,135,5,130
0x3ecca6f922768ef2dfd0f60ad610ff7091743e92,26,9,17
0x6be4bd6e840f466ec2a10bb89b5304eafe3d0d9b,121,115,6
0xaa23386b8972d884efc6571c0501eb899e88cf4a,43,0,43
0x0e584dfd1a44fda5ce3390bab829691fea2ef535,206,206,0
0x258432c72a28dd11318fc0373e75e87ce65765e3,434,433,1
0xd268e28346206ecfb514220d3ee703412193f1af,54,0,54
0xb4b9dc1c77bdbb135ea907fd5a08094d98883a35,116,116,0
0x90e95660694b82c312be5f59481d3bbb801d8c39,129,114,15
0x358aa737e033f34df7c54306960a38d09aabd523,149,149,0
0x7dd9c5cba05e151c895fde1cf355c9a1d5da6429,255,232,23
0x799cccb6d0c57345c4dab303c81a5cdffbcdea76,92,92,0
0xde72a052cbb212eff11a4a33d61df9c5a2de8dd1,167,45,122
0x9aac0a07aad7ed91b45a4459f4f9834dc5a31a37,55,1,54
0x8707276df042e89669d69a177d3da7dc78bd8723,205,33,172
0xcd2b9632aca1754a175f173446a1024da538f5fe,20,0,20
0x7bc5d353663c4c94fd022d3df0642b56c174b45c,307,7,300
0x676fb773bb66fd1e34d32d2a56053fe341b84064,35,22,13
0x47b86a37a580796315467c45ae2c61500c1d13b3,50,49,1
0x6bf3493b0c9be88ec087cffb084b2801c58a4f11,35,34,1
0xd7ac080800566d42ab9789a99b7ed0dd5ecbe594,308,187,121
0x92a576207ad9cc1968210bff481f29a790863585,73,2,71
0x7f86c782ec802ac402e0369d2e6d500256f7abc5,108,107,1
0xc70e249ded64d1268036b0fbc3bcd371840938e7,54,0,54
0xcf2ee98ab154316a041a252e8175e400dc0ba2e3,24,24,0
0xe51300537437ad26de42b59f15802eb175e46df6,49,4,45
0x7a29cbe13bf1d722e244baa6e527f4438763457b,100,9,91
0xe243cc1f37eeb9348d53b9b06cc46d34454eec37,45,44,1
0x48be3c9d0119a982df1c7a8029592ccbbcaeb9a3,94,0,94
0xf497253c2bb7644ebb99e4d9ecc104ae7a79187a,305,244,61
0x9902037397c0909b440cbe5eed8e5eb84a2d7ba8,69,60,9
0xc20340a2c7c4118774460304c4e5d52a2f898679,63,24,39
0xbcdaaa1d457bcab6725541ed3a0292900c36277e,371,369,2
0xac2d0b4f1114123686a0e276434c198e8dd33f91,222,80,142
0xdebe620609674f21b1089042527f420372ea98a5,75,75,0
0x329319ebe02eac3de77a9aa379d620ba653b2136,120,120,0
0xd386ff8b13e20a943ee0929da4228a32ce4f5261,491,21,470
0x47170815973b4dfd6f6d15e1c0f67b9cf3b1ffd3,51,50,1
0x5c2e129ec58563c7206229ffb1adb9dc29db915f,51,2,49
0x8c6fa66c21ae3fc435790e451946a9ea82e6e523,71,2,69
0x8f0a704e24fcea2572d201a22979a98363656c55,341,311,30
0xbc276f51184ec085cd1437601ecb4bbc3d981896,114,39,75
0xc4269cc7acdedc3794b221aa4d9205f564e27f0d,106,106,0
0xf90dd052666ef7bc852fbae2242c43f892d4d0ac,160,110,50
0x4740735aa98dc8aa232bd049f8f0210458e7fca3,157,157,0
0xec13de18765b0e65f99f6bfac56a856b90e7f2ab,246,246,0
0xbf729b04d24adff88b0b5ab9d688974d281569d6,188,62,126
0x575ec01a9e70bf3e192a774eb265c46ec993e4cc,212,99,113
0xd37264c71e9af940e49795f0d3a8336afaafdda9,318,131,187
0xd0fa629a6d27b44d2bf378d9fb9e32fe2d622067,68,19,49
0x563a1094235522a9d84328eef758bd9908dfabdc,83,83,0
0xba7970f10d9f0531941dced1dda7ef3016b24e5b,156,156,0
0x17d9b3976a00d2d97f24a6607a566f5726068c9a,37,34,3
0xf0d2d631a24db247f5eb0421fa3e6a169c72565f,244,79,165
0x16de9d750f4ac24226154c40980ef83d4d3fd4ad,329,45,284
0xa91a514818165c2f5aa406bf9a94d35b7cbe88d2,47,0,47
0x4740794045be658dbb82e1e9a5c0dcacdc940ab6,48,0,48
0xf2ee18d33bf5f9cd1ccb917c1ccecd8908231247,243,73,170
0xdcc2a6f7cf14b5d2fc0f2731faf0a37b914a0c82,176,2,174
0xcaca33e6d730e5451db034b298326bd662a638c4,40,38,2
0x3441562789061864df06655a13dc41fda093713c,29,1,28
0x7a676be8344a282be2cfce69d172b11ac2fbd812,23,13,10
0x686f2404e77ab0d9070a46cdfb0b7fecdd2318b0,64,1,63
0x968f6f898a6df937fc1859b323ac2f14643e3fed,96,96,0
0x4d6ffd928de08271ef424aa0a3e82fe7884c43d5,66,36,30
0xf23801f0c81b8e31ce95bc980ecaf069d296857c,108,8,100
0xe52d18503d87e481e07520dc23a018126a87b0c2,286,282,4
0x692038c37f56e1772ce1d61cd0ff2d4289028458,258,35,223
0x3d5722299f04099afa2e3570fd94ee08a732e6f6,42,29,13
0xb159f1a0920a7f1d336397a52d92da94b1279838,179,1,178
0xdd0d63220265927b29646cb7d4684d5fa6df4cb8,62,5,57
0xc9499b3da90cd76ee7831d6a193b28e151b222d9,54,3,51
0x3980c9ed79d2c191a89e02fa3529c60ed6e9c04b,326,326,0
0x27510ac089ba7b78b00724ebf363845431a78ac2,125,123,2
0x18cd9fda7d584401d04e30bf73fb0013efe65bb0,190,101,89
0x8442dd3e5529063b43c69212d64d5ad67b726ea6,224,131,93
0xbbc93a41f78a11d0779171f270fc86ee8efb3765,75,71,4
0x84654be796dad370032391d5479f8f1fd9ddd14e,7,7,0
0xe2d3d13280eb461ce442a09ff135b6b6e9f72126,38,4,34
0xdc24eca11d4a279be6ae8b3114097e568e682ab0,40,0,40
0x691ef79e40d909c715be5e9e93738b3ff7d58534,226,173,53
0xe8e2b12e02cefc12603e99cd414d9d9ec82068cf,245,9,236
0x0ce3c18f9728b85742a527c1bd3493daa599c18e,82,28,54
0x329fa32f6520fb67bb3c1fc3a6909beb8239544c,385,68,317
0xedb61f74b0d09b2558f1eeb79b247c1f363ae452,268,153,115
0x14d9dead7fb67ee78c37ac042f67916af8ac0fb0,49,0,49
0xf4d861575ecc9493420a3f5a14f85b13f0b50eb3,186,186,0
0xa4c3d7300875d99b5b227917facf98cc7b08cc53,223,44,179
0xbb53dfe73a4fe50cbe2fc436a1667beb5c22956e,65,35,30
0x0bdcae0d52ec292ebfe9875ecd649d98b4e8adac,123,9,114
0xa48002be7880d92f97272c6b34b076a2e5ff92fd,39,12,27
0xf7de31669f4f9386cf000ff6b412e405d0535b74,93,0,93
0xbbf449cf8174c0cca4452fbe4785d8851a2fd641,245,5,240
0x73968b9a57c6e53d41345fd57a6e6ae27d6cdb2f,169,169,0
0x6cb26df0c825fece867a84658f87b0ecbcea72f6,207,158,49
0x6476db7cffeebf7cc47ed8d4996d1d60608aaf95,23,23,0
0xc64500dd7b0f1794807e67802f8abbf5f8ffb054,163,163,0
0x1454232149a0dc51e612b471fe6d3393e60d09ad,48,22,26
0xa9b1eb5908cfc3cdf91f9b8b3a74108598009096,208,172,36
0xd17fce1c4c199ff9d02c9674abf52fd35d9d058c,497,404,93
0xf8e9566c8b24aa77645d503f119a4b85dc3fc6d3,208,0,208
0x2163f70d3b4de18a44e570309798e1fbbc916291,74,27,47
0x14540c4b3198dcdab03869febb8f39d73b0ae95a,21,2,19
0x2eb53bee3b552c52799226a8267f3bfdb9912dc0,40,0,40
0x313bded01a27a17f17803b0a7a134798eccdb018,217,136,81
0x31bfde4d0fbf3fa89b230d370e3b206e67ef8b15,45,14,31
0x8026ec89562d4109835c74a3946096081d362ff5,31,0,31
0x15cf7afe8342e8cd2ac38426b814e01f1701214c,30,15,15
0x0391d2021f89dc339f60fff84546ea23e337750f,236,236,0
0x8876819535b48b551c9e97ebc07332c7482b4b2d,342,342,0
0xd6f4a923e2ecd9ab7391840ac78d04bfe40bd5e1,114,106,8
0xa1fb685c312c8f83825a07e79a4e2dd4e24476dd,36,2,34
0xb1191f691a355b43542bea9b8847bc73e7abb137,159,159,0
0xef1efb7f22fb728820d4952b33012a7115e87687,76,76,0
0xc52a74928b5c439dc115b2ce1572643d18cabe0b,115,50,65
0x74641ed232dbb8cbd9847484dd020d44453f0368,118,117,1
0x1a11831f88954cb9bab51e4b6b7e57cb72b4a1b1,48,47,1
0x50f5e8408a9171e6aeebc1f4a159ce1ad3664158,29,29,0
0x20d4db1946859e2adb0e5acc2eac58047ad41395,120,111,9
0xb843a07ffd385c5e9284aa4925666f1d1d1101e4,49,49,0
0xf51bbb5726513b7005d25f2973309661e5206556,400,113,287
0xd945f759d422ae30a6166838317b937de08380e3,281,281,0
0x0e50498e19edb902e83b44ed57f1324b875d6dac,26,25,1
0x6fe9c57ae423d14e78cdd5877d16558bb959d303,263,0,263
0x31fe56609c65cd0c510e7125f051d440424d38f3,26,26,0
0x188375ee3ad7beb579601861055d75ee9992d032,176,6,170
0xcae19776cb7197676f9b15f1da6d110dddfb181c,136,1,135
0xff79127c3538aae46b6b15f056da677c07e60d8e,108,75,33
0xa487bf43cf3b10dffc97a9a744cbb7036965d3b9,141,111,30
0x45c2d9f2553f4e1794e1b99b8e319ead8a066f81,381,39,342
0x04666247f012e99f6d2ec148cce849f78c61aea9,19,19,0
0xbbe23e96c48030dc5d4906e73c4876c254100d33,222,2,220
0x448ad00451d153e11b582bb24164616c6c2bc95e,41,40,1
0xeca6349907535d1b0b8dd3d58b5914e0316d34b7,96,2,94
0xc96ab840a194f2417ccc0de6077b4d7ef310da2a,43,31,12
0x833482c2dc61c7e695a07fe7bfc50e063781e75f,54,8,46
0xc995756e8e6a319f209623d0c8f7629dc5636129,157,140,17
0xa00a4d5786a6e955e9539d01d78bf68f3271c050,114,33,81
0x0b992cd45d8b72d304b5de443a59720e9bd9cc5e,77,51,26
0x3b6fd94921110ba497a0c754819fb7e647036633,97,65,32
0x21ae791a447c7eec28c40bba0b297b00d7d0e8f4,58,58,0
0x272b2b3640c37f07173318465ac8eb3f6c211dce,52,11,41
0x54542f910162aaa75663b3da276289639c677aac,21,0,21
0xbbaae76596467ed249f0efbb450188690287c348,53,1,52
0x579cea1889991f68acc35ff5c3dd0621ff29b0c9,109,106,3
0x3ffcfb7c1138b3fa78594a0fb3584ffd3d6d042e,69,30,39
0x972da30f00c70ce4d1bc23d935df60b10ca643b1,31,30,1
0x13fd344e39c30187d627e68075d6e9201163df33,62,42,20
0x17834b754e2f09946ce48d7b5beb4d7d94d98ab6,72,0,72
0x0dbac2cf0ef7baf21323b8e9a4af524d07093422,29,15,14
0x984ac9911c6839a6870a1040a5fb89dd66513bc5,128,107,21
0x6149c26cd2f7b5ccdb32029af817123f6e37df5b,215,215,0
0x343f999eaacdfa1f201fb8e43ebb35c99d9ae0c1,169,125,44
0x0000000fdf9eb269b38e39e058f45d7d0ddb60f9,28,28,0
0x6ed706408b1a767bc44a54e15821d7c877330410,227,227,0
0xa795c5708a6b2697ba5c7ed8418290d066fa068c,39,0,39
0xe516d78d784c77d479977be58905b3f2b1111126,98,0,98
0x9f0f64c023f75c937502542e6059a2acaa0e7eca,23,23,0
0xc73c167e7a4ba109e4052f70d5466d0c312a344d,149,69,80
0xfca823de572ed9d65ae804bb638a486409dea391,129,61,68
0x66a1b09adcff8df2e321b5cfbbf134121520d785,347,0,347
0xae0c401dacde47c72289207b0e65a446d15971a9,66,1,65
0x8e93fd5d7c1dcf7dd8d44d32c714b92bd049dc81,35,0,35
0x0107c4aaa31940ef88760acb1f32424ca8d8bd80,48,1,47
0x10c4a95e0ff3a79b854683484dc733b9522b607b,91,35,56
0x57928f060910f9f7714fd545969e152dd3655c28,56,55,1
0x385959371facda040d02dfd37ba2bca3eea3b57b,47,1,46
0x8b8d1225bb21ca07812ff3c2ee9358f7b5d90eca,417,2,415
0xe5c57131fbeb8cfc2d0bb220dd027aef2332ba6d,126,2,124
0x9e2b8453e0a01154cdbf76f0014bd54f47bde3b3,48,32,16
0x34f0915a5f15a66eba86f6a58be1a471fb7836a7,456,3,453
0x068696a3cf3c4676b65f1c9975dd094260109d02,175,175,0
0x1ab49bd2d96a1e3100d152d9ba9a15ef4801f292,36,17,19
0x0ec7c9b2eda7d3f82a8919029c369a019e2be268,326,15,311
0x2f9531bb3d1240cbc3c17001dc879bd7067b70ac,78,44,34
0x370de27fdb7d1ff1e1baa7d11c5820a324cf623c,305,305,0
0x71a28feaee902966dc8d355e7b8aa427d421e7e0,64,63,1
0x3cbcde147df6102b2ab0693fccd7fc35efb4db2e,15,15,0
0xb83c27805aaca5c7082eb45c868d955cf04c337f,79,79,0
0x86fc6f6c6702cef7d3bae87ef41256715416db71,204,163,41
0x25ffde297087ea759adbe2379187ca5529e53c5c,195,65,130
0x4376cfb6d9fe9b94a2e9fd0c417f7d50f2a29245,3,1,2
0x10e0e63279521a046ea5a39c3303fa06afdc324d,42,39,3
0x83979584ec8c6d94d93f838a524049173deba6f4,172,1,171
0xb6fb14caa60a6b576860959f12aa2d3a8089caa9,147,87,60
0xcb1021080b61dac7032618de925a62176cbc8372,115,87,28
0x4302b24ea1010b4cb4f1f056341334ccd2efd3c1,277,58,219
0xf4eac65bbc94e3be2e3674992c31781032a6d793,259,154,105
0x3e36222517ec1413c627c69e7d56564d8a4165e5,255,235,20
0x6eed5b7ec85a802428f7a951d6cc1523181c776a,98,79,19
0xebd707e7b27c6c14c98a327e332a0df7c6c015b0,452,47,405
0x60ef10edff6d600cd91caeca04caed2a2e605fe5,45,45,0
0x2791bfd60d232150bff86b39b7146c0eaaa2ba81,136,135,1
0xbc6f8c94979207b5206a3e82a3d84dc82f987829,36,27,9
0xc669928185dbce49d2230cc9b0979be6dc797957,90,89,1
0xf9c53268e9de692ae1b2ea5216e24e1c3ad7cb1e,58,58,0
0xaf06a25a3db7519b06b87fbdfea67814e80aef3e,96,82,14
0x1cef785aa885836cee4f53b6ace83d187d819639,332,28,304
0x42bfe8c8eb5e87b58c9edeeba73a1d5b45325647,33,0,33
0xd4d871419714b778ebec2e22c7c53572b573706e,300,119,181
0x0ff6ffcfda92c53f615a4a75d982f399c989366b,220,220,0
0x9196e18bc349b1f64bc08784eae259525329a1ad,116,116,0
0x19e3b41628a77e3ffbc2f7fc53fb690d9637d19f,36,1,35
0x427c3fbb758e01465647eccd5cba630ece1cabc5,192,1,191
0xa059087de1321517892ec73da5f6f665c8e009db,225,225,0
0xa265bd2ba7e49bcc77cef4a7b05c7799ec8b8387,400,18,382
0x24435375b29f83b9b3e7e868df963543e6b4892a,65,64,1
0x8184a482a5038b124d933b779e0ea6e0fb72f54e,191,135,56
0x87de305311d5788e8da38d19bb427645b09cb4e5,141,141,0
0xfa7e3f898c80e31a3aedeae8b0c713a3f9666264,429,188,241
0x091561eb5b0fc1da32a0f8842512a994b0fdc37b,74,68,6
0x5f7b42e237600530e8d286f9c4ef48f5ea5ef518,68,19,49
0xa693b19d2931d498c5b318df961919bb4aee87a5,148,148,0
0xae71193d1e914eea9a3164b5f52a19c86949ff50,90,72,18
0x830c4d58432ac015525dda2b2f2fb8da793bd941,102,102,0
0x239dc02a28a0774738463e06245544a72745d5c5,78,31,47
0xda31bc2b08f22ae24aed5f6eb1e71e96867ba196,228,65,163
0x106552c11272420aad5d7e94f8acab9095a6c952,133,63,70
0x2d177a16ced90b7a90043f0806663b7e41d596ff,50,50,0
0x86c559014d326031b0342e83668aebca3a7b0302,34,33,1
0x2971adfa57b20e5a416ae5a708a8655a9c74f723,207,9,198
0x94a15faba48264572670f75aad1ef5609947a81d,269,50,219
0x83bf7e0ba6732196e5c339fc71c44b3a77d58ac3,142,90,52
0xc630ecd1be7c7d51e0b4ab203dba445dea2866df,120,120,0
0x9f613b178b10f14f90be2b4ab1abd35b1a94dc19,49,30,19
0xe66069cbd7c413898a7304ea8f4ef1255364ca3c,43,19,24
0x7cc78084e8d7b2be045fd23d0cdf749599db6eb4,126,94,32
0xfaae5fef33fe34f36850f47f1cca13b4da7016a1,24,1,23
0xb98d4c97425d9908e66e53a6fdf673acca0be986,346,346,0
0xc0ea83113038987d974fe667831a36e442e661e7,90,90,0
0x6372e41cd6415261cf38daccefed2f0cc206c282,235,2,233
0x6fc13eace26590b80cccab1ba5d51890577d83b2,270,237,33
0x8442864d6ab62a9193be2f16580c08e0d7bcda2f,52,16,36
0x87e738a3d5e5345d6212d8982205a564289e6324,126,126,0
0x2e734269c869bda3ea6550f510d2514f2d66de71,143,143,0
0x19247d1e7178a3ffd76763eaf52ebe2cf1e639ad,63,62,1
0x9816ef551f838c95ddd56fde7f080ecf424182d8,72,41,31
0xc49cd62d0a38bb06b72087e2ba889ae36ef1c873,108,1,107
0xe6a275319d275dfc9a9960f29891b9af72b89e4d,191,191,0
0x70e423911bdf6eb7a9d6d5fee584fb2d58fafa74,112,25,87
0x87d3af525e3f42e020ca8af9c4b74a6f5a814ca7,35,29,6
0x2ba592f78db6436527729929aaf6c908497cb200,257,8,249
0x9dfad1b7102d46b1b197b90095b5c4e9f5845bba,107,107,0
0xcc1f757e3fa67b70e761c71f4b75b1e9f72263af,36,36,0
0x11613b1f840bb5a40f8866d857e24da126b79d73,107,92,15
0x0a393aef6dbcd7e7088acf323f9d28b093b9ab5a,54,4,50
0xd098c59d5d4a1ac3909f6093d0cf565314ecd240,390,69,321
0x612c393dace91284dafc23e623aab084fa0ffa64,49,3,46
0x9c807628198a544f69f1dbc4ac4bdf56ffb1d8a1,369,368,1
0x995fab08a70d916aa03d2ae59e42d45343bbce93,50,0,50
0x1a100cf89d3218e1f673dd9ad163a45a9218dbe9,128,6,122
0x35e8426d161b84041a7769b2598b1b75bc896f22,255,254,1
0x6ba6f2207e343923ba692e5cae646fb0f566db8d,179,179,0
0xd7bef882ac59abaaae340d7fa897536cbb572184,48,0,48
0x9ce696322a7495b83f279db6080314cf4d9f8c1f,128,57,71
0xb1f66997a5760428d3a87d68b90bfe0ae64121cc,220,96,124
0x25593a50255bfb30ea027f6966417b0bf780401d,312,173,139
0x41d70e302e63afc0f6b3d6e94aafe2489b443f48,23,23,0
0x4be3223f8708ca6b30d1e8b8926cf281ec83e770,191,3,188
0x8fe3626e6f059c1b4b3aaf0ecc190ca11c6d55a8,130,74,56
0x2b934db3169783de4ccb6f24a3039605df8f8b05,264,197,67
0x37a03d4af1d7046d1126987b20117a0fdcbf6535,173,173,0
0xbf92a355c73de74969a75258e02a15a2764d4970,102,102,0
0x18affb2a5ead3fae42e34668871ec9b5e5e713e0,243,63,180
0x7760b8f3e81b10f9aaed70cd48940e16d5cdaec0,448,414,34
0x219351f2baec497a42416ba170a9b09696bf9e2e,124,38,86
0x86e87ad210ec9e6939fedcc6d399748c3d686761,70,53,17
0xe3e23f783e270f1693c02bd158e266a9179e1013,299,49,250
0xa8580f3363684d76055bdc6660caefe8709744e1,102,102,0
0x020cdc4775366ae436f13a7d333143432e884934,304,81,223
0x2eb6be120ef111553f768fcd509b6368e82d1661,268,257,11
0xed493f841b0527ff4ad0c08ac9cf84fe26ebb5e1,76,57,19
0x955cdacd6ab5fe82d43a133a3d5e211993f12e7c,53,25,28
0xd0a07a76746707f6d6d36d9d5897b14a8e9ed493,411,9,402
0x4f3e8f405cf5afc05d68142f3783bdfe13811522,88,88,0
0xba3bdc36e751e2ffa2c216416666b909af7fb49b,362,9,353
0x444467738cf0c5bcca9c1d6f66670f4c493e53ff,127,0,127
0x698c6ac9ca5f16cabc5a636d3a619329c0958cba,125,38,87
0x793c390c5d84746cef023f46173ab4673e4f592d,36,34,2
0x570d4dab720d00c2ea702afee208e7b16099786d,48,0,48
0xc1542021c3b20dc90ea54c70dabdb0ded4d4eb04,104,55,49
0xe423bc41aecd29889ca4975f90de54d9f30d4181,36,35,1
0x16780860c1c0a69c9704ad2ac828a92654d7009f,124,21,103
0x4298892fbf6d4dbeee99d30496f085e9d8b59618,151,11,140
0x0023923d3cd59f30666c16d70a90bbb640c1370a,71,70,1
0x83f93585685a4656ae2e0cb71a1f29083c79ea91,138,108,30
0x9025046c6fb25fb39e720d97a8fd881ed69a1ef6,382,5,377
0xde4ce5447ce0c67920a1371605a39187cb6847c8,34,34,0
0x4decc44325e18519224acf38338e8802983371f9,188,3,185
0x348eac426536595a6e75a82c033ac292c000f272,18,0,18
0x0ee1448f200e6e65e9bad7a335e3ffb674c0f68c,205,194,11
0x3abf2a4f8452ccc2cf7b4c1e4663147600646f66,75,70,5
0x60ee978098bac89a67e68c5f3ded40ee4291d0da,162,0,162
0x6dc6001535e15b9def7b0f6a20a2111dfa9454e2,219,219,0
0x618c20ad429417e52d97fd5442bc49a761c6115f,27,27,0
0xa08c560e9376df2698b9137f4eb7a168cf0fae9f,106,106,0
0xfcaecb01d2e095b2cf3e5293afd83bea5e9ff259,287,3,284
0xb61b5aca15193ecb719433d0e5c066f9980e1e83,275,137,138
0x4133ea7e6b655fc6069825d8766076cf1d9fee41,92,91,1
0x6fecaa110f74c8181e4a90285b1065be32596c9d,120,31,89
0x23894dc9da6c94ecb439911caf7d337746575a72,95,43,52
0x445ba08dad96a3d03ce8ffcbb1f246397f971b8c,62,62,0
0x4b81714cd2a0e5ec540575d40a46f0639a20b678,82,0,82
0x727f064a78dc734d33eec18d5370aef32ffd46e4,90,90,0
0xbc19712feb3a26080ebf6f2f7849b417fdd792ca,127,102,25
0xf506f1ab233c72a424f1b83e055cbfb0ca0dbca1,99,2,97
0x446f86cd99d4c0f29380a2d8abde7822190c26bb,194,82,112
0xfe8874778f946ac2990a29eba3cfd50760593b2f,14,14,0
0xf62519cc5c275f790713898e90ca54c78160d6ed,251,109,142
0x92cfbec26c206c90aee3b7c66a9ae673754fab7e,62,62,0
0xdb5c3c46e28b53a39c255aa39a411dd64e5fed9c,149,149,0
0x77640cf3f89a4f1b5ca3a1e5c87f3f5b12ebf87e,186,119,67
0x82f5ef9ddc3d231962ba57a9c2ebb307dc8d26c2,204,0,204
0x285e9606463448a93b811abb64bc15f52da5a40c,13,13,0
0x6bc1f3a1ae56231dbb64d3e82e070857eae86045,157,61,96
0x9a95ecee5161b888ffe9abd3d920c5d38e8539da,64,0,64
0x1e987df68cc13d271e621ec82e050a1bbd62c180,167,62,105
0x99d8a9c45b2eca8864373a26d1459e3dff1e17f3,162,162,0
0xadb2437e6f65682b85f814fbc12fec0508a7b1d0,143,70,73
0x7ded71709e007ce310492f192d3d0d9a5ffab909,37,37,0
0xa16a609ff4e1a15b6ccb469e7a5dd14e89305283,61,29,32
0x1aae3148f5b5f576159835c4c56ff844a7da4f7e,37,37,0
0x1d010e936ee794c100115739524ac4f692eb48a8,414,7,407
0x4b10701bfd7bfedc47d50562b76b436fbb5bdb3b,287,287,0
0x4f9835dbb442b263bbd20ff2731162101d9c3a89,107,101,6
0x31c8eacbffdd875c74b94b077895bd78cf1e64a3,257,211,46
0x6e9730ecffbed43fd876a264c982e254ef05a0de,182,172,10
0xae78736cd615f374d3085123a210448e74fc6393,252,129,123
0xcdf58314677959122432152783f02f4e5e247802,86,1,85
0x14f768657135d3daafb45d242157055f1c9143f3,140,105,35
0x3b38013fd585f69fe48ad344be51d347c4abfaee,48,27,21
0x04f2694c8fcee23e8fd0dfea1d4f5bb8c352111f,204,204,0
0x93eae233d31bbefe534e7abc9c33703a83f803ef,70,56,14
0x932261f9fc8da46c4a22e31b45c4de60623848bf,205,205,0
0x543f29e5e4edb71e9026c9c8f486808283a180fb,190,105,85
0xf1f955016ecbcd7321c7266bccfb96c68ea5e49b,225,225,0
0x0ca6bbdf3e7472331ce73780e299a7b1a298681b,29,29,0
0x5139cfee9e8533d9f52be27be183ec60c7222274,133,92,41
0xa8ed317c5a491bbd9127fd2fce6ec7f409b40783,310,138,172
0xa9248a0935eb476cfe2f286df813a48d06ffd2e2,300,29,271
0xed3d4e446a96dc3b181b64b75c3c70da41dc3cbe,69,15,54
0x7d29a64504629172a429e64183d6673b9dacbfce,301,301,0
0x58c083166ccb1fcebd28a2ced081b1afab190d9d,140,0,140
0xd539a3a5edb713e6587e559a9d007ffff92bd9ab,149,67,82
0xdabd916389642bd1a354a342bb827b6de853c11d,283,283,0
0x95d10b277b7f2c7ee6c6a24d8fb9dbfef60d7dfc,49,48,1
0x62d3c05b9c3d916fbc111819bbd3cee52906c1ae,52,52,0
0x5faa989af96af85384b8a938c2ede4a7378d9875,142,132,10
0xf9039235d4318bf2faded06ca8eb5c7e9785f789,24,1,23
0x3e55d389d352f4905961a6b32ca53b2f229fed73,183,49,134
0xc7ebcd2b57db3d133c456fdc407f88c1616e7c93,50,39,11
0x82994dff990b80ee01a90a9c2f5afccc1f5e32f5,110,65,45
0x325bad883b4e9a35277e99902d94dd18186ae219,223,51,172
0x1f0f72e6dc2ea6fde3a32a1b3fd47a26a3293dc9,110,106,4
0x391f64a5a9af0ed15c95fd17c33fe6de81986c47,83,2,81
0x58f9102bf53cf186682bd9a281d3cd3c616eec41,80,80,0
0x2f3df38924fb12a82f46298b8e9391e1fb714953,99,64,35
0x4b1e80cac91e2216eeb63e29b957eb91ae9c2be8,175,175,0
0xb578f948df1f2e401522f8774229497c2bdddfff,298,285,13
0x454cbc099079dc38b145e37e982e524af3279c44,195,134,61
0xf36446105ff682999a442b003f2224bcb3d82067,148,147,1
0x17a0fed3bf90c0a12a7cdad83e3d4b0e06ebab54,180,3,177
0x193b775af4bf9e11656ca48724a710359446bf52,290,285,5
0xa3240c269ad0ebef13647c726e532e964c55ef3d,259,258,1
0x28f6691ace7a960ed6b549a2c486982e89f963fc,79,34,45
0x28dd343abfa64e6be404eba735485283fcd099d2,115,8,107
0x773d6e3e85ed29d2c40c42f7cbc8ad3d4ddbeef0,26,26,0
0x0e3a36fc982c62e1fbc2a04bf201639e83fd3a49,125,115,10
0xe39d9712f3749b9663627331d9bca15ac69b6170,35,35,0
0x26d3be57d9a2c4a2c2e1361e80928d769ac25006,46,24,22
0x4fa62e01769a1c2dfff20a66d23b1b666b5ceb85,54,1,53
0xd4512405f35f036f7ecc64bc2834fa5d16f20520,100,3,97
0xb7f6e15b7583e2780a6f7c8a46cdb8a7d840b8b1,22,2,20
0x9a06ef3a841316a9e2c1c93b9c21a7342abe484f,67,0,67
0xdcacbdfeebfe6d7023615d0041bb342e8713cff3,28,0,28
0xcae72a7a0fd9046cf6b165ca54c9e3a3872109e0,186,186,0
0x16756ec1deb89a2106c35e0b586a799d0a61837d,103,5,98
0x08a75dbc7167714ceac1a8e43a8d643a4edd625a,58,58,0
0x1a15e5c97ea289d1f31747b84df418edd40e9ed1,209,65,144
0xe0e28f13d59b3f6c37e49c8447df3c9d418f0188,24,14,10
0x09d05293264edf390cd3cbd8cc86532207ae30b0,174,129,45
0x07a13eea351d501cfedf96bda8528bbc71ca5d80,92,6,86
0xea25e2b3e35c67876957ee00a28cd912ff113f54,217,149,68
0xef3a930e1ffffacd2fc13434ac81bd278b0ecc8d,142,22,120
0x2d7b6c95afeffa50c068d50f89c5c0014e054f0a,166,166,0
0x64775ea96cb4dd8ef31e3d634af398c66543fbd7,109,109,0
0x98d3cd2f29a4f5464266f925fe177018e6c2f9e6,349,166,183
0xd4342a57ecf2fe7ffa37c33cb8f63b1500e575e6,95,95,0
0xaad2458f2a279accd9f6d11fb991369f83a47b07,433,48,385
0x090185f2135308bad17527004364ebcc2d37e5f6,264,260,4
0x7af3460d552f832fd7e2de973c628acea59b0712,245,73,172
0x3059955684071b412bd8e6f1506577ac11ddd692,127,126,1
0xc4de189abf94c57f396bd4c52ab13b954febefd8,134,130,4
0xd1e3d5676cc51eb455b3a28a3b22bb7b6bfb533e,50,1,49
0xbf3eb06c55709674504c2181362d09b51aeaf0aa,224,102,122
0xd0a538bd68412d35933bb80fbf5ebd72cb329822,358,0,358
0xf5ae40b79dc3b7bdc340daeee62707db2c1c5e20,21,21,0
0x5d29011d843b0b1760c43e10d66f302174bccd1a,83,32,51
0xc5a6afbe82eb9a119ac0d15392ca43b683ae8136,409,145,264
0xa33b7fc3ae1189e31cdeb888fd369cd8a7a9c141,214,63,151
0x261fc7dae53b4c7d9d4fc44360695c226481177b,138,1,137
0xa9ba1a433ec326bca975aef9a1641b42717197e7,223,223,0
0xbb7a981f5f14b82ac3d3866304c8996d1d82be46,88,86,2
0xb333d769c880988fde317daa1d6851ef54b09713,92,2,90
0xd00e79629e2053d837285c74a0ec09f51b33c141,174,28,146
0xa514ede519870c62d35130ca18e4134e86244255,61,50,11
0xad0820f9436bff8c5a7b1a2be57d23c0b8ec0a29,148,109,39
0xa142cf204d9d64f8270bf1e84a297b8b7644ba6b,121,80,41
0xf301d525da003e874df574bcdd309a6bf0535bb6,405,405,0
0x2de348a56b6f82e366a7dc9630e517c90454ced4,20,0,20
0x2a04a52a963f1bb3a539107d43d23e911545d895,16,0,16
0x21011333fa45f3564176e9a16a043bb84f863e5d,198,5,193
0xba07cd4712a308be5f117292a07beff94a7fe0cf,178,176,2
0x46a0a4840b496c8e8fd034c99840f578fd842341,89,44,45
0x1a6f180b1a42d3870d9486cd8e61f19995ea4539,89,0,89
0x31719ea121e5e77b12efaf134693bb2633d0dc3f,156,22,134
0x26fb86579e371c7aedc461b2ddef0a8628c93d3b,234,234,0
0x490ea97ef36161f960196956e43e2cda93595875,24,0,24
0xa5446d4c8e4c2c1a36f667db72553a1c105191b4,313,19,294
0x5771d78aef7cb1028ba3ae6c244b702988d75c91,31,1,30
0xab9ad8a1079a66080efa0522a94f303a53302a6b,16,12,4
0xff742d05420b6aca4481f635ad8341f81a6300c2,64,0,64
0xe0be388ab81c47b0f098d2030a1c9ef190691a8a,300,116,184
0x964099b09212e732f1f73d0aa4a8162c4dfd0ca4,63,62,1
0x9f801c1f02af03cc240546dadef8e56cd46ea2e9,133,132,1
0x06f8b41b72c04b2bba587fc7b09dbfb877ca7d04,259,65,194
0x95deaf8dd30380acd6cc5e4e90e5eef94d258854,54,21,33
0xede7400e097ed1b0c3d8c1d7530058305ce0afab,43,43,0
0x01ae9df9cc72ed928c6f34aa74a3449e8d5ab134,53,9,44
0x6d3adf9fef24ddb3ffd0457455176dc6c437199f,64,3,61
0x51012ecb5c63253317ed6fe70b53f1e40ebcbba5,13,12,1
0x91d74e31a2734f4e519861ab9917048822f0b489,16,15,1
0x9ad37205d608b8b219e6a2573f922094cec5c200,82,1,81
0xc7d21dd9ec1f3f42c313535c103fad7e5a078bc4,206,187,19
0x4ceb477a068350bc652cabff127f87ad874b11f9,380,6,374
0x36036ee347c6308b905fbe2206f68dcb98d92d55,169,2,167
0x80d77b4ae7cd0d7a21fd3c1b2da25a4a06b63923,203,171,32
0x3a921bf2c96cb60d49aff09110a9f836c295713a,429,1,428
0xf99d58e463a2e07e5692127302c20a191861b4d6,192,132,60
0x5ba8996f5a2187efece48318489aeab6f553b3bb,97,2,95
0xcf5a5dff8669836d53990b1a493bccbad8b124b6,126,56,70
0xc33b844d8c4d3e89f70023d2f04eb85d89a91d21,149,19,130
0x244fc4178fa685af909c88b4d4cd7eb9127edb0b,112,63,49
0x3d72ebc5928315fffcc98d99840ce37e77785e71,62,3,59
0x96dcb3a8a5a45a201ee3416546cf369125bdbc0e,30,0,30
0x83249c6794bca5a77eb8c0af9f1a86e055459cea,98,94,4
0xdb631859e06fbc6604e86f592f6b8c416425b5d5,420,420,0
0xa227039dc376c3a9c9c1005a3f06cf0306ca04e4,40,2,38
0x7b692917124f64e1658d67c72ab5df5219078e37,259,164,95
0x46b52267a6aadf7e1a519eb5143188c3ade37190,58,1,57
0x1c9922314ed1415c95b9fd453c3818fd41867d0b,165,160,5
0xe24e4d4535f504d6d7957356534e23b4e787289f,220,4,216
0x05b77ef77b12f8f84893841efe15e887ebc3ae95,61,61,0
0xe3f92992bb4f0f0d173623a52b2922d65172601d,345,104,241
0xdfbd4f523dd7532ff8af2430d9be36d8d9421825,283,283,0
0x28812ec6e46c3e5093de25e954a026ff99a57d53,191,10,181
0x0c94ce9e022ff45330212df75134efafbfb497d4,352,2,350
0xdedf88899d7c9025f19c6c9f188deb98d49cd760,245,207,38
0x6a445e9f40e0b97c92d0b8a3366cef1d67f700bf,77,77,0
0xddbddcfdec729ee7013c3038482538c03d7c62cb,218,66,152
0x06325440d014e39736583c165c2963ba99faf14e,108,108,0
0xee4446483fb92b6d21488fd4937053a09a53b7b6,276,82,194
0x2f069e17a2a37b0c46c51f4546460958ee446891,43,0,43
0x8044ee10dc6f4316072379b9cbdcee7d22b97591,93,73,20
0x1494ca1f11d487c2bbe4543e90080aeba4ba3c2b,228,223,5
0x9b9647431632af44be02ddd22477ed94d14aacaa,226,226,0
0xda1e53e088023fe4d1dc5a418581748f52cbd1b8,88,47,41
0xa7f551feab03d1f34138c900e7c08821f3c3d1d0,62,1,61
0x315027137e85efca8adab52e658e0c7a6fa3fcca,480,478,2
0x177ef8787ceb5d4596b6f011df08c86eb84380dc,452,198,254
0x64cf2584e59aa22b23e953bc57e17b9cbc26e706,26,25,1
0xd0e9faf06ff4cc3948295b665ccff764ec696f47,288,1,287
0xb087c2180e3134db396977065817aed91fea6ead,46,2,44
0x00ea2894fe840f105ab99a8f8f75b1f17e94843a,311,65,246
0xdbdb4d16eda451d0503b854cf79d55697f90c8df,228,223,5
0x8aa2e73b085e55525defc0545733d251a292c1ae,45,44,1
0xaeb813653bb20d5fa4798dc4fc63af9cad4f3f67,80,56,24
0xc5019e129b75d380d3d837b8e609dec6c8f5d044,77,6,71
0xc0ba369c8db6eb3924965e5c4fd0b4c1b91e305f,202,202,0
0x26645fdcf7f52831ba891cec92673e0fbc593571,96,23,73
0x4e2781e3ad94b2dfcf34c51de0d8e9358c69f296,125,97,28
0xb2d1c6b913ad023de3fe132e7da5a8d315f9a03d,70,1,69
0x239ce1fb790d5b829fe7a40a3d54cb825a403bb3,239,9,230
0xe51aac67b09eaed6d3d43e794d6bae679cbe09d8,334,33,301
0x5075a047f3d642bece60da8390c70fec7f6c5807,73,70,3
0xb4d9dd5cb9e40c1a51e0e47f5110a643c28b0301,131,0,131
0x9f009d03e1b7f02065017c90e8e0d5cb378eb015,44,20,24
0x91dfbee3965baaee32784c2d546b7a0c62f268c9,102,102,0
0xc6b958c1682920173b7f1ac0de9140056a0f68f6,23,23,0
0xce15ec0fbbee22c2a069fe0483f968ffe657335d,53,52,1
0x76b3af5f0f9b89ca5a4f9fe6c58421dbe567062d,243,192,51
0xc8d5517fd038206a65263bc25b230f6809ac7e3a,154,106,48
0xa5b6109ad2d35191b3bc32c00e4526be56fe321f,309,309,0
0x64ed7fc387bfeee39898b553fe0e199a35fec5d6,236,71,165
0xdc94f2e7fa341bf548df233b7baa88c802d7c48c,28,28,0
0x08dfdbb07f013856d0d18592d20185d64c9c4ef0,110,72,38
0x7c5a0ce9267ed19b22f8cae653f198e3e8daf098,293,293,0
0xe774bbacaad2915f3db4d1bb798523c610a33532,27,3,24
0xc1c130f6e93f1809f617b28138eec0f594f8391b,72,56,16
0x74b0fd7c3715a73b3d26d81a9fc9b5e8c41c70a7,290,286,4
0x3ed7dfaca773b90da1bc3fa8b04656c917d33afb,219,99,120
0x7dbdd9dafdc4c1c03d67925a4f85daa398af32b0,102,22,80
0xb1093f00dff1cbad4709ba7ce82c3dc9ad839c36,106,72,34
0xcd9c7c57a2d1468686c2d141530f7b70e771c05a,119,63,56
0x3ad2f955bb5dfbf3cd22e764cce8445f4243826a,386,118,268
0xfa3f8d6bb5a996600c354a36c6c38f432a38da78,104,103,1
0xe361f10965542ee57d39043c9c3972b77841f581,431,5,426
0xc6d1f1d5a46de07e73091f1c8793293b203f01a1,69,69,0
0xee8496e16d34fa7a020cc3483a8489ea9c48e3ea,8,1,7
0x5dff0b226fde7085a850aff06e2ea62d1ad506f5,180,118,62
0x7f59784d9e83835f0832f90639ee667d7ac1a179,33,32,1
0x589891a198195061cb8ad1a75357a3b7dbadd7bc,175,175,0
0xc7b91ec3d3499fa72a5675d0023314d09818aa55,64,9,55
0x1f8a79d58d25ba00b14edc1b96f6ed95987428c5,99,0,99
0x810fedb4a6927d02a6427f7441f6110d7a1096d5,218,79,139
0x5dff25915d8652233cd5a8bf4498c2dac077d5f4,43,43,0
0xa3a321135112246b4cd8dd440e00e1b94cb86a41,110,48,62
0xcc0a99f59e7b153bad42f54c278c16e4081afa7c,276,276,0
0x7c022ef6cc3a62851547c0dbfb3287f6c89661de,68,67,1
0xac0104cca91d167873b8601d2e71eb3d4d8c33e0,181,78,103
0x4fb721ef3bf99e0f2c193847afa296b9257d3c30,107,107,0
0x3af33bef05c2dcb3c7288b77fe1c8d2aeba4d789,99,85,14
0xe8b7c2f05f50f54c473a13b811e3b9f243357929,55,0,55
0xf800263e11309e6c70afb965d0417f9c1a2251b8,132,5,127
0x00aba6fe5557de1a1d565658cbddddf7c710a1eb,81,81,0
0xe7a523740c7026ffa9f0b6d79df558c3330f3626,117,114,3
0x77c12fa7aa7c3a7045d1ce0f58684fc0bcc77e2b,131,1,130
0xdb4166b807f9a918e560a814f806288b86da3743,235,51,184
0xbd34c563572bfd3b35b27df957b809813b7a6ff8,51,1,50
0xe2dc070524a6e305ddb64d8513dc444b6a1ec845,142,97,45
0x2a70e7f51f6cd40c3e9956aa964137668cbfadc5,143,8,135
0xead652f8986b001c6570799568db50909b5dadbe,43,39,4
0x9b8cc92cee71e789e6a69e5996cee43fa3bf13ae,154,49,105
0x3f0785095a660fee131eebcd5aa243e529c21786,212,95,117
0xd8971bd47b0320b46a89bc45394056a2a3af02a1,73,72,1
0xa2177f14aad9b44c2fe04ee6731629b8d4e7270c,48,47,1
0x5217fcfaa7c02b6beb54c8227a81e8dcabebfee0,128,3,125
0xbe9a129909ebcb954bc065536d2bfafbd170d27a,32,32,0
0xf7f83cbb51ba65fb19ab9ed6ca9520e637b6f192,442,58,384
0xfb076d4a65838786856afdd3fc2b107de043b50a,231,3,228
0x9705a7113363a383c8a96689e20286abe6612bb3,90,90,0
0x48c58b8496642bc4c860c7efc13813b73aa674f7,172,107,65
0xc45f3c76feeea53aae5afa9b51f166e025145400,44,24,20
0x1dad1a5b94ce387c60b686e69b249ac2a23a7ca6,33,33,0
0xd1d6062cb98f87b9fe4ce130e2ff844f15a6f28a,32,32,0
0xb77bb4bda2e4cfec036f214594e758ac380d0f45,68,0,68
0xca6a720ac282e8634f595c4351b827191aea1bbe,42,42,0
0x92e130d5ed0f14199edfa050071116ca60e99aa5,262,262,0
0x8b02b8b089236f5805267580a580c870b7812dee,67,67,0
0xeb113c5d09bfc3a7b27a75da4432fb3484f90c6a,233,24,209
0xca76543cf381ebbb277be79574059e32108e3e65,108,108,0
0xc3108ca9589732da37b6fb171ecef5477182f6e2,60,30,30
0x4c8a5c643b781197db567878cc1675ad45b6c67b,160,3,157
0x8a479d6b4435e0b82dc9587610c977c138b86ab4,75,40,35
0x666cbd4227ed0558e5397b6ee1bd66697eead350,128,61,67
0x30dcba0405004cf124045793e1933c798af9e66a,132,123,9
0x315b097b4c26c862645e3ae8fcd73907241e2896,39,0,39
0xa467ab9447afa5db0c70325348d810d2058dde18,87,3,84
0x6b4c7a5e3f0b99fcd83e9c089bddd6c7fce5c611,155,7,148
0x8956c46b7b2d39761805d56beb972429f6b84063,36,35,1
0xf71a2cbb84fa4decdc403a13866e2976168efbd2,355,2,353
0x26b1dbf69c45f48d3cc2216cf258a96ac7026d12,62,61,1
0xc818a7b547deadd366350df4a479d4be26c2528d,39,0,39
0x8cd3cea52a45f30ed7c93a63fb2b5c13b453d5a1,175,64,111
0xc99c679c50033bbc5321eb88752e89a93e9e83c5,319,181,138
0x970aad14d99ab8ff4dc699458a2183f44c1a6507,141,40,101
0x565a21cd4471287e25f2b85d14d569db03b63a8f,56,55,1
0xa11d59ce8e001254ad6f6e95ee87c0c0aa9b4a5c,36,0,36
0x3cf69c6e77b1cf77f6bd41f4497ada96646f66a1,335,27,308
0x87acae6df21385a74ed4fb55a1a29354e9bdc6c1,264,2,262
0x80416304142fa37929f8a4eee83ee7d2dac12d7c,147,146,1
0xc2a1d33cb2df9e96172337323af464b87e04e9d3,69,65,4
0x020bb206cd689d6981182579da490d5f4ceb4c46,217,10,207
0x262f103bb7ab38c6e4dcd848586dfebe0bde2959,274,258,16
0xd5d1400efb330eb0855c8c293546a4137b58f850,192,49,143
0x5f60678049870a0dcfcf1a40bb666a6e552298a2,100,61,39
0x65a8fba02f641a13bb7b01d5e1129b0521004f52,58,58,0
0x62dc4817588d53a056cbbd18231d91ffccd34b2a,100,100,0
0xe26f2c3547123b5fdae0bfd52419d71bdfb0c4ef,226,50,176
0xd53588cb0a47d7d885c09a9aa0130b324d6021f1,73,2,71
0x8630cdeaa26d042f0f9242ca30229b425e7f243f,147,5,142
0x5cbb7f30cc090e21cea12673a41da614ffb5801b,177,0,177
0x582d872a1b094fc48f5de31d3b73f2d9be47def1,423,142,281
0x3d605a7425b913a58f7355b3775fdcb2d01fad23,59,58,1
0x630fd418668ab8121e8e3e45676bcf4c859320b3,167,69,98
0xc007290e4e0a7aaa295920992067d61812769eed,17,0,17
0xc6764e58b36e26b08fd1d2aed4538c02171fa872,176,11,165
0x91c8b5c50a35e461dc7d7ffbc301c365b83f01f8,143,8,135
0x6bab62a185980f96bbf83b0b80013962c3b2772d,279,67,212
0xda9fdab21bc4a5811134a6e0ba6ca06624e67c07,53,52,1
0x260428e36989ee6c6829f8a6e361cba99c7a8447,242,42,200
0x397deb686c72384fad502a81f4d7fdb89e1f1280,32,0,32
0x563f6e1594ff7427bb53aa479645e639c2928f9c,70,69,1
0x1af4f195a8aaa7ffd752c28a13b719b84056f0d6,28,6,22
0x032df438eff5b5ac658cf4082425ce14f034a97c,74,28,46
0xccb12a755bf866368e483dbed505d1c3e40d2562,49,48,1
0x0017836e2e0a5445f1816d69380f244caa41bded,289,289,0
0xd0ba5e66f46329de0d6189b0ff02ca394192d935,46,45,1
0x1feae09997631493158270754c1722c00dcbeafe,86,33,53
0x177d39ac676ed1c67a2b268ad7f1e58826e5b0af,356,238,118
0xe22020f47b7378dfedcedd2c81d4137c22fe1152,119,42,77
0xf872857390285037ff6eb97266171890e7bb135d,177,175,2
0xb0b8143ca80ad110b39c6a6b4fd6a0666b85216e,142,37,105
0xc49a9ab342b6ea66792d4110e9ca0ab36e3a5674,155,33,122
0x61e6494d934b594d0634f292e13846639b6f1927,118,0,118
0xa3738ee6fe2d7ed793ae131fb279706a6e2fccff,218,213,5
0xcaa37c3822cc2e7abd2ae2fe7ee85f053220a650,190,116,74
0x475bfaa1848591ae0e6ab69600f48d828f61a80e,107,107,0
0x0eb638648207d00b9025684d13b1cb53806debe4,201,52,149
0xffe510a92434a0df346c5e72a3494b043cf249eb,297,297,0
0xb4dffa52fee44bd493f12d85829d775ec8017691,55,50,5
0x969b286112a06473608b06752aa64fdca836e801,98,78,20
0x5215b6b6155f5b1f7f449343bb7855a69e85c7f6,39,1,38
0x51369e8c482763089b0b90009c2a79c98244168e,107,6,101
0x64609a845ad463d07ee51e91a88d1461c3dc3165,192,41,151
0x85f740958906b317de6ed79663012859067e745b,239,112,127
0x286c0936c7eaf6651099ab5dab9ee5a6cb5d229d,91,1,90
0x2dd1b9410c73e16b60240e529e38e30425f00d4e,56,56,0
0xee966c3827bf10312ac6de8d9bafd626cb106ed7,188,188,0
0x2931b181ae9dc8f8109ec41c42480933f411ef94,198,18,180
0xf009f5531de69067435e32c4b9d36077f4c4a673,77,77,0
0xa0f2e185e98adeca32291ef0a017c3716f43048f,418,4,414
0x1410434b0346f5be678d0fb554e5c7ab620f8f4a,199,199,0
0xe336e2503f2a6e3831468d0f16750efdf6a92951,75,1,74
0x52a0ae79facf56421977b19bf1052fdf8b1c5c16,63,30,33
0x7cdc0421469398e0f3aa8890693d86c840ac8931,217,110,107
0x16ef6e8563456283f50654a8fb16056a88eecbb5,113,58,55
0x8c0ac3ce98dced91810f7b3c5b50791c8874c551,150,41,109
0x882e5b370d595e50c24b2a0e7a94e87cc32adda1,59,48,11
0xd0ba6a92561b04c1cab13d89aabd5b673215e43d,85,85,0
0x98613d2b9f1112afee75200b070f962435cce088,36,27,9
0x133b7c4a6b3fdb1392411d8aadd5b8b006ad69a4,472,0,472
0x7946c4bededc2ab98e1682c55505093c88624c02,56,56,0
0x7f2e7c52217c8c333f24e2fe2eb371d5ee9669a3,36,0,36
0x337f6b8a13a547f44aa845173492b69a95ee45a7,68,56,12
0xde07734c6a573371a5c88753b77e3c81055bdcc1,157,60,97
0x79dd22579112d8a5f7347c5ed7e609e60da713c5,137,16,121
0x5db2394a5abcbb7ee33d09d1d027d0215a76afce,291,174,117
0x503d73d0008b97ad1516845ef73265e77e6d498f,120,86,34
0x287850ee043155d8e4aa6656478f1fb98f52d822,67,66,1
0xb22f1b3150808f8667da6cced02ce5a000b2a68b,39,0,39
0x1c579006cd499871ac39aa2bf787462de603936c,430,424,6
0xb4e74cb9b18c8ca5861a45d23be72357fc4eb413,128,63,65
0x46d0dac0926fa16707042cadc23f1eb4141fe86b,76,75,1
0xad48c81ac9cdcd4fe3e25b8493b2798ea5104e6f,96,96,0
0xf63063bb20a03b85bd08d5c1244af8ba0aee1b1f,277,136,141
0x0f85a912448279111694f4ba4f85dc641c54b594,132,61,71
0xf90980ae7a44e2d18b9615396ff5e9252f1df639,376,376,0
0xe3e05b8b1e6cd83fe05cd49082cd95a45e4bc59a,286,283,3
0x8ba50675d590b545d2128905b89039256e1024f6,43,0,43
0x5199be1dff412b4b1b491d4172bbf1644c616230,208,79,129
0xd0e1c46c421302edb8130f08ea88e882f86f5532,241,71,170
0x6a4f8aa3b13339ed3c121cf62ab0da598cd2dea6,229,4,225
0xacecb5d0b8c1b74a8745733dbe458a1546e32096,108,71,37
0xd97821759267c2b3acf9297c6e869f463a663e70,117,75,42
0x0adf0bc748296bcba9f394d783a5f5e9406d6874,121,121,0
0x72b3b26848a30d3d76e5b67959a365b6ad388c49,168,42,126
0xc852ac7aae4b0f0a0deb9e8a391eba2047d80026,6,0,6
0x01426920272acd7ee5c18013fc5c86f9cb873e68,80,80,0
0x6659f3b08403c11a2d98b4bec0027c1e41844283,92,77,15
0xd946a996a6a291917bb267689f65c6c4d1966047,118,118,0
0xcfcfda1fd8df8fb6548aa43992251ae7646a7b26,63,53,10
0xd50bb2b7531ae2cc35fb508a12afd3934cc2bcfe,165,0,165
0xfb61bd914d4cd5509ecbd4b16a0f96349e52db3d,244,23,221
0x55a68016910a7bcb0ed63775437e04d2bb70d570,159,87,72
0xc86c6c131abb2a91ccfb6ff42b5cdf7d18150091,56,55,1
0xf1860b3714f0163838cf9ee3adc287507824ebdb,25,25,0
0xe0ddc558eb8d642453bd2a0cb31f01981550287a,34,30,4
0xdf5b5ee15cc96ba7d0cb6bd9b2c0fc4417ab6445,157,99,58
0x04a5198063e45d84b1999516d3228167146417a6,80,2,78
0x8b17fea54d85f61e71bdf161e920762898ac53da,257,54,203
0xba4cfe5741b357fa371b506e5db0774abfecf8fc,302,111,191
0xb3366fd40c98dd71df4ae3a0306a526f25b8fa89,87,3,84
0x40897c872214303b6f479a37e549ee1516b264a2,106,106,0
0x626160bea9450bb87f95adffd8c2d8b185f48f8c,52,45,7
0xc11e5888ea11323dde72ed85b655613ef9cde837,40,40,0
0x9f284e1337a815fe77d2ff4ae46544645b20c5ff,300,287,13
0x0a6bfa6aaaef29cbb6c9e25961cc01849b5c97eb,440,44,396
0x6023da5c4ed130e73cd816ec931b562db2c346bb,357,19,338
0x53bd789f2cdb846b227d8ffc7b46ed4263231fdf,81,81,0
0x3ebb77a6ed0284e51ed13c8133aadb2a9526d1e9,47,46,1
0x4674a4f24c5f63d53f22490fb3a08eaaad739ff8,52,52,0
0x2124dd756125bdd97d60e4732b58905790c22953,413,413,0
0x20016fa709765558ed8229d8572a4275d3a1899f,48,0,48
0x0b87320f22c94e290e763c2f337dc0b44693a548,214,58,156
0x099a16f0414cb0cc0555d5f1f8140166462d39ff,62,61,1
0x188e817b02e635d482ae4d81e25dda98a97c4a42,103,103,0
0x23d236e8eff192ebfafa73ff153067240da6c500,88,0,88
0x72377f31e30a405282b522d588aebbea202b4f23,56,56,0
0xd9fcd98c322942075a5c3860693e9f4f03aae07b,182,0,182
0xd5930c307d7395ff807f2921f12c5eb82131a789,133,58,75
0xdefa4e8a7bcba345f687a2f1456f5edd9ce97202,305,305,0
0x33383382c81cc169a10bc9e7383f59dea3639e1b,105,4,101
0x0352768dbb2dc03fd6458e4a15989b7b6d55021f,60,22,38
0x0647e3137ce7cd942ef8d8f1a35f10459973d069,84,6,78
0xe7ce4b8bce37ce5241d638bfec50b2d0918bf6d6,126,4,122
0xf642d8a98845a25844d3911fa1da1d70587c0acc,246,110,136
0xb5122abbe7f12fcec768cede35ab870e6b7f1ebc,24,24,0
0xbb3d13260b3f6893ace34a4284be70eccf4cc0f1,178,1,177
0x6100dd79fcaa88420750dcee3f735d168abcb771,62,34,28
0x960987eb8f00b8ea75fdea8ccc3eb2eeaf10f978,67,32,35
0x5e1a29c0ffc4bf6a5d725727ef6ad4c506ae57a4,262,98,164
0xf5047a87fb67c68b043760dc710670e12fc20a00,53,52,1
0xd9cc62ecf0223bd45737a9dbe8b9ac6bbac8a13f,285,284,1
0xa1faa8da7fc65ed1fad43dd9700ed332a8e20b0f,71,69,2
0x7aa8e897d712cfb9c7cb6b37634a1c4d21181c8b,161,161,0
0xfb3cf61a46a565fb1622ec5f9d42d98ff7f762aa,306,59,247
0x321c2fe4446c7c963dc41dd58879af648838f98d,109,103,6
0x6fd4eb990ed2e7bb2b1203e7f728e29904a4d5a4,248,247,1
0x88c3a90a8eaf00b8becca576a33eeb138c285eb0,80,78,2
0x275dfe03bc036257cd0a713ee819dbd4529739c8,348,336,12
0x4ebdd33ca183a8a5f82c43831df5147ea0e16b93,185,6,179
0xbd275ce24f32d6ce4e9d9519c55abe9bc0ed7fcf,201,3,198
0x909e34d3f6124c324ac83dcca84b74398a6fa173,151,86,65
0xca3e2da3ad34ea2e0c048c4db52c516f66017957,55,23,32
0x035df12e0f3ac6671126525f1015e47d79dfeddf,238,238,0
0xc8adfb4d437357d0a656d4e62fd9a6d22e401aa0,294,199,95
0xc09bb5ecf865e6f69fe62a43c27f036a426909f7,52,5,47
0x33cfae13a9486c29cd3b11391cc7eca53822e8c7,137,18,119
0x7096ae1a95c9a4f0fb70a5deb0ee5cb9d054bc15,8,8,0
0xeb3a9a839dfeeaf71db1b4ed6a8ae0ccb171b227,256,99,157
0xc53e8f9a47b76ca71431e95105650b816e56d9a6,216,6,210
0xa55d6016065fd576e64f3081cd64e1dd3a0488da,144,85,59
0x43702676f0a192b833461ffe0bcc02d8605ab869,82,82,0
0xabd567f9c0c34d3b7ad2f32a4eda8762b42ff956,26,26,0
0x9d3e9070b3e19dad5630faf6f049d70c9daed488,400,1,399
0xf39241012dca1612c5c77c5a09d853c5bf47737b,114,2,112
0x0b761403fdc1e7cd8763ccd89d0b269acfdc4926,422,0,422
0x37fe0f067fa808ffbdd12891c0858532cfe7361d,90,3,87
0x4ecd988f2861e479f7eb2e94bbb48709b9a2cb5b,287,1,286
0x76236b6f13f687d0bbedbbce0e30e9f07d071c1c,150,115,35
0x91c2bf0e0c6125036652a26752228c4a20aa83e5,72,37,35
0xf433089366899d83a9f26a773d59ec7ecf30355e,343,343,0
0x20516624de3cbe267a514fe91c31477369524fce,51,51,0
0xc8ccad799d1d7b142c49b7873d8bcf96511b6eb0,64,63,1
0x8568908a89bd129e44fb5e121abaa6c84d54e295,79,0,79
0xdcef968d416a41cdac0ed8702fac8128a64241a2,406,306,100
0xaefa03b06c0d7a0e1871650f61348e84d979703f,26,25,1
0x662b67d00a13faf93254714dd601f5ed49ef2f51,166,166,0
0x97bea466d5689b9d75c10253efc819f37abbf13d,184,26,158
0x282a7d13152b3f51a3e31d46a2ca563f8554d85d,213,157,56
0xa74ae2c6fca0cedbaef30a8ceef834b247186bcf,182,48,134
0x31a7d612788277457c03e34ecd4efe4d6e6a8e39,121,120,1
0x2f141ce366a2462f02cea3d12cf93e4dca49e4fd,368,368,0
0x823556202e86763853b40e9cde725f412e294689,109,1,108
0x8290d7a64f25e6b5002d98367e8367c1b532b534,81,81,0
0x77be00944c3f2761ccfc1702d8253aa70d8540c7,88,18,70
0x04e4851de25c48125d2f10b5974fdc53c3be8335,63,2,61
0x0d0bf229dfddf70ed3ba9d40812aa65f13c96229,198,90,108
0xc269bdd2975a3d5b23b315dd83b82fdfbf4ac4d9,77,55,22
0x832c8b1bf8c89f1f827c2bdee2a951530a4e712f,31,31,0
0xe169c2ed585e62b1d32615bf2591093a629549b6,156,120,36
0x0ff55bd2efbef8356298fa2be134919b2b529362,387,69,318
0x23684c313c1bda3590598a08292a4c5467c793fd,64,63,1
0x78132543d8e20d2417d8a07d9ae199d458a0d581,93,93,0
0xf5181005304c3cc17256316c4407bbf856ab6a2d,50,3,47
0x10bc25385472d0b83113fcbe17a909dbaa8c5e91,138,121,17
0xe957d4bf3282ecd930b5d800721f40159b3b8592,32,0,32
0xcd4722b7c24c29e0413bdcd9e51404b4539d14ae,399,399,0
0xfa41b64086ab7d09c9a2007943b262acda68a0d2,180,112,68
0x33fbc07d9d9456d9e6d8316aa87792a20d3ad448,69,69,0
0xdd4a78a617a334d30f78fac9fe11f6e93a42ab75,61,1,60
0x88a23c650e8c72960596acad5901cae56ce6ef35,35,0,35
0xf25b697e2b51aab1a5beb6a164fceb297795ff08,164,116,48
0xabdfb84dae7923dd346d5b1a0c6fbbb0e6e5df64,447,6,441
0x1ab8c55870a404e769868982645e81ab6ec76f7a,376,151,225
0xdce2fc2857becd024fed829aca54ea5c207a4332,197,61,136
0xe9e8109bc97390bb0025f6450093bd29a262cc97,31,29,2
0xda72090dea4c4817bcda67e8533d8847faa82a22,59,5,54
0x948c70dc6169bfb10028fdbe96cbc72e9562b2ac,108,106,2
0xff2790802f3ca1777c632892394f8afaca92bd9c,74,52,22
0xacb978ef383d6f82781d9b60d2820be28bdb2081,143,92,51
0x9fdb31f8ce3cb8400c7ccb2299492f2a498330a4,54,39,15
0x259770ce31890a1d7b64fd93266f0d735b1a26ba,331,93,238
0xe613fb485b40f6c8f845e16b51f1e3dfc64fe54b,16,15,1
0x3627c7019d8a1b2e4296713a3156a6de8187986e,108,77,31
0x2780086dd9ef2589750ba1eea901123ab84d1f10,114,114,0
0xbbdcf966eda3cebc50017faf3ff426645ebe3a11,197,103,94
0x819d1e8c95fe3eb1f451e09f1b54e15adc6c5c43,59,58,1
0x12f837f1a2c96909c0b85fafb3af7eebf9ecff0d,84,49,35
0x3a112d86899578e63b373b6d09322e18aed924cb,88,0,88
0x5be372fa04ba4bb290efab27c0d772f9efc0491b,61,59,2
0x10cdcb5a80e888ec9e9154439e86b911f684da7b,117,33,84
0xeceac5562eaf4b7c07e9e208cfad7147c2436db0,84,52,32
0xf4b5470523ccd314c6b9da041076e7d79e0df267,130,130,0
0xd16bdccae06dfd701a59103446a17e22e9ca0ef0,143,95,48
0xd9506121d67fb918ac47af0b883730694be9377c,120,120,0
0x18cb9db75fa62a9717aa98292b939e579b7c7ccd,416,416,0
0xa4bcd3b7f141ba1f08f36033fdfce691565561bc,127,4,123
0x18be8609aae2223117a21d35b45fc154703a26eb,96,2,94
0x59468516a8259058bad1ca5f8f4bff190d30e066,367,55,312
0xb60c2019ddb48623ed1d134b2bb42f437c6a0202,136,29,107
0x37941b3fdb2bd332e667d452a58be01bcacb923e,73,2,71
0x6f6b838616d0a2b35f0d5bb434f8466e64d915bc,117,108,9
0xd79d8950bc63cef916b3ee58a0cc5008e2c114ba,73,2,71
0x724d08f4688cda05d8e3243db9db1b20c90f3a05,112,38,74
0xa52863eef886b51182abfd8fb2a6bb96bbe92699,116,2,114
0xe6f143a0e0a8f24f6294ce3432ea10fad0206920,64,64,0
0xe90c10611d3ea7539f76913d112db579aae839e6,204,86,118
0xf337922a10619d69a80776a35e07f7177eeedbcd,14,0,14
0x8303991059c685fc0579637ed12aead79a798363,70,40,30
0x55451e74a3dd670789cbb63748550fe009f0b9e2,353,352,1
0xb83333b18dd311b5b7005d7e417b0cf5e631f38d,103,86,17
0x8503b21208e33e3965bfbfb972ea021ff67295f6,130,14,116
0xac3d006f6332981fd1a0ce2055fa42786aaf16f9,131,130,1
0xd528cf2e081f72908e086f8800977df826b5a483,119,119,0
0xcc2fc10c8212ea88b92177766942ed79ca204625,53,53,0
0x7be3fdac0f6da6d4460fc2e4937d0017f8e494fa,178,2,176
0x5b1d655c93185b06b00f7925791106132cb3ad75,43,43,0
0xf0df84179b2b8e0be04a816d30a5897471643906,53,0,53
0x03b48ba08ea58601147607188b9f6c9ebe4e5e03,70,16,54
0xa3a7d67b14ccca2e94746c62728cd6c13f4601e3,195,148,47
0xb7c12da49d51fa56bbd5731975a70cb23f4fbcc7,36,36,0
0xb4fbf9ab6172bc4652daa7b8aff67487650a6e98,169,60,109
0xbd5b765d01b3c0eb652b8b3234d81db2aba3ba63,4,2,2
0xad9fd7cb4fc7a0fbce08d64068f60cbde22ed34c,221,10,211
0x594b30250c23594127649533737ccba44b347d36,69,0,69
0x4becbdf97747413a18c5a2a53321d09198d3a100,218,217,1
0x856aa6db02b14b159ed3eacaaa70eb9e34811d24,248,248,0
0xea7cc765ebc94c4805e3bff28d7e4ae48d06468a,64,64,0
0x5a684a75071706c8723c5cdbc1d92bc0da5d6739,70,40,30
0x906ef87993b7ff18a25b7116a4004bc965d26367,446,24,422
0xe0c3707acb7ce96345ef4eaebf4029c0138ca685,325,287,38
0xeee040ba77fd963c67549afdfc0a5250ebfa5b99,91,17,74
0xbc6e06778708177a18210181b073da747c88490a,115,115,0
0xf21d1b31b15282592ff0e48f7b474b57ae418361,46,24,22
0xa4b7b5935cc507b76c2877e3e32f1df53a707c97,68,0,68
0x8594def8055b7024867a2e8b14f720276f9172fc,38,3,35
0x63a993502e74828ddba5710327afc6dc78d661b2,397,11,386
0x075ad4d55b9a7a746fb05cc8523b50acc9f62358,41,0,41
0x7b092ea548206474a1b970bc33a273bac3173b51,70,70,0
0x5646908923f052e640611a53ec3c202864ce8620,60,1,59
0xa2a22b46b8df38cd7c55e6bf32ea5a32637cf2b1,417,221,196
0x355a824bea1adc22733978a3748271e1bbb34130,35,35,0
0x27b24c62e9b1f48f9694e51962dd49c256be8d99,50,2,48
0x5ec2642b5c9fb3c78ff39dcca37e277ed1695ff0,173,82,91
0xed39dafd2b2a624fe43a5bbe76e0dae4e4e621ef,258,258,0
0x82d9a362621784f34dc281b44b5cc82ce8c3f07f,240,8,232
0xa178a73f6e215531047d3486f8edc68d14548f6b,326,36,290
0xe1d7f3f0f0d213e4a9f3e5fb0d54095a48441d5c,151,29,122
0x0322f6f11a94cfb1b5b6e95e059d8deb2bf17d6a,310,263,47
0xf4794aeb9d243c024cf59b85b30ed94f5014168a,198,49,149
0x1a3496c18d558bd9c6c8f609e1b129f67ab08163,261,261,0
0xbe401896658fb7339762e8146db072bde126a55f,149,98,51
0xdf574c24545e5ffecb9a659c229253d4111d87e1,315,194,121
0x9257d83a0dda413ca24f66dd32a056bc2ebafd2e,166,48,118
0xe5e771bc685c5a89710131919c616c361ff001c6,178,178,0
0xec7370ea9f189b6b185322c312e61d35cf1491bc,88,1,87
0x8e81d22d0dc7ef48a81ab25b773d449f08059c33,62,59,3
0xc81baae5e356c59f8687f424e23717b8a51a621d,92,45,47
0xc48b4814faed1ccc885dd6fde62a6474aecbb19a,202,94,108
0xce73f0473a49807a92a95659c0b8dd883b29c252,39,17,22
0x0b1fa4b11edbcb6d35731549211d83c857ffbc0a,353,8,345
0x2bce563c9848daf4ea7c7041d077d431eb78f565,94,37,57
0x43a96962254855f16b925556f9e97be436a43448,119,119,0
0x97ed92e744c10fdd5d403a756239c4069e415e79,170,0,170
0x951e4297561e9abef6e5b4b2f78696ed8c552fd0,224,1,223
0x57e037f4d2c8bea011ad8a9a5af4aaeed508650f,218,0,218
0x42069abfe407c60cf4ae4112bedead391dba1cdb,273,231,42
0x58caa30926a8775bdd500108e2678519a9198614,97,50,47
0x5bdf397bb2912859dbd8011f320a222f79a28d2e,143,30,113
0xc706d3fbe10d83151ca3cf464b28139a3414fe1b,157,49,108
0x9ecea566716e98b96fdc1e6e947610ba03366d8f,243,110,133
0x0c544f470bfce86d0abb9f48acac47be10d4527a,264,67,197
0xa6a6bd29e86e5da201ce98da758d23d0c7902191,120,37,83
0x54f9b4b4485543a815c51c412a9e20436a06491d,58,1,57
0xc9d9f17cfc1347822b50da1b68c218a67f669431,65,63,2
0x4ed9c0dca0479bc64d8f4eb3007126d5791f7851,289,289,0
0x34b4df75a17f8b3a6eff6bba477d39d701f5e92c,261,82,179
0x752063605629f7eed2f7039aae3dc0c140e92786,65,53,12
0x8887ce34f6f1a4de4e8eb2a9195eeb261c413365,233,233,0
0xaef3e1b29c6898e0ca9e2f53d0e40dbb2bd82192,68,68,0
0x668c50b1c7f46effbe3f242687071d7908aab00a,147,62,85
0x1193af965786fc46a63cb4d92c33a48219d1c8b6,205,148,57
0xf6f7e887dc41a01f838f8e30255a0bb0c2222299,69,1,68
0x63e8daf718b0dc39bf214f9b4dc9424841c2b267,147,12,135
0xdb9457a06ca9bb171abf668469705b634c78fa22,51,37,14
0x36f4d96fe0d4eb33cdc2dc6c0bca15b9cdd0d648,101,2,99
0x21e783bcf445b515957a10e992ad3c8e9ff51288,87,87,0
0x94e0bab2f6ab1f19f4750e42d7349f2740513ad5,70,61,9
0xa87135285ae208e22068acdbff64b11ec73eaa5a,48,23,25
0x4fdb0b82215b8875d3d25c70ac2a7d3c49d42ca3,28,28,0
0x49e833337ece7afe375e44f4e3e8481029218e5c,271,227,44
0x322987cd1e0466be43fa88ae33e2637dff46f06f,169,1,168
0x93bd116cbd832d4117c5406cf3e84ca1aa8b1355,84,1,83
0xf3db5fa2c66b7af3eb0c0b782510816cbe4813b8,370,370,0
0x31e2abf378fcc64902a958d79cdea44250c62cc1,77,77,0
0xb325b13848f79f205e901fe72702b360bcd4f133,380,75,305
0x2416bd7bd7e213fa526c41dd1c582b471297f847,70,1,69
0xd532b88607b1877fe20c181cba2550e3bbd6b31c,405,3,402
0x3fffe959b92596e83a0b0e5dad9f34d2593def86,109,3,106
0x76723d9524a743d8908458082fbdfaaf7f60b3ed,50,29,21
0xd153f0014db6d1f339c6340d2c9f59214355d9d7,139,68,71
0x8abd131cea8ff23ce0badb631ef7a93f67e96180,86,4,82
0x884ddbb5dc6c2cef77d3e74c6ccca315797d655b,109,109,0
0x5ff463d1d855cedfafa7dae56139f2897327190f,125,2,123
0x5179b679b33361e73350bfb7799f2b4c6c75a086,56,56,0
0x6dc8d7ab5f1bc92649c74185e197e1f36ebc0327,148,51,97
0xdd2423dab474f82a19581c7256d549cec8513b00,63,1,62
0x17092cf6be18d89a7347bfb584be4a74a5bfc8e0,484,450,34
0x7f30a53f290fc551a089bd83107906be649a92bd,90,14,76
0x7bc6d85a15b21cefd62ce5ab2cf87b611da6be59,167,0,167
0x5630dd0f061291745233e76426d23f69abec0ccf,93,65,28
0x3d6f0dea3ac3c607b3998e6ce14b6350721752d9,197,190,7
0xf2470e641a551d7dbdf4b8d064cf208edfb06586,39,18,21
0xeaa2c985abf14ac850f6614faebd6e4436bea65f,109,38,71
0x67cde7af920682a29fcfea1a179ef0f30f48df3e,68,3,65
0x5fc37a6ae6dd977bebbeb2831ead35bfb7263f76,288,15,273
0xde996c385948566a3987090457ed8dbd43ca845a,237,154,83
0x742fbe84557a978c8c06af20375a17bd2031f036,159,157,2
0xebbb641dfe14805939b6cc25d2a90c93bd6a2021,178,178,0
0x4f598212d55415d83a7024ddb48d9fca1afe4edf,47,29,18
0xe727e3994fda69f1b7d239887539e84d795de66e,192,26,166
0xcb1a599da5a4bd9382743ee63acd1eabf67f036f,473,473,0
0x77c140b8d4027825f959df296b3412fc2384ea92,63,63,0
0x06a566e7812413bc66215b48d6f26321ddf653a9,168,2,166
0xa08e3e88072cea94ab07dc133fb591693876a7eb,25,12,13
0x7fe4758142f737b39710eb49ae3e968e3c2b94c0,54,2,52
0xef52c6ad324da5c7b96276b31cefb5923b8d0aef,157,78,79
0xa95d69f207d972992d35d9692a8092a45735e173,79,3,76
0xcef4ccb03dbc7d87b388407e381a949be6d00e3b,72,0,72
0xcf48822a16506bb80943749fa49934f8ee337fba,33,26,7
0x5c781715132e7a36c6018daf2cd7d8fe02df5e01,68,67,1
0x103c3a209da59d3e7c4a89307e66521e081cfdf0,382,382,0
0x40e0a6ef9dbadfc83c5e0d15262feb4638588d77,172,101,71
0xaa30279047196598f8645a2356a065213b4a1bac,68,0,68
0x0b38210ea11411557c13457d4da7dc6ea731b88a,319,290,29
0xe2ead7593cc0702f4681bb802ef09d417e744b5d,140,99,41
0x010a45801ee731e016aaaa68ee570b9950be0e37,223,221,2
0x08f2991a6eff2671cf791b82aeae64fbbfdd0633,45,17,28
0xfc483e27b2bb7d0df1e4a010b3b81bfb585fa2e1,52,51,1
0x4736090d500366293d434ddc143660d35cab5aa9,440,20,420
0xd13c7342e1ef687c5ad21b27c2b65d772cab5c8c,319,99,220
0xb7a26aea6916e4b4109915a361bf0b74990d943e,111,100,11
0xc7c0a3b4117852f0b4f8ced9a9c447353caf9d3e,71,1,70
0x9355372396e3f6daf13359b7b607a3374cc638e0,143,143,0
0xca850e26ffe8cc8294a7e9ccea30f3eedd98edd6,143,3,140
0x84ca8bc7997272c7cfb4d0cd3d55cd942b3c9419,301,301,0
0xbbc7f7e93cddf99c94ad4412e5e7a26ceddd6613,17,17,0
0x4b5cef673b90be1a03baec37600a8b5f8b9934db,85,2,83
0x005d1123878fc55fbd56b54c73963b234a64af3c,355,83,272
0x469debd4b6574c77c658eb811202ec4d438afd91,155,111,44
0x7121d00b4fa18f13da6c2e30d19c04844e6afdc8,301,90,211
0x382a1667c9062f0621362f49076ef6e4fe4c9ec7,244,244,0
0x683bd13449458d923ac82dc5948d18355e697177,19,9,10
0x7f0159d3a639a035797e92861d9f414246735568,196,54,142
0x34cb8b0212d0944821012993a9dd57659f070cf5,33,16,17
0x1ffe8a8177d3c261600a8bd8080d424d64b7fbc2,58,58,0
0x71ba91dc68c6a206db0a6a92b4b1de3f9271432d,155,129,26
0x45d0749a4e355495c675673d4f3b36a67aa08046,85,85,0
0x403a7831eadc32a9bd78ae1f744d433699c05cc7,77,1,76
0x671d97f97632f183a4e693a57a3c9a9577d0b879,21,8,13
0x40abc0be46decb904464c97ce0d804a839c70d60,239,134,105
0xdc9ac3c20d1ed0b540df9b1fedc10039df13f99c,285,255,30
0x91fad9a0241515c9c22f3d897943111a11089252,42,41,1
0xd6f817fa3823038d9a95b94cb7ad5468a19727fe,214,68,146
0xcefc0a83564dd2a083b83b4a73bbae97e40fa7ea,193,4,189
0xf51ccb15d3f2d304ae6c409303e8b3a3e397a80b,35,35,0
0x8640b23468815902e011948f3ab173e1e83f9879,136,52,84
0xa4a7e36d9b3e33bbd861672478ed180a4261412e,163,162,1
0x9b99cca871be05119b2012fd4474731dd653febe,112,112,0
0x085416975fe14c2a731a97ec38b9bf8135231f62,17,17,0
0xa18cb1cdeb75eda5ad4a0922331723451dbcf5ed,43,0,43
0x56e48e7b75e5d1a8414a8781cc743d5c904ca00d,88,56,32
0xd656aa19bfaa1a97ba614ae8bcba5e3d3fac1064,60,24,36
0x61c0f01a77dbb995346e3e508575670ec49b5615,116,3,113
0x59277a99c64340e86d8e16898b3c725be0f77fe4,459,420,39
0xfb336a0e5a13eeb57adc3f739fb04ea340f9f01f,344,303,41
0xa2b06e1d927ba52c0eec9c1ed67d144708d7161a,48,48,0
0xdd741c2a21d3e57ec9eccba334053b66b03ef8b0,249,2,247
0x6d19568a959fcb4211852f6472d3df7b67c6cd54,351,349,2
0x80a4b80c653112b789517eb28ac111519b608b19,219,149,70
0xb1a30851e3f7d841b231b086479608e17198363a,117,117,0
0x270689eeefac9015ea8ea3c1c082f91af2a7f77c,51,4,47
0x7eb459ad2a5c5ac08a616b66f39e596105abd1ad,120,2,118
0xcb54da78e6921b8bb64f3e7af06f337cb103070a,240,72,168
0xc8100dd81e0d8d0901b7b5831e575b03e1489057,64,1,63
0xdd6e7ff87ce5e19f7856280a24f1eec612947248,6,6,0
0xbfd70ab61d5670da395eb81d27f6f1cb9c6f0142,50,43,7
0xf1929522632eda5ff5f6705378ad2a3d967c1d7e,41,40,1
0xadeadd157904040b99bffb07d935e7f97e210a4d,228,4,224
0x64dc7f3624a1456a7ba52025fcfddf428fff92e0,464,40,424
0xd73acd7f5099fdd910215dbff029185f21ffbcf0,367,5,362
0x6ed8c49e45889babb18376a04298f46d128c53d6,21,21,0
0xa6a5ec7b1b8a34ff2dcb2926b7c78f52a5ce3b90,113,6,107
0xc9c88c834f61598368e525e25fa573c1dc51c60d,36,0,36
0xfc98e825a2264d890f9a1e68ed50e1526abccacd,158,115,43
0xb2dbf14d0b47ed3ba02bdb7c954e05a72deb7544,122,121,1
0x7a19322ac0025c697fd4a4fd4dfc3ed559795625,39,20,19
0x389999216860ab8e0175387a0c90e5c52522c945,331,187,144
0x6f80310ca7f2c654691d1383149fa1a57d8ab1f8,129,127,2
0x970b9bb2c0444f5e81e9d0efb84c8ccdcdcaf84d,490,490,0
0x4f85620beb2c229e34d00b1b1c9f5e76bc212a76,473,246,227
0x1940da0835d4b390d1a83c84e10a0d0488b07aba,160,160,0
0xabe3a95049cc81eb6ea74d8bfb60b7d64647e5d0,56,4,52
0x6267873a5a0a1647a8fbb25541605a0815e04d74,196,196,0
0x46f101f3b08a6156e8f3553945500e1f62e72a37,71,52,19
0x26d15b6af2b66a12a6629316a254dd85d4086bf3,153,91,62
0xc82e3db60a52cf7529253b4ec688f631aad9e7c2,81,81,0
0xf8f12fe1b51d1398019c4facd4d00adab5fef746,129,129,0
0xc7bb32a4951600fbac701589c73e219b26ca2dfc,340,86,254
0xddd6a0ecc3c6f6c102e5ea3d8af7b801d1a77ac8,81,81,0
0xa27416028df9ca6dcbead109d238c94dd2f37fc8,94,81,13
0x03f3426fe1c016a96de0da4e26aee7523dbe2c19,360,17,343
0xca106916ca1f9c53442435036edf9b137b381c90,66,66,0
0x02d4ccfb596ac2a8b1878d3bf8a390730f42bba7,150,104,46
0xaaa7a10a8ee237ea61e8ac46c50a8db8bcc1baaa,144,6,138
0xb291984262259bcfe6aa02b66a06e9769c5c1ef3,242,39,203
0x85d49c8ade94ff8f7397ca8456f33dad7f296055,30,10,20
0x57fbb364041d860995ed610579d70727ac51e470,241,5,236
0xfd0307c6d7668cbac39a87b12d5004906a93d740,46,27,19
0xfd384bd3b79ed98f0f00ecba8a22230406a700d5,199,123,76
0x07c52c2537d84e532a9f15d32e152c8b94d2b232,57,57,0
0xf6e3858bd11ad10288c9575afce9976fc9aa937c,154,113,41
0x2565ae0385659badcada1031db704442e1b69982,173,173,0
0xdd5a649fc076886dfd4b9ad6acfc9b5eb882e83c,192,100,92
0xaadba140ae5e4c8a9ef0cc86ea3124b446e3e46a,187,133,54
0xe70da20a2b10d60ca620a4e494fe2b37c9499e97,267,42,225
0x8168d5bc7cb4892d257d7b09ad96d1a7d7657ec6,117,71,46
0x9edfe97d5058a8fef39d7014c9163fee16509a0c,44,3,41
0x22ca6c273d2d8be5bb11e762741efd67acdd3315,89,38,51
0xf5f38941ef7e04f04ed5e4fbe102b094854bd251,81,2,79
0x856492e4fc0de8ebacb5192024905ec857de5258,102,6,96
0xe2fe2df0f075e2af8fc0a166e3a4fe959af78197,177,10,167
0xc552292732f7a9a4a494da557b47bc01e01722df,149,132,17
0x7ec2692551ad3dfe54eadbf7e26e231de5fb8f35,218,217,1
0x959d00fdcaa75d27e0d520b545a0d566f13527f4,192,112,80
0xd6caf5bd23cf057f5fccce295dcc50c01c198707,88,88,0
0x17cbabee420494ad46bb53618793aad0a7fdcdd5,63,35,28
0xe5e14770b98d708079c4325cd8adc2b15a5fd426,38,37,1
0x4f868c1aa37fcf307ab38d215382e88fca6275e2,233,17,216
0xd44078705456c4f4517a659953f5296e5328f8b8,67,3,64
0x84cffa78b2fbbeec8c37391d2b12a04d2030845e,109,109,0
0xc5666dd4a435745b38c7a67cf5211a4d918e779f,227,100,127
0x37695523d9c82c453ff387a28b75c7c6ffa90aca,32,32,0
0x1d8779d6fae7c21303a021a8bba0431dd2aa027b,33,3,30
0x12b19d3e2ccc14da04fae33e63652ce469b3f2fd,222,222,0
0xecb504d39723b0be0e3a9aa33d646642d1051ee1,39,39,0
0x3d7462b447f5cf13b7a055a0f8eaf7d231da5cef,179,179,0
0xda9f43015749056182352e9dc6d3ee0b6293d80a,108,108,0
0x1162371684e6719cc2be0a1f8973ff6b91aa2ce6,113,0,113
0x9d65ff81a3c488d585bbfb0bfe3c7707c7917f54,103,103,0
0x9cc05bdc13dc65223623fecd20fa1f34109f8206,411,231,180
0xea6b6a4b813d1436a75883fcc789121e4b3f0465,30,30,0
0x6aaff04a0c4a1742b6cf3d36b7c07c717bd19b01,240,236,4
0x0dcf42ec403192ea4c0c160b59571ab7e361808c,13,12,1
0xfd1076d80fff9dc702ae9fdfea0073467b9b3fb7,317,315,2
0x3dc481e6586bc9098adacb48ef5435efc251ae3d,156,156,0
0x3c17017f5a584628cf8cb579a38455dbbf3f93e7,55,3,52
0x55509c29853405d819ba611c393ce920bcca2c0b,76,32,44
0x4b1705c75fde41e35e454ddd14e5d0a0eac06280,76,40,36
0x644d94da13af3ac88a9a0dcaaa108e474b9a9b5f,57,57,0
0x5fba17737ee4809230946115c0e8a418bce70acc,100,57,43
0xd50e2d8b418755f9c64993baa30422fd6d42864b,101,52,49
0x6faa985dc84619c689509a55cee7ccc36251b4c0,98,80,18
0xbe8b39e38fe4442a5a56c4f1947eb0dae62cfde8,48,2,46
0xafed2f17c749ed2705a558966cbbb343ff09e02d,286,118,168
0x139732c3f717071843f90977d93400393bdf9664,217,76,141
0x72a94e6c51cb06453b84c049ce1e1312f7c05e2c,224,19,205
0x557e05005e541fddbc27692750088a928d41a8f0,96,21,75
0x4e3fbd56cd56c3e72c1403e103b45db9da5b9d2b,230,230,0
0x524cab2ec69124574082676e6f654a18df49a048,358,81,277
0x6383aab257bcc08c82a000cc77ca9812442304e0,119,66,53
0x016ee7373248a80bde1fd6baa001311d233b3cfa,165,67,98
0x4cbcc45c3d24610cbfa4884f4d16085b590f3354,354,232,122
0x6eed7ab5c770ac20e98424efaadb2546c75a25fb,58,12,46
0x1a7e29a8c5d2320a1b56735b7654139e7b2860af,326,1,325
0x29e1ed0f65e788eea030aa28d25c8117f0173537,41,25,16
0x00d8318e44780edeefcf3020a5448f636788883c,55,55,0
0x4705efb469476d282eb6537a55e48cdb5db4ac9e,101,0,101
0x364c828ee171616a39897688a831c2499ad972ec,275,7,268
0xfa3c785b3f9e6140a9d058976d85bbb9bdd704b0,215,194,21
0xa8c8cfb141a3bb59fea1e2ea6b79b5ecbcd7b6ca,283,283,0
0xa6586e19ef681b1ac0ed3d46413d199a555dbb95,72,1,71
0x2509ee05b8df07ec75046e24bbf1cfcdb8b2a183,61,61,0
0xe9a95d175a5f4c9369f3b74222402eb1b837693b,216,216,0
0xc5254ae71c9a712cc43d2c5493fb9d4ca5bae18c,47,2,45
0x8578b174f4f1f5be1ca312a0a649199d38121be8,292,68,224
0x10086399dd8c1e3de736724af52587a2044c9fa2,471,302,169
0x16c4b48c64fb39f0fbed9d856a35f854daec63e0,20,20,0
0x218fdc5b352f6560e3ee67da8112fe663f38aca1,123,120,3
0xa852f69dc60b63fc604c4916f54a1d94617f4cf2,22,0,22
0x6d614686550b9e1c1df4b2cd8f91c9d4df66c810,92,2,90
0x6781a0f84c7e9e846dcb84a9a5bd49333067b104,343,343,0
0x9b3cdd221c93a780125cca81b897bcc2c3a3e0d7,40,39,1
0x7a1f56f9641d7bd8c57f0909959c894c97e39beb,191,58,133
0x3b3afb6b65886eb85d99202d75448cf8e7e5837f,43,1,42
0x921c673a4d2f6a429551c0726316c1ad07571db5,193,193,0
0x0e485774458ee27e23a8b04e3cff3fc5718fff2e,63,59,4
0xee2ebccb7cdb34a8a822b589f9e8427c24351bfc,186,186,0
0x34be5b8c30ee4fde069dc878989686abe9884470,120,120,0
0xb36d7b21afa4a76f88f456feb5737d4f08926c31,50,28,22
0x43a10115280634d788815cd9316df1d07c92e1c5,251,40,211
0x7a15b36cb834aea88553de69077d3777460d73ac,161,51,110
0x0e192d382a36de7011f795acc4391cd302003606,282,282,0
0x817bbdbc3e8a1204f3691d14bb44992841e3db35,214,209,5
0xaa0624c8e810e4bad9e9b40b3f7a6a86505c9f23,309,285,24
0xdd467a6c8ae2b39825a452e06b4fa82f73d4253d,226,218,8
0x5b52bfb8062ce664d74bbcd4cd6dc7df53fd7233,148,148,0
0x74bb71a4210e33256885def483fd4227b7f9d88f,117,117,0
0x9607f5fc8544446633be0b5c0420e32b5891a18f,106,85,21
0xf896bf59f0c489b11ecd2bf223148c1196a9e717,344,140,204
0xed1480d12be41d92f36f5f7bdd88212e381a3677,58,58,0
0xf61bf4d1a948487d61b8fa63808aac06bda55f98,78,78,0
0xfba1bea3a8ff940beb154fa31bf0076866bf2478,174,0,174
0x338be3d8d0209815601e72f7a04ac7f37d61564b,125,100,25
0x60eb57d085c59932d5faa6c6026268a4386927d0,116,116,0
0x332a6d4dcafbb74ac7cc8a42c0edf0542f2fb668,24,17,7
0x8c543aed163909142695f2d2acd0d55791a9edb9,121,121,0
0x246e29ef6987637e48e7509f91521ce64eb8c831,94,31,63
0x0b75c0e17ae4e8c3731a23ad0110d2aab5757693,49,28,21
0xb6e72df112f13d2bc38bddf4ea252948cc739de5,253,5,248
0x36ae198f325bec1ee71621f99fc48c77e29471da,51,0,51
0x5689b918d34c038901870105a6c7fc24744d31eb,120,3,117
0x0924d87605e51764a4620b8c41712a29e9c234c9,63,17,46
0xac2ebaf72aa89805f2bc5829003b2c246f3867ce,57,57,0
0x3db3f42d1ed92b180fe7dd8efc0e1d711a4eea82,62,0,62
0x0c10bf8fcb7bf5412187a595ab97a3609160b5c6,67,67,0
0xfe4e4652813ea5f70a4876cbc0ebbc510d660615,27,0,27
0x950f4ef7c44c27d68aa717956c8bf7e28e9b1554,123,43,80
0x1c57ede6e2162253f0dd830e85957aae13d59176,132,125,7
0x666e28522268113eae44ea0d6dd39c13648dd7cb,110,3,107
0x519fb7ee9c0b6b1c4ebac7a5b480337a9a0976b7,259,135,124
0xf96898bf784fa5d5945bdbc555a43cfc951176e9,294,0,294
0xe76c6c83af64e4c60245d8c7de953df673a7a33d,112,112,0
0x94ee593b5e9bf08ff5caab70e827e009db0e2712,162,81,81
0x6b866ce22189a16b060448df427ee8c957d8019b,79,17,62
0x5f474906637bdcda05f29c74653f6962bb0f8eda,107,106,1
0x5cac718a3ae330d361e39244bf9e67ab17514ce8,66,2,64
0x76e51bc8fa0beebcf3e45de408fa43c9dc5ffb27,188,94,94
0x9712228ceeda1e2ddde52cd5100b88986d1cb49c,354,156,198
0x880644ddf208e471c6f2230d31f9027578fa6fcc,208,5,203
0x01ea0a1c4cf5d6d948320ff16b1b6b972626e599,432,399,33
0x838804a3dd7c717396a68f94e736eaf76b911632,340,131,209
0x5452c7fb99d99fab3cc1875e9da9829cb50f7a13,156,0,156
0x1fe24f25b1cf609b9c4e7e12d802e3640dfa5e43,220,202,18
0x16cda4028e9e872a38acb903176719299beaed87,96,3,93
0xca9e665df8f0f820593ab6be851acc319efdbc53,273,253,20
0x336800d971a3b8facf032333441a9e1281443501,125,119,6
0x80336ad7a747236ef41f47ed2c7641828a480baa,272,37,235
0x04cde3a52a72c2d56923c94242bfc15a8d9d9e36,310,102,208
0xcf3b2ccc9987d2788e2756abb185344a3fe4fbe8,53,0,53
0x72cd6a0e898a8501218b4efc220d7a1ceb925e33,36,36,0
0xfb3765e0e7ac73e736566af913fa58c3cfd686b7,106,105,1
0x5d23bcb35571f1f2b96dcca633974aafddea1f32,59,3,56
0x0f905a23c916642fff85fb8d0f874b3e2ba5be37,67,67,0
0x9bfa45382268e4bacbd1175395728153dc5248f2,136,101,35
0xda64c62254e6ffe6783dd00472559a1744512846,151,131,20
0x9600f1198eaa8ad159c81ca804b27eb12c790441,96,33,63
0x06576eb3b212d605b797dc15523d9dc9f4f66db4,96,96,0
0x4d169f92eebce2a899fec76fe5d0bf289be929f1,73,72,1
0x34f5c46bc8d76f0484e4368cbe6c12af91c31fb7,143,25,118
0xd4c3c23349348fa67f6d044f1357c54d8e6a661b,393,36,357
0x1da87b114f35e1dc91f72bf57fc07a768ad40bb0,115,115,0
0x4b43c7a309a83e71471218af76f71e45965c1129,107,72,35
0xd396706543979149f7510839e9eb0b0608e8bc23,149,108,41
0x1b84f3db0ec59e1854f24d03596585f9740c9266,108,75,33
0xa5372ee48516f8ba07aaca07e57445d8401a2fe9,428,128,300
0xa9bc53abcc8eb7d475e34aa7b13c7b6c8c8205ad,89,88,1
0x7b41874efe38ea0e4866307b7208d9c856745d31,186,2,184
0x0da642e3ed481b119cc212b6f1c9bef04e3211ab,254,0,254
0xaec65404ddc3af3c897ad89571d5772c1a695f22,68,68,0
0xa222689c56f443e1397f69330b0c916e043efb20,101,71,30
0xf6df9657282bac986b0e40bdd2889aa95cae156b,63,63,0
0x49d02b5f8be84df003203303a396ba597b0d6961,264,8,256
0xc477d038d5420c6a9e0b031712f61c5120090de9,205,196,9
0xeda3f43bdbfdbb9ceb7646e7edaf0f0a899b6596,215,160,55
0x5fe65b1172e148d1ac4f44ffc4777c2d4731ee8f,208,101,107
0xa1c2cfac5a4cccd7252ab355070c4f3cf460a761,26,25,1
0x15b045a85b6bc2ea2ae34371e132ece8b5b3aa4f,42,42,0
0x17ef75aa22dd5f6c2763b8304ab24f40ee54d48a,156,150,6
0x763864f1a74d748015f45f7c1181b60e62e40804,140,3,137
0xcd9d4988c0ae61887b075ba77f08cbfad2b65068,189,1,188
0xc60a6656e08b62dd2644dc703d7855301363cc38,74,15,59
0x8e5324d34ee9ab2ed84ac9ba237ca0433e89130c,97,48,49
0xc08edf13be9b9cc584c5da8004ce7e6be63c1316,125,125,0
0xde5ed76e7c05ec5e4572cfc88d1acea165109e44,76,71,5
0x327673ae6b33bd3d90f0096870059994f30dc8af,162,162,0
0x7746b7ef168547b61890e6b7ce2cc6a1fe40c872,381,366,15
0x92e187a03b6cd19cb6af293ba17f2745fd2357d5,147,147,0
0x385edc73dd943b6135e5dd2fcefd7311c58e8710,55,16,39
0xbe55781d3f8f51a9b6b760af136062b6f2e9f657,26,1,25
0x27a7296a9d282e55bdf7ac3a7b768763dd65de1e,44,1,43
0x15c79f1917acdd5e4f59bc81218108adb0c9202c,146,5,141
0xef952363c1d990a2fa58f8b379a9fa33bad1dfd1,102,5,97
0x68cd21d362c2dae66909afd810e391fa152b2379,236,3,233
0xbea8123277142de42571f1fac045225a1d347977,239,4,235
0xdb2ae4c19b78444ea9dabeae5b4d68ac5fc548c9,347,0,347
0x436fbf52faf705b6f82404bd06fb637bc4cc44ae,101,99,2
0x6fd3fe10d2cd28aecf1ff4153e8d3a80d077ada9,138,3,135
0xcf2bc3205c58f44a74eb489884c2619d51ff6bc1,45,45,0
0xfeef77d3f69374f66429c91d732a244f074bdf74,45,45,0
0xf7accbcd151d3c4036ff35115d057867a0d7b7dc,73,25,48
0x7a44228e46cdd37a85c0b07c4043b86c11e8c315,99,99,0
0x25e5e2b4b8f11c32cdd48c2fb394fbda9a2861f7,255,133,122
0xa6d0eea3afab2696a840731537874e058bc8049f,220,4,216
0x7b408fec07fee41ce9974fa2b7e6eb3e3b461b72,63,0,63
0x1d326bad570fa79a1a755158907125ae0e54bc77,80,2,78
0x880af717abba38f31ca21673843636a355fb45f3,188,99,89
0x2d92c4f9f75308d0b9b098b142369032e4f901ff,150,92,58
0x9717e477cc5869a4a228361492b9bf7b8db58582,190,80,110
0xc94f3e2ade5e92389af7e543657211ecccaff11e,114,112,2
0xde075d9adbd0240b4462f124af926452ad0bac91,44,44,0
0xaf21e28ee7f93f39250c8cf36c78ceec70acf862,133,132,1
0x95b3482d303e9bb29aa0e0d62dbbdd5fe50c06ae,226,213,13
0xbac93db39a4d4ec2c679582c6519b8cba018dc92,197,150,47
0xa23147f7757f94df82bc9c062b9f58ff1e1d69bc,83,49,34
0xaac2cb9f4561d924f7f45b47726f8b3752515ae5,85,45,40
0x204534a209fa0c7680ca64abb1c284ab2e67242f,28,27,1
0xc09fed4fd724427c838806fe6e9de210a25d74c0,36,1,35
0x8c15ef5b4b21951d50e53e4fbda8298ffad25057,239,239,0
0x6fad73936527d2a82aea5384d252462941b44042,215,26,189
0xfc82bb4ba86045af6f327323a46e80412b91b27d,168,168,0
0x6a8b632d25933ba39660e2e3d03ee481fed638ed,21,1,20
0x849300d52007ed74227fef5bd078dff273ef97d3,188,81,107
0x085f34dc239094983bf33349aa0eaedeca0bfc33,119,119,0
0xfb335ebc67e84eff5759f90f8493569b2b78e539,133,5,128
0xab84ad4586eae34b1849d790b51ef4cd0ca58e65,276,276,0
0xa33e6e965feb07adba779dc22332211e202ed711,92,38,54
0xf6e12a3b482c8d51a0f66e6d80c496c310833389,107,1,106
0xc834fa996fa3bec7aad3693af486ae53d8aa8b50,214,214,0
0xe0f30cb149faadc7247e953746be9bbbb6b5751f,210,210,0
0x6f50b93b61259593634a3067adafd93f1b8d0aba,305,98,207
0xf023ea03291313ad31c22db0f682228040af4d86,173,134,39
0x300b33206739622039be449f84b5ec0fee644d8d,28,28,0
0x56f7ec0189dd329c7316193739c069554fdcefa0,30,30,0
0xb9eefc4b0d472a44be93970254df4f4016569d27,270,270,0
0xd405f9908dec587a5ed77ea06760ea868f5de7c3,426,2,424
0x8a99d2cfc8b676d193fbeed3140bbb57a7c58023,157,12,145
0x0b1b96adfabcedb42e79daea2c8119680a45f694,44,44,0
0x0efa2b0942228559d580f543d2778d9098e4cc40,91,88,3
0x8d1d064b2c64b3734c8a82d0db9bc160e156e922,60,1,59
0x0be5dd8dc316a936942b1f58667c9ea1ebb71e07,142,113,29
0x2a5aef99cfa510f8bc57b99e22d97d92483d8053,155,39,116
0x1fcdce58959f536621d76f5b7ffb955baa5a672f,217,217,0
0x37efa9315ae9c416842b079a4275311709d8a6c8,207,82,125
0xce593a29905951e8fc579bc092eca72577da575c,88,88,0
0xbfce321046aaf5879c74cc4555db8fd9629fde92,331,3,328
0x8e6a92c8fe0106a62c77c9e4e09b92c81fbf7a80,54,33,21
0x0167e9bcc26d02bf71113bbd1b6ea8c9549cd52c,98,87,11
0xa117000000f279d81a1d3cc75430faa017fa5a2e,233,230,3
0x888888435fde8e7d4c54cab67f206e4199454c60,84,83,1
0xc66b5109d4d396619c3194a9717bc7e68a7b653f,54,4,50
0x2d47181278072f1a5d643745cab16091120410ec,24,23,1
0xe3bdca3a499b00ef08bbc93a04ba1fc8b6d775d6,99,94,5
0x40615b82999b8aa46803f11493bedab0314eb5e7,60,60,0
0xe66b3aa360bb78468c00bebe163630269db3324f,193,193,0
0x2fc93484614a34f26f7970cbb94615ba109bb4bf,17,17,0
0x3c7b1f3ba0f3dd37c23448c7a10a2df6fc629ac8,67,2,65
0xe61650d266b10f74301e362069a1d4f1bf7f0e88,295,121,174
0xa2120b9e674d3fc3875f415a7df52e382f141225,113,74,39
0x17914823d599f89df674a9a020bd15d7f4836ee3,481,480,1
0xc29acac647c63dbd8618e817d41ea9de69174ae1,94,92,2
0x2d0d57d004f82e9f4471caa8b9f8b1965a814154,424,423,1
0xc3c62e97c85ea5d8d2edc39034e9dfc6452a50d1,179,97,82
0x1a5264e5b317729d6e12b6b22a16fa1af21fcfcf,156,70,86
0x0f33af99f3c124189b8da7c7be6dc08c77a9ddc7,188,188,0
0xbd46d5ea27eee3924dbdb8f41e1a3dbf837c2cd3,371,25,346
0xcce62829672ffd270524601b822513f5ce48cf87,55,52,3
0x70d2b7c19352bb76e4409858ff5746e500f2b67c,132,49,83
0x5f63c28a30039763835aea1a982acc8ec3afb231,122,48,74
0xc97a4c9773ebfbba0f32ff147b9b29972aba0b38,184,8,176
0xd5d86fc8d5c0ea1ac1ac5dfab6e529c9967a45e9,194,150,44
0x120a3879da835a5af037bb2d1456bebd6b54d4ba,95,67,28
0x30917a657ae7d1132bdca40187d781fa3b60002f,446,103,343
0x7d60b5e39a37142e2cf4c4230f543ba8a26e544a,36,1,35
0x4baf4df3694c90d8267d643a10801797c8ab97b1,29,29,0
0xda268ce947a666380f224635742adacc78e2d74d,8,1,7
0x99f97d66ab29cd89d723121ee8dff81e65d18cba,354,350,4
0x25171b354f3e192ea4fb0c1268255d7a64448c91,133,2,131
0x6ff5752486f9793a023bdd5ad94db349a42006a5,38,34,4
0xea97fc2c61b8faf98f20ba81aa8a2cf117eb04dc,257,245,12
0xa41f142b6eb2b164f8164cae0716892ce02f311f,84,84,0
0xc0c30d6bbd74f5c11e255dd34bc2fa7af03122bf,108,60,48
0x745735600dcf9562060becdae9a1a0afffcd9cf6,328,256,72
0xf10a71e53398bf4e3cf5e2a0cad3c529ad19b834,301,2,299
0x84362d6f669c051e250c0a2f0a68a920f9ebe6f4,91,72,19
0x39fbbabf11738317a448031930706cd3e612e1b9,97,97,0
0x3e7fc44e25c07be3d67c241e6e59cb838df2f892,176,122,54
0xa74d868ce53af34f92b880a0f92f1ad8fc8944d7,284,82,202
0xb225e96033427aa3d376ad7ca9723d56f0d20271,15,15,0
0x9011cf11924e83a0391b4096d5f054ea1712ba4b,159,51,108
0x7fa7df4996ac59f398476892cfb195ed38543520,65,65,0
0x1821363abc9e33f1bfbe3f96f7c68eca7f6af2bd,101,2,99
0xea00e99f35e9bfe9e50a31e9cd4fc8b6d451a57c,253,249,4
0x4691937a7508860f876c9c0a2a617e7d9e945d4b,274,274,0
0x41d3d8a48988c038165e1c9f9f40155ac749db62,26,1,25
0x85f0e02cb992aa1f9f47112f815f519ef1a59e2d,295,199,96
0x8ab17e2cd4f894f8641a31f99f673a5762f53c8e,36,36,0
0x232fb065d9d24c34708eedbf03724f2e95abe768,140,119,21
0xb3c600c04aaf603b0f422b73db244216c2e491f6,9,9,0
0xd85844bf4b89e600fc39c55c3bc472f79dff50b4,86,84,2
0x72dd4b6bd852a3aa172be4d6c5a6dbec588cf131,480,480,0
0x7ffc43207fa9e1b73bd463e5c1c960c6ff7fac58,81,5,76
0x4bb003e4e23d803dc317d5190416ff5b70559417,79,77,2
0x29f9884510eb45f6cc60a378dd12440b45b2da83,50,1,49
0xf657d69c62c39be9da87d0fb7625b2f730b5af8f,41,30,11
0x6f61f45f7a3f64b0f2098cdad3bac5dc6aed8354,36,18,18
0x3a472c4d0dfbbb91ed050d3bb6b3623037c6263c,198,1,197
0xafe4f80e82a85118110bc76408072718e86b2507,65,65,0
0xc15122898c3ee73211d8a8a4a656ba1980d53086,282,280,2
0x883e9ef3391a43daba2dff04b64b1f2921e55c1a,316,312,4
0xf27fb0beb9c1d4360bf14df0cfb7e313c6e2e247,68,53,15
0x4848a07744e46bb3ea93ad4933075a4fa47b1162,104,5,99
0xedc3ad89f7b0963fe23d714b34185713706b815b,168,119,49
0x449d7c2e096e9f867339078535b15440d42f78e8,88,87,1
0x223b204e95f85acbe460b5059f73659eee1e7495,106,30,76
0xbaeec315f9d7f8db2645edfd5633360f152279bc,314,5,309
0x6079ea481ebb901568e294e8dcdecff6ac451b1a,442,5,437
0x767ebeb461f2a42df8e272e578e02f98a5483534,85,81,4
0x4671eff52f2c9f3fc7f3cf3c5f1d7720f9aa9be1,35,3,32
0xc20ae6c97c26132d66fbf58e0aae0b010f56ea34,80,62,18
0x14a32f050facf226ec60882398a9bf36d91dbac2,62,62,0
0x2a17e24266e36d181493d9f5e698bb21c54cb698,26,26,0
0xd4290ab0a15dbe6e5283212e1a0e8d1e3eac4670,321,320,1
0x79367786c62e20f4488111d8d33a5011e35b61a2,95,94,1
0x9a4b320418544b4da92c38d2a6e2de09d5b0287a,182,2,180
0x91b11cc7913d4bfbe97073669b1aec788a5852a1,24,23,1
0xb77b6fe3e33ce2a15bae846658fca5da62ab8ac0,84,19,65
0x5b0e207cbb73a35bdea0342de0c62039a714fe2f,37,19,18
0x00b784c0e9dd20fc865f89d05d0ce4417efb77a9,189,73,116
0xa8bb2ef88c9fd04952bf47041f9329d1e449c204,37,37,0
0x5bd139cc4deb183c4fa2076026220d3bcc6fe4a6,49,2,47
0x1c8a88caa915693dbd9cb677f3c8142406c4c919,339,337,2
0x2eeedd564564e42ec28ee51f2fca99682dc2768f,111,0,111
0x12787526c03d626aac88e6edc4d0fb930d86c631,169,85,84
0xc3ed53b27e89ea95b925a1443df12031f6099c4e,57,56,1
0x4eb28031a54e8e789cd09feb7e79078fbe23b028,77,68,9
0x8338d085aae3ac048b9e1de285fdef508ce73e45,88,82,6
0xb65cf1744c9d041b475d3781f498331ef769ad98,165,3,162
0xab9f99e6460f6b7940ab7920f44d97b725e0fa4c,194,111,83
0xe8da2e3d904e279220a86634aafa4d3be43c89d9,23,0,23
0x86a68f655018389658f657257fd6d0c337c09351,187,178,9
0x0b5e28b683a581305fe90991e9c9b9adb038b1bc,126,126,0
0xbc8542e65ab801f7c9e3edd23238d37a2e3972d6,96,20,76
0xcdd2c026b7c5efa9222c9050a1d1c72c56768442,103,89,14
0xbd79022c37de26572320a4f0b7628776ad430d81,76,68,8
0x8e0f07454850198f089ef10d083601a2a1644656,345,229,116
0x0954906da0bf32d5479e25f46056d22f08464cab,167,87,80
0x901a50e14e45e18009973fd59847f651c3636e93,60,56,4
0x01597e397605bf280674bf292623460b4204c375,47,44,3
0xbaae838f695a5b0d75cffc49c578a4293cf28f84,34,22,12
0x7350271594848ab8c0371ef4afeef199c69c3e05,175,140,35
0x633946dec9f5ade05b215318d3e12f1e6dd062f5,90,0,90
0xf15176bc2a8d95102e21641fc0c3b1a9990d2d2d,382,34,348
0x6e8ca9f24de73344854c4e97a9eaa2fbfbc6e6f6,77,2,75
0xf29cfb10796194d2c1a2f24cda9d169fc6a79160,11,0,11
0xa5ee0e7925c0dc6b29ed6da60e1f2c1c01096115,263,1,262
0x358ecbfbd4b0701eab3f9e0779b6505b933df1ca,64,64,0
0x678e840c640f619e17848045d23072844224dd37,62,62,0
0x90ee31cf67f23ad1f2e9e74f1fba4d94784ff94f,38,0,38
0x3669c421b77340b2979d1a00a792cc2ee0fce737,136,136,0
0x000000007a58f5f58e697e51ab0357bc9e260a04,79,79,0
0x857ff5a1da3eea37c1e6f61808ef8fddaf572877,28,0,28
0xcb8caa4f589f5224f74295289d88ed91ad451480,46,45,1
0x98f713b112d10e5c1eb7dbff99604fea37645447,15,15,0
0x6226e00bcac68b0fe55583b90a1d727c14fab77f,190,190,0
0x34f63158111ee06d854d441c0305ef9038e76509,72,49,23
0xbef648e3034e80efe152f3581117c1536fff5afc,182,4,178
0xb5a9619b5bfe4e12ee2f5cb8249e8856c8911e3d,54,10,44
0xab83bd5169f58e753d291223dcaba4f7644ad3a9,384,208,176
0x0632adcab8f12edd3b06f99dc6078fe1fedd32b0,321,1,320
0x6ab7e5a4a5f34f24c43ba0996e5f45dc88ba7b1d,450,59,391
0xd3f500f550f46e504a4d2153127b47e007e11166,35,10,25
0xeecdcb5a1686e93ca397d42aa6c8aa19303e234a,300,96,204
0x74b988156925937bd4e082f0ed7429da8eaea8db,106,103,3
0x7feb477600a03fd6ab1fe451cb3c7836a420f4ad,132,48,84
0x55097f754f6e502b69a6711800cc2d44d0734796,56,56,0
0xf0d3cedc9cc7f3a759a59b5555328fe75033c0a0,298,28,270
0x1e1b4e127a510cafa6d0eaec024a4319a5e18821,116,115,1
0x4f94a08744fa36fae992a4f8830c65e37e8f388b,203,4,199
0x7a7fc0157f070da05db78101b95f42c5ad337037,34,34,0
0x696383fc9c5c8568c2e7af8731279b58b9201394,383,20,363
0xc314b0e758d5ff74f63e307a86ebfe183c95767b,146,138,8
0xb78f1a96f6359ef871f594acb26900e02bfc8d00,71,58,13
0x62cf887b0084ea2adbce95f15dd6e8547ab53f50,166,27,139
0x21ce4608ba98d782e6754801a48b77f5cf427468,66,36,30
0x5b5cf41d9ec08d101ffeeeebda411677582c9448,428,155,273
0x623217c52fafaa4d53a6804d32dfbe6c4d8b137a,26,2,24
0xacc2fcc87f57c52f945e3f373b32264e76dcff84,180,127,53
0x8b6a843ef95bc85049df091cf4bf84acdef34cf3,126,2,124
0xe6e7e1a22195ae688f3c8ec4ba16fb2fbc88ef94,89,7,82
0xf2e4508646f1b3e9d47763d12028feb6aedd6703,206,4,202
0x249aeaa7fa06a63ea5389b72217476db881294df,361,136,225
0x0c84298dbaf3b714dd33bd0d3e3714a8b6648fd2,42,38,4
0x269ed25178ca709365b64900801bd212497fcc2d,73,1,72
0x281851c4dd77bac877bac193fa987bf8d0b3cc95,103,2,101
0x44a0574254da49c42f096a92e378239eab07ef79,3,1,2
0xf8d32ce983b7c5b338d3670749c6ea65a2ab64bc,16,0,16
0x320c1ca2bdda1375174a98bfd06ed7c2d60e9842,66,53,13
0xacfa101ece167f1894150e090d9471aee2dd3041,415,412,3
0x4b2144e59f7e286d8e7b7a4cbbb94b042e2b791f,67,1,66
0x33e2c129ea670031659ac8852c01d0fe4b297954,63,63,0
0x9a2f6c07fd6c294b92a89ef9954274034e64faf6,17,1,16
0xdc8c9988212ba573ce74bcc2444042f2f8f39101,475,474,1
0x3293db58984c7f2c5096d89ea4711b5ad6d8076b,22,22,0
0x4cd0c43b0d53bc318cc5342b77eb6f124e47f526,92,92,0
0x8b7400002f51e2159e962babd2bd8f977c2e97c9,127,126,1
0x626acf48a59d5dee6e4e7eb07386ad2851bcb5ce,113,91,22
0xeb3cadde330a4aa3d627f666aecdd6f65208b19f,100,8,92
0x8514ef77f7b808de634a559a2c1fce3a311adb1c,44,0,44
0xabd894d40b7e33a8ea28126509dc9234e6bb4683,30,30,0
0x5c400511fb292a50b4d81e601815f617db804302,219,63,156
0xfa242fff7490ada6cde6a8b3e686435982b4507d,98,97,1
0x2d3f39663d43c0862589a8a24bf05ccd44b0ac4d,73,73,0
0x6eeb539d662bb971a4a01211c67cb7f65b09b802,22,10,12
0xc91b523a59acc63a64f61fc7bbfb4bfc82dd25f2,77,1,76
0x15ff09fd0159b25fad9e8bf0d2a5bfef6e46e2bc,80,80,0
0xc69828e1d7cf16f51d88b097caedc62cabfdbf93,36,35,1
0x575157729e5e9d6383be5278238be6161c44d2d9,30,16,14
0xe3c47892e6c71e881eaff077664e3055a48f8e27,236,55,181
0xa2a56bb091635d36d6cba286bd1737f47f77b42e,26,0,26
0x2602278ee1882889b946eb11dc0e810075650983,112,112,0
0x1b69916543ec291d91b07133d869b929495ea45b,83,23,60
0x7b3dfb3f5cbd9f5aa96d936f835e916fb11e558a,22,0,22
0xed2fa73a2d62f79eb6d9c15cd4e1ddc552ec3e80,43,42,1
0xa0f38233688bb578c0a88102a95b846c18bc0ba7,212,7,205
0x3f13dd36206e3afb692049c8d7efa43f85f52f3a,58,25,33
0xa9f0dbb5469cb827c50520de203dc40d8ceb8615,94,93,1
0x5f5541c618e76ab98361cdb10c67d1de28740cc3,59,59,0
0x4776defcf622c60c6419cccc9ee9e9042fadf3f7,86,68,18
0xceff847de8289a5d0d28d91c3ceb7fa2e17eb27a,121,121,0
0xa01199c61841fce3b3dafb83fefc1899715c8756,111,1,110
0x3a283d9c08e8b55966afb64c515f5143cf907611,37,37,0
0x02bd4a3b1b95b01f2aa61655415a5d3eaacaafdd,63,63,0
0x2ee6af0dff3a1ce3f7e3414c52c48fd50d73691e,131,131,0
0xcdcc1529f88a3d42cc7f436f11de417e0020f902,63,61,2
0xe335e234823f235a1f26b09f1dbf3d17b75d76de,40,39,1
0xaad54c9f27b876d2538455dda69207279ff673a5,237,237,0
0xfe1f5bb11db3a9dead9d00ceb6f4e607b847d08e,317,40,277
0x5e0421b5d8ef222479d1a7714e8df103fd970eea,21,17,4
0x81efa5503c9e71cb0fe938268e266f5bdb028689,75,75,0
0x96fc56721d2b79485692350014875b3b67cb00eb,141,5,136
0x5c84bc60a796534bfec3439af0e6db616a966335,131,131,0
0x7a98d0c96a35bde4bb643ba83c5e9a19fbae2234,364,29,335
0x3dc9c91cab92e5806250e2f5cabe711ad79296ea,103,96,7
0xfa8e23f3d18d8d672cd4465b0bd7af81d55cf2b6,182,124,58
0xc92d06c74a26aeaf4d1a1273fac171f3b09fac79,150,72,78
0x3b553fc51a63298e2e44d8ecd3b1ea01d22ca459,55,0,55
0xc36d1b722af420917d6ce43a3fdef999b3e32781,36,12,24
0x70c03a5b2d31ab695677dc1a97d03ee97dbed59e,86,65,21
0x7ce9c7c3d5d7c39fc0e418080e081931d5754112,70,70,0
0x3b74c47e072f21ea871ef7a48d15c453267b783a,28,0,28
0x50c65cf118257040e36f67d6f54475d9963f40d2,92,51,41
0x9fddeec343de44c6c693d879c7944aaed39c77e9,41,1,40
0xaacd53f4705b93f0cae83a5eacf4443599dcb3fd,49,0,49
0xae1eaae3f627aaca434127644371b67b18444051,170,164,6
0x335eeef8e93a7a757d9e7912044d9cd264e2b2d8,190,136,54
0xb4711bfa7d063200ecab54529807b53a0d3c17cc,162,1,161
0x7818a622b17a338951a9d1441695a9a3744c4c76,88,87,1
0x943f4f7fc2d48f3ad8c524cf8a8794b64100df3f,278,115,163
0xf0d1f19e0a3147b0d20bb577f3cfa0eed9e42020,135,99,36
0xc947107494459bf98c81dc282b839186a9e03043,96,96,0
0xc690f7c7fcffa6a82b79fab7508c466fefdfc8c5,308,308,0
0xd826826cc6fbf16fd6e91cfadb123dcd93a858e8,79,5,74
0xbc6da0fe9ad5f3b0d58160288917aa56653660e9,132,128,4
0x3714d190bbb7db7b70b0b5983200594a2b0f1052,16,16,0
0xccc1f398464cc484bfbbddefb78ff8708a3ad341,45,44,1
0x2b8e0a6933e1b0bfe652d8a45c8bd32d279ce489,63,58,5
0x3b4f7cb9e60362a49dd04eb0091a374d340e3efd,127,127,0
0x9443c7066f2ea89de894e0595fd7bbc50087ba27,26,1,25
0x0f451825d54934d75b5dd8c2d7033bb4e60322b8,170,48,122
0xa98b29a8f5a247802149c268ecf860b8308b7291,283,137,146
0x2acab3dea77832c09420663b0e1cb386031ba17b,294,292,2
0x40170e2ecc6df94f82908ce1fa9d90671ae9414d,115,2,113
0xed0c28f292fd70f44b3f06ed0cfd8fda1fad3419,66,8,58
0x4554c0b38d23450f7a32d58281a2b6e423bb27a6,367,61,306
0xc6301bfe4f2665c6ceca3c5a9a43b3606d2bc2a3,135,6,129
0x5d285f735998f36631f678ff41fb56a10a4d0429,197,102,95
0xcc006a04adbe853ce0d0d5813f38e4bfd8d0f166,86,48,38
0x7afeda4c714e1c0a2a1248332c100924506ac8e6,116,15,101
0x8f17a839b6cd38e9888be3cc901a6726e84d6462,182,64,118
0xaa25602bccf3bbde8e2f0f09f3a1f6def54593c0,228,228,0
0xf80229c6c6d64de561b03f7a79d537e636ec15a5,313,313,0
0x4503e3c58377a9d2a9ec3c9ed42a8a6a241cb4e2,181,8,173
0x9be89d2a4cd102d8fecc6bf9da793be995c22541,203,203,0
0x2fb6a7747f52ee559e9fe0fa8ba4608fdbf1d541,64,64,0
0x3abce8f1db258fbc64827b0926e14a0f90525cf7,413,12,401
0xb4afbd84b7caf8c3fe2c01cd6ad9008382eeb455,282,126,156
0xf60e21ffe1efe709bf020490e36a3eb6b3c6d43d,109,103,6
0xe6528236e5228d88499e4260a4fb0b260e26fb74,104,68,36
0x6c3f90f043a72fa612cbac8115ee7e52bde6e490,172,172,0
0xd7b397edad16ca8111ca4a3b832d0a5e3ae2438c,83,38,45
0x1e4afe0c027d4f14fdba4254efc1a3ac2f7d49b5,223,221,2
0x8e04b34166612e73e8f8b7d7a5ddb6ea2895b4b5,100,3,97
0x7de91b204c1c737bcee6f000aaa6569cf7061cb7,229,229,0
0x68bf5b45eb1851ed543c757c8dbef352be570cb7,126,96,30
0x2dc25592459960ed894db6d6c83a3bdbc1e13c80,116,35,81
0x0191c41dbceb20a612b25137133ca719e84f7933,337,77,260
0x9be78f919ec62c4a8f5458a57f115e2fa40f93d8,62,61,1
0x2a7b065165ef89ff796d187a9c9118f304a5c26e,130,129,1
0xda3a4ff5b90515d85d080fe76062550f68a8a0dc,115,114,1
0xd1c33f20243792c0d971451772ab83364dc9b8c0,195,132,63
0x0574c34385b039c2bb8db898f61b7767024a9449,208,39,169
0x4498118b7e1ab8bc9352037cf71f66b3151f4351,211,3,208
0x460a0f76eeea111ae63d972f84fc092afbb83d71,24,24,0
0x43ab765ee05075d78ad8aa79dcb1978ca3079258,66,66,0
0x49ac61f2202f6a2f108d59e77535337ea41f6540,196,9,187
0x540cc373acfacd250a4250d7b26e9800b71f0484,210,53,157
0x1a2933fba0c6e959c9a2d2c933f3f8ad4aa9f06e,95,2,93
0x93c9175e26f57d2888c7df8b470c9eea5c0b0a93,102,97,5
0xfd1f39c04fc0ca7e54955687b55d858813160ef2,73,56,17
0x3b8ceb26f4fabacbd02b22caeceeb26d67e4013a,196,13,183
0xde2942b52e75c327ad4ddd6c7db7c398fed6199f,94,64,30
0x93e0f5a3afebdf40637b509ceae3661da0de92f5,299,110,189
0x8761b55af5a703d5855f1865db8fe4dd18e94c53,34,2,32
0xc5b21fc20bb1a76c6fa84b8b5effc415c939ca58,57,57,0
0x2f02be0c4021022b59e9436f335d69df95e5222a,58,18,40
0x746db7b1728af413c4e2b98216c6171b2fc9d00e,65,64,1
0x6694a1dc364ff79298539a8a9ad624fe8a4a1708,330,18,312
0x646f8a6b19d3145cb8e97e6ffbc46b832181ffd8,45,45,0
0x71c4658acc7b53ee814a29ce31100ff85ca23ca7,327,91,236
0xc5933172228e273cf829672921290ca107611757,302,16,286
0xe1005bfbbc9a17d5d844c7a4371cbf6b2b387380,57,57,0
0x3eb7fa50be1adc72ee27fea9e8af91d9a95d48cb,47,46,1
0x71663f5fb424e2e9e2c82d86f207d50c8ba481c6,476,3,473
0x33caa8f6881b20cded1d18578d8194cb62af737b,197,197,0
0x6bea7cfef803d1e3d5f7c0103f7ded065644e197,87,49,38
0x6107f4901476c3449403a1d908e19148950c2bc5,102,79,23
0x8e3e155a4ad7da9d3aeea0aeecaedb5b4a5fa626,36,2,34
0xff98a08c143311719ca492e4b8c950c940f26872,107,107,0
0x759c6c1923910930c18ef490b3c3dbeff24003ce,54,15,39
0x6b5735cbdd0da81d18b5c2b3acaf8f27dcad9edb,77,77,0
0xdfb00e816bc17f46f90aed507f9e36c3c1db1f53,31,1,30
0xcd2af5ad76f79550dabc7234f00f5d95f23486bd,233,1,232
0x4057db5bd9f67a566aa10e5587b1a964affc6a16,70,65,5
0x9d57b86cac83e1c8d5f6d3a9734c2428c341f569,170,170,0
0x054d64b73d3d8a21af3d764efd76bcaa774f3bb2,195,98,97
0x9f35425c2ef3616dd024d866082e0b61023fbfe1,295,276,19
0x355b6d4b7a134954beb39f1b0640aca53e44ae96,70,2,68
0xb4743bfabfce34537a4baf0f3eb2f269246d180a,54,23,31
0x360c8a7c01fd75b00814d6282e95eaff93837f27,225,222,3
0xba16c92deb488aaa1070417f545065bf51c7c6c8,151,0,151
0x94d8e532b7e990e356210b4b2d7158b3a8a138bc,250,14,236
0xc46608d8281a974905a6bdec48f671b76d5f22be,138,3,135
0xd6aab9e4dd45aee41cf56b8c5f581a35f9e14ac9,24,1,23
0x3d79abb948bc76794ff4a0bcd60170a741f26360,44,16,28
0xb7798219a1448db7be994eb59df98989ca104d2f,191,190,1
0x32879b5c0fdbc2a81597f019717b412b9d755a09,225,102,123
0xf210d5d9dcf958803c286a6f8e278e4ac78e136e,187,88,99
0x40f1084da81d45abfefc65742232fb86db823f5b,37,34,3
0x3a92d32351deb7d1a48e5529ba090203e87ee7d4,35,0,35
0x0d1fe1ebab085bd039b4d1fbf96dbe8decf769a1,110,0,110
0x12b180b635dd9f07a78736fb4e43438fcdb41555,194,121,73
0xd913b503f39324541cd21bb19d966a6f73032f81,77,1,76
0x7e9b1672616ff6d6629ef2879419aae79a9018d2,182,25,157
0x18c7766a10df15df8c971f6e8c1d2bba7c7a410b,268,88,180
0x44a144f115b11ab052563ca17dfd430c914bd989,129,95,34
0xf9fbe825bfb2bf3e387af0dc18cac8d87f29dea8,145,141,4
0x6eddf50117df3331d20d5b80250e518f3aa48de4,116,3,113
0xc4f6e93aeddc11dc22268488465babcaf09399ac,85,85,0
0xe82906b6b1b04f631d126c974af57a3a7b6a99d9,153,72,81
0x8460bb8eb1251a923a31486af9567e500fc2f43f,165,111,54
0x23f33c5f0887b385b971355006a18074771ed50b,206,26,180
0xbc5d78bb900b16f68b512fef44cf18c2d73fdac7,42,0,42
0x6654bd78ccd8ac75d5c5439b101005b3e1c43e57,109,98,11
0xf3c50751d0b5756bc70fea069f0f18c88d12730a,51,50,1
0x2841413795bbe4e42c1a8558b3e55ecde4a12014,59,6,53
0xad97c2fcca6bc28dd2dd20f6c28ab76ab35d3601,253,253,0
0x16ba0f221664a5189cf2c1a7af0d3abfc70aa295,16,16,0
0x46dc0e7e537f6fcdc9f5974efd806657f728d478,52,3,49
0xbf331d15070494020502c8a1970649a12e067dbb,105,2,103
0xd96f48665a1410c0cd669a88898eca36b9fc2cce,222,75,147
0xcafb181fd97039ab09361a16ba0ed2a9a19c0b68,181,2,179
0x6dffb6415c96ec393bf018fb824934d7b5b637a0,383,383,0
0xbca0b679f0ff2fd7749ba268551ebf6284768d4e,153,2,151
0x27b4bc90fbe56f02ef50f2e2f79d7813aa8941a7,221,221,0
0x31ae5109e5adb582f4f42ca9aaa9a723a325f214,128,128,0
0x32f5e1bf89c06bcd7fc2827b4a6c285e8a1973d7,42,41,1
0x29714cafe792ef8b8c649451d13c89e21a0d7f5b,164,125,39
0xceaf911fc2c989e7a65685af2e9fd491babba917,204,1,203
0xc4192c2888771f7c90397836cb7438ef16839ef9,80,1,79
0x750a24d8a496d98f2a8cabc68e7a4b08fa59beb8,288,217,71
0xbed93119591166a0e461e73d97c9d814b095c736,272,12,260
0x76cb0647698857d301cb3fe1b6f0e79c03817245,44,43,1
0x3c0cb52a81bde105a319cda7473ae8ccd620e238,360,48,312
0xa0246c9032bc3a600820415ae600c6388619a14d,281,264,17
0x12c8630369977ee708c8e727d8e838f74d9420c5,73,72,1
0x015b192a652129f6ea8c03dddb030297cf721af2,88,59,29
0xb716600ed99b4710152582a124c697a7fe78adbf,195,188,7
0x61ed568becd4d5f58782edeb05ab3872e0222e81,111,26,85
0x45235d72a7786db0320d8227bedf95eb273977e9,226,226,0
0xe5e2a5328b93cfe510d33bbbd98a695849343c90,61,1,60
0xb7e70b77f6386ffa5f55ddcb53d87a0fb5a2f53b,108,108,0
0xba9577853edcae4ce652b7e713ef3e1dae27366d,99,45,54
0xfa898efdb91e35bd311c45b9b955f742b6719aa2,98,98,0
0x47252a63c723889814aebcac0683e615624cec64,33,33,0
0x3a859b9ea4998d344547283c7ce8ebc4abb77656,98,98,0
0xda74aeb14546b4272036121aed3a97515c84f317,495,0,495
0xecf4eeb29545a956e10d4b5ab29bb1ccbede0574,135,134,1
0x6bf7230ec3faff46bffedfbf765b54ac622bb3a6,68,26,42
0x1336fe6a80741210070d86c88093887391caeb43,51,46,5
0xc1a85faa09c7f7247899f155439c5488b43e8429,62,22,40
0xeeaa40b28a2d1b0b08f6f97bb1dd4b75316c6107,155,155,0
0x6069c9223e8a5da1ec49ac5525d4bb757af72cd8,67,67,0
0xfaa2ba39e9d988936a5bfed5690dfc9ca570c124,189,159,30
0xd4da8d3ac73e519962c4455dc32c067af8d347f2,102,68,34
0x36967c741e2e9c3b012e7a85595d1e3cc514b6e1,114,3,111
0x9a7f25ba6a78a2f4b29e6e4cf5a176efc4f1e2cb,147,118,29
0x1981cc36b59cffdd24b01cc5d698daa75e367e04,239,8,231
0x401a71ff98477766330759b4e278ed34420a41cb,50,22,28
0xffb4bcc28b1b3936f095f382b6fd9b27cfc9e3f9,183,0,183
0xbea98c05eeae2f3bc8c3565db7551eb738c8ccab,117,117,0
0x398fbeadf5a8bdd47493cf23221767a8c10ffb8d,99,9,90
0xc9e1bbac16e8646c20e7dabfcaf01094ecf52375,34,0,34
0x57c5ac62fba2e759eb0e6bef8a730d95cb4fe69a,79,0,79
0x77637fdec48c0a8d5af6073f6e84b77496906cf8,69,56,13
0xac50f88d21aac6760d8b4a44e6a73667e17bb251,94,52,42
0x3a915f2c10363aa151d0219ab808a27605ba4edf,54,53,1
0x1ca39c7f0f65b4da24b094a9afac7acf626b7f38,162,41,121
0x712bc0bbc841d13d2fe07ec4903cf2c08790b401,40,6,34
0xeadc218ac4cb7895a5a56e6484646b48f841c45a,139,139,0
0x4e1bb01ee7a835629d15cfc43d0c7feeede18353,186,114,72
0x3b1417c1f204607deda4767929497256e4ff540c,254,25,229
0xc2f8334b3d713ea1e92f856ad7114222ccb794b8,41,39,2
0x9a7d15ea9ca00b3343c7ddf7932d95f7df5a7b97,174,37,137
0x8b4616926705fb61e9c4eeac07cd946a5d4b0760,207,37,170
0x044727e50ff30db57fad06ff4f5846eab5ea52a2,170,65,105
0x957a229f2fdb792ed075004d63eec99c7f2d8df1,19,1,18
0xd4c64f0fe38ecdaf0baefd7859e18185a73b9aa3,95,31,64
0x649d58fd8fa2361535c159013728fcbec016da4a,72,15,57
0xc59ac242cb5616254431c13b402889b1204b05fa,38,37,1
0xc51b69a9227660677a5c59e744ba3ebb0cea892f,50,49,1
0xf91c7c211db969aafcb1cfc6cbbdca048074ee07,410,91,319
0xa57d319b3cf3ad0e4d19770f71e63cf847263a0b,288,288,0
0x3a368d7b329a079dbc7e9bad0a5c43e47823034a,96,62,34
0x72002129a3834d63c57d157ddf069dee37b08f24,118,42,76
0xdefac16715671b7b6aeefe012125f1e19ee4b7d7,121,14,107
0xc2115b3e314dde12182d98558eba247b02e7a9a8,11,11,0
0x91af0fbb28aba7e31403cb457106ce79397fd4e6,150,42,108
0x3b3f95938958a4029fa8b01873e2721b02950883,104,96,8
0xaa2ce7ae64066175e0b90497ce7d9c190c315db4,134,134,0
0xea5eebee2923c0d0506d2ff306e839e781e6c7c9,81,36,45
0x801944a90b693d7b980e9e4154babb5d4bb28a00,59,13,46
0x417737d49a175d62625154262d8569d3890425ae,321,55,266
0x6d4662e28a5485f8eabb9baaac575a73f5010c88,124,1,123
0x83e6f1e41cdd28eaceb20cb649155049fac3d5aa,372,372,0
0x66e2eabcf201ebaeafef27bd7fe3e62e9aacd363,31,2,29
0xd3cd02a81be8bebbd385e2eeacf124bfe077d931,331,98,233
0x32320cc097c7b252aa5ebf5dc3475edd4c9a1225,39,20,19
0xbcd4b7de6fde81025f74426d43165a5b0d790fdd,162,30,132
0x22c8d2847848df1ccfc1eb8b26a32a96b2984a64,172,169,3
0xdffc286a5310d829783211035e47cdec12ddacca,343,1,342
0x2f073c4a897c615101fe4df00ea0869191c6fa8d,176,147,29
0x454bd9e2b29eb5963048cc1a8bd6fd44e89899cb,138,1,137
0xe4d0e33021476ca05ab22c8bf992d3b013752b80,279,279,0
0xc5b52253f5225835cc81c52cdb3d6a22bc3b0c93,323,70,253
0xbdab72602e9ad40fc6a6852caf43258113b8f7a5,89,89,0
0xa605ee5de62bf7b8cdee52ebaaf4563069279d14,105,2,103
0xeed2743d6a94953267f84b13066edf27ff122ca0,140,1,139
0xd3029a0f7f8af5147bf706b0a9dfab89ddeebd62,326,0,326
0xb853ad67032738ffbcac61a856ca7c44ae36d10f,180,95,85
0x770153366d9b0aaf1ff0f87cbec27d942f888dd2,377,66,311
0xb9b2267d3c35d1fb0bbf752b6205eea91a82cd84,162,2,160
0xdc1664458d2f0b6090bea60a8793a4e66c2f1c00,432,432,0
0x62f61d85f785a6cf933172285b33d70295051e2b,42,28,14
0x818a19a6d3f0859b68e8490a6e945a51060caad1,469,468,1
0x70605a6457b0a8fbf1eee896911895296eab467e,109,109,0
0x77bd077fffe51edfc4913ee50506a3e59063bbea,156,156,0
0x0ea1fd79879d0e11d5d8e8234d49153420c3bdc4,93,89,4
0x65483c6b707f51ae3bd8ed6319b6f3643828e38d,321,69,252
0x9db475371b5cc2913d3219f72e16a3f101339a05,94,35,59
0x1b23d0f0f6dc3547c1b6945152acbfd6eaad85b0,301,52,249
0x5af6ad286c8ed6633284f2f135c4716057d52669,53,2,51
0x677ea3e33d79d68f9124f647f24e7914e89f2f49,33,0,33
0x2af5d2ad76741191d15dfe7bf6ac92d4bd912ca3,453,453,0
0xf9711eeda96e94ea24d73d100d0c6f2ef6063017,321,119,202
0x982290a0333a2a3d5b88fe21bd11ca59b0f5a361,391,71,320
0xbbbbbbb5aa847a2003fbc6b5c16df0bd1e725f61,100,18,82
0x0de05f6447ab4d22c8827449ee4ba2d5c288379b,86,86,0
0x7d256d82b32d8003d1ca1a1526ed211e6e0da9e2,404,10,394
0xca43c1f7e4effbf9b9872a41e05c698941c996bb,21,1,20
0x730b6e13e58a0e21d85f1e978b4422eb2da63157,265,213,52
0xbad188ec8b4e168df2a39c462a7293955ef04bf8,21,8,13
0x77aa555c8a518b56a1ed57b7b4b85ee2ad479d06,236,129,107
0xc1f8ccbe8ad96647f87fde77e87d6a54e9d905ca,156,151,5
0xd56736e79093d31be093ba1b5a5fe32e054b9592,83,31,52
0xd38bb40815d2b0c2d2c866e0c72c5728ffc76dd9,91,87,4
0x9fb2eeb75754815c5cc9092cd53549cea5dc404f,463,148,315
0xb893a8049f250b57efa8c62d51527a22404d7c9a,144,51,93
0x590bbc539d4fa56afaf030378577dd8bc6b6f0fc,51,50,1
0x0944d5848bd9f60a34ba92aea300d4286696eb76,93,93,0
0xc43a7d62db13573315492f466f33b61ecee75081,234,24,210
0x51ae5e2533854495f6c587865af64119db8f59b4,230,92,138
0xfd8917a36f76c4da9550f26db2faaaa242d6ae2c,106,104,2
0x75c71673808cb8d54274775b10abd463fc738e82,72,72,0
0x98779a737c6dea58c4b0e818a13188a5d09fb26c,104,1,103
0xdaf88906ac1de12ba2b1d2f7bfc94e9638ac40c4,139,139,0
0x1a4b46696b2bb4794eb3d4c26f1c55f9170fa4c5,405,146,259
0x4923017f3b7fac4e096b46e401c0662f0b7e393f,146,25,121
0x998ffe1e43facffb941dc337dd0468d52ba5b48a,153,153,0
0xc4c319e2d4d66cca4464c0c2b32c9bd23ebe784e,291,291,0
0x673e23b28fe82f1db183c5d75446bc4eb572d711,178,167,11
0x2cccdcefda683a2bdb8116c22847857af1ff9631,31,0,31
0xb2617246d0c6c0087f18703d576831899ca94f01,54,54,0
0x41defe83c58bd12e83c115cf5fe18b9f2a9871d4,49,49,0
0xcaf27e51ccd2a8584805e8521f5e7742599d48a2,40,40,0
0xf151980e7a781481709e8195744bf2399fb3cba4,141,139,2
0xff1be3171a16fe431e31d874e4de14814362e588,112,3,109
0xf1536ab2dd1fc1da5d77fec3ce29537f6ef0634b,255,129,126
0x88e16dc5398a4a89afc9596f95e108c4102f7296,74,3,71
0xef970a111dd6c281c40eee6c40b43f24435833c2,261,3,258
0x07c453bc0462bd2e24cb475893174b40e29f44e0,145,145,0
0x215fe70459c14ae1b2b3ecc10101639fedc3f8f2,87,46,41
0xe90e6b319fef62b96d8f4771e9bd929e9114c402,51,50,1
0xd19fa1565564f552200ab656c3003d5868555539,138,138,0
0x26c813804430772665b0d38a3a0520a9c87c10b4,56,47,9
0xc3062023692b858879274ec8abeb86bc1eff7a1e,232,232,0
0x3fec3b36a8d6bc5b5b6c0b0a4789ad8cf42f09b5,109,3,106
0xc6f2efee7c6bb7a315e9f3c9afa455b4aa548023,126,73,53
0xac3211a5025414af2866ff09c23fc18bc97e79b1,276,276,0
0xa30f22b7f2839ea5ca4cf77738c26a8e34b9a993,124,30,94
0x8b0e42f366ba502d787bb134478adfae966c8798,193,193,0
0x67b26394e8f42fc03a2b3f790ec50ebe0d1a9202,125,58,67
0xd22a20f53fb1cf4defcc73d2a15a220940d9bcc9,14,0,14
0x11b197e078e41af41bc1d9e03407090e61e40baa,244,0,244
0x7b408bb91b1b6994ca4ed953115fe6df88b426c0,41,40,1
0x40f8719f2919a5dedd2d5a67065df6eac65c149c,363,363,0
0xdec41db0c33f3f6f3cb615449c311ba22d418a8d,52,52,0
0x5f0bc16d50f72d10b719dbf6845de2e599eb5624,56,56,0
0x324c7ec7fb2bc61646ac2f22f6d06ab29b6c87a3,12,8,4
0x9fbe628683527bc7be4c31472bcb0c2c6ec2dcca,77,2,75
0xdc268f7b4927cfe7daa6a5cce8d52d473b095f13,87,1,86
0x8943c7bac1914c9a7aba750bf2b6b09fd21037e0,278,6,272
0x4677fb0f8e526c0babedf2a171cbd1d33c36cb5b,211,109,102
0x0ecc0e963625e0c5504718ec460116176b3aa06c,43,43,0
0xb0a747d220f3f793e1e16bf068f27c3aa3eb7a44,164,127,37
0x08ba718f288c3b12b01146816bef9fa03cc635bc,122,37,85
0x879cd57975d596004863d30c59d579ef78bbbe32,7,7,0
0xb9619cf4f875cdf0e3ce48b28a1c725bc4f6c0fb,93,0,93
0x3ecab35b64345bfc472477a653e4a3abe70532d9,66,66,0
0x5733e9490472ac6be02a879f7c3e19eceabc24be,121,59,62
0xceaab19bab4adbc831b98a4cf54a6a85a79218a4,34,34,0
0x99682aeca0e823215e3f0a9335fc0ca3c30dfb38,207,0,207
0x75ff6851b09ef32987c6d90cb9520cc6cd72f4f0,66,65,1
0x9ec46a3dd227fd5977c7f1997c043122a703ff2a,178,3,175
0x5f980617746dba251d6260e6be0eab7298377b22,50,0,50
0x81a679f98b63b3ddf2f17cb5619f4d6775b3c5ed,153,153,0
0x12622b71aa62a595be0f65009264de3fe3dbc7aa,100,84,16
0x1a371de4634c3debf7196a1efc59e620aff0915f,218,101,117
0x311b6bb865f3350df3fec0c5a63ba2451f06587d,42,17,25
0xc52c326331e9ce41f04484d3b5e5648158028804,168,168,0
0x95d86db27cac8e332667abbd7c6d545da3e09b48,80,50,30
0xccf3baa603dfddd7c41619fdb8dd0306b11571fe,305,0,305
0xf621622c556409e0dd9bc67fedaf5258c8f3b792,143,131,12
0xcfa23b8f9062369b21049b9f4a4ce79d640d1873,15,15,0
0xf4ee95274741437636e748ddac70818b4ed7d043,284,10,274
0xc10b30820f793e24733dc80da12c798dfbff0fff,115,27,88
0x1fa8da0b63c639a7b53bae343e5761d56f898bac,142,84,58
0xf522b448dbf8884038c684b5c3de95654007fd2b,134,79,55
0x746dda2ea243400d5a63e0700f190ab79f06489e,138,138,0
0x0b452278223d3954f4ac050949d7998e373e7e43,119,46,73
0x37d754d6d1668e32678fbeb2604da9cb4fbe993f,67,63,4
0xf91ac30e9b517f6d57e99446ee44894e6c22c032,104,33,71
0x64ebca8b820d50aa38d8f9909d5201230f898b65,50,2,48
0xc57aa80dc5580f5f7a99df33b99da82e86dbe77a,36,3,33
0x38ea452219524bb87e18de1c24d3bb59510bd783,35,35,0
0xddd6754c22ffac44980342173fa956bc7dda018e,73,0,73
0x92db68e842406335704d7aa79ec24fb9d25fa025,44,40,4
0xe010242f4503b33834e1a830c8abe7d4363dcd2a,232,231,1
0xc0f76654bdf45e876be23ef6644693aee51fca7a,33,32,1
0x56cd6b22bd981c140fc748b3cab088db132c79fb,54,46,8
0xfbb122b052e0949240897dae680d52e3473bd782,40,0,40
0x950fb8a6dd59a4cf466984b4f6760ebd2dda8e27,122,122,0
0x025f45bb7e08abea27a3c6a9cfb8d2acc2f6a134,60,2,58
0x574ee20beb697c4870226671b8e1e30b6b64c755,95,89,6
0xc2d3c12bc5bfa6a633aa74e8ea23756aac14900d,67,65,2
0x6387017dd4dda1de13d93440515765bcb2ba4564,66,66,0
0x7bc25283a29a3888cab4555ea86ff1a8c18cc90a,111,107,4
0xb26631c6dda06ad89b93c71400d25692de89c068,390,390,0
0x692accdd8b86692427e0aa4752ae917df01cc56f,91,1,90
0xe39587f231a6c178a3fbb72ff13b053d469119ef,45,2,43
0x9b8b9c7c02be0bd0aa4d669bf6a1f6003424c6dc,238,146,92
0xc8c424b91d8ce0137bab4b832b7f7d154156ba6c,135,135,0
0x6e5970dbd6fc7eb1f29c6d2edf2bc4c36124c0c1,52,52,0
0x8a8e83c4f1d721a1c908197dafca5312d4edeca3,154,127,27
0x2b81dc71d45c95660210871c375b91b8bdbebb20,40,1,39
0xe681a51b18d426625d36ef98c78cd18c7b8e8b21,17,16,1
0x0bb3e1c80c0ffde985fb0ec6392aa18a1d2de40e,182,120,62
0x1cc30e2eac975416060ec6fe682041408420d414,67,67,0
0xd46550dc5cb0ff6e4d904926917fe31a73bb336f,140,42,98
0x91a5de30e57831529a3c1af636a78a7e4e83f3aa,136,13,123
0x02deb18267b40c4f12c205f71554acc70a6faf62,257,218,39
0x278a3411b896258ba7a9fb9114baef846f4a7688,340,80,260
0xe8b3c26aa82b21a10237f1d3eebee40b54c925e4,110,37,73
0xe82d7e6b546ec6dbc992fc8e5dfa589d2ad784aa,63,51,12
0xb343af6a0805df34094401c78f1c06a8355f8fe9,85,74,11
0x2910312a1e3e4cdf3c33dfbc88d1e1d7a22e2bbf,253,159,94
0x35e0aa31f5b0a78f7c2c503f139fbd791200391f,121,121,0
0x797a48c46be32aafcedcfd3d8992493d8a1f256b,250,32,218
0xbcd1a163dee3ac31342eb6626f28e45d637dd091,197,196,1
0x5c0d928a3d86766e6c2ca7378abe76e7b2ff1028,296,296,0
0x323d0aa0b5be2f90728482e2e24ccd00d5419b84,215,0,215
0x8e9c050c06108fcd3cf92698e24c60d4461c4089,76,37,39
0x16eccfdbb4ee1a85a33f3a9b21175cd7ae753db4,156,4,152
0xbc8af167ffaa6b780aaeb522ccabd64c5933bf02,154,95,59
0x6c0b03fbc8874d0f5b9fa7ef5def6708bb62ac1b,27,20,7
0x6913233ada65330adf01f24f715dffcc60497cc8,96,96,0
0xbbe0ee73d36b3fb6b688ad24192541c059248188,41,3,38
0x65ef703f5594d2573eb71aaf55bc0cb548492df4,82,82,0
0xe0d2ace5debc43d3e0e758577d111c4859df6f7e,79,1,78
0x98585dfc8d9e7d48f0b1ae47ce33332cf4237d96,75,75,0
0x5d507654082b6199b52a800ca09d43f1eb9c8a96,42,6,36
0x26a79bd709a7ef5e5f747b8d8f83326ea044d8cc,139,46,93
0xb894e12536486141158bc26684bdef85ea90379a,142,40,102
0xe6b055abb1c40b6c0bf3a4ae126b6b8dbe6c5f3f,42,42,0
0x8240534f3fbf684c0e29635ab5c8f8efb6f66d42,155,117,38
0x59ed4001aaeabb2c12169827c8ca9488359524ff,249,3,246
0x42f1654b8eeb80c96471451b1106b63d0b1a9fe1,226,30,196
0xf9b899e6e84f6383f99b262eda36c9bddd5fc080,374,2,372
0xb8681ac978a7d440aaa256e6231cba99467ccfc4,97,4,93
0xe20ccf6c835d9840d2c5661857da942762859a01,141,2,139
0x4e76c23fe2a4e37b5e07b5625e17098baab86c18,492,4,488
0x3d64a0b21e642984a5e1a6ec6a558237e1606d76,36,3,33
0x3d1226e7361e14d5869b89b4182bd875f9c04371,110,86,24
0xe3b271b7d0dbc883f1771c6243ad56f7fbdac2de,62,61,1
0x7867b3ac827426fe68a308e1011394f688cb7ec5,291,132,159
0xe08a3e2367ea48af4f7b68d87d5a744c0a3b45d4,240,5,235
0x226bf5293692610692e2c996c9875c914d2a7f73,391,391,0
0xeca65b55d504bf1e15d6f7f5e374e58c6a7d9011,351,45,306
0xdf09a216fac5adc3e640db418c0b956076509503,125,125,0
0x54ed266d42dc8e1ee543768ff1ded7b896a03e7b,98,38,60
0xd83ae04c9ed29d6d3e6bf720c71bc7beb424393e,53,53,0
0xc6dddb5bc6e61e0841c54f3e723ae1f3a807260b,117,117,0
0x696115768bbef67be8bd408d760332a7efbee92d,228,49,179
0xa6251ca9fec07d1d8da5ce0efa8b8fd72503e328,154,30,124
0xabca1212ff3c5b08936c15d9bbc02f7077e998b0,112,112,0
0x2f5bec14c72c35ce1dee5adc2173399be93fe6ab,57,1,56
0x2ef52ed7de8c5ce03a4ef0efbe9b7450f2d7edc9,173,173,0
0x5b0655f938a72052c46d2e94d206ccb6ff625a3a,383,383,0
0x4052425a34a35e53d916d94393cbc4eb1c572c3c,160,110,50
0xc6332918cff3e6db4aa9966de7fdf111704c48cc,71,51,20
0x9e8b85dbb082255bd81c5b25323b694bc799a616,307,307,0
0x1c7e83f8c581a967940dbfa7984744646ae46b29,201,86,115
0x04e062345c34ea36b2804a04cd7a99f8c26333d8,146,131,15
0x12afffea204d5e583968ef1bbf7ffba34b6a80bb,349,299,50
0x2ea0d46d78cf57e1288cf8582fecd89cf3f078f6,112,2,110
0xd5aa4f9404e37cb98f9f54fd1e707ebeb3cd43cb,98,98,0
0x5079fc4e96338be1b5aff236ff4b00ec4452b2d3,72,16,56
0x19cb5b009bdad0dad0404dd860b0bea75465e678,257,5,252
0x498f536b78119a46ab6de8c31850e621e56cc59a,91,1,90
0x280f2599693159a96e367b621670840fcff06ee2,68,33,35
0x9714a3804f46b0b0efb165a2e47b3f1a7024aac5,393,7,386
0x616ff39f469c0bb80171cef79ffeca3e8f906a9f,99,41,58
0x3155ba85d5f96b2d030a4966af206230e46849cb,202,202,0
0x6b0b3a982b4634ac68dd83a4dbf02311ce324181,168,135,33
0x0701db1378a98fc8f454995d9d2e9f3eb60901dd,370,121,249
0x01485e923e51f6abb2b48aaa310d357b429ba263,103,10,93
0x52a84d21993d854fad9eb66e7a7163c0f7d6365e,125,1,124
0x740c178e10662bbb050bde257bfa318defe3cabc,136,123,13
0xd94c7060808f3c876824e57e685702f3834d2e13,121,121,0
0x64d91f12ece7362f91a6f8e7940cd55f05060b92,163,155,8
0x9a0d63911620f7fc15c3c020edbe4d7267ea3e4d,9,9,0
0xe45693dbe1f93815265adf4d4555d8a9100ceb76,48,3,45
0x3c1998d878d8e56cf233bda7491dd4676f670a4f,93,49,44
0x2370f9d504c7a6e775bf6e14b3f12846b594cd53,91,91,0
0x47b513d33d6e2b6f071b09cfbd7f4edff29ce07a,341,72,269
0xd33657710bec49876c33e2204184c4d38b873f96,167,167,0
0x0fd75d9123049b082326868e57139468ed4ed13c,44,43,1
0x61028f622cb6618cac3deb9ef0f0d5b9c6369c72,187,5,182
0x71018cc3d0ccdc7e10c48550554ce4d4e3afd9c1,72,2,70
0x04c90c198b2eff55716079bc06d7ccc4aa4d7512,373,373,0
0x0f879965740cc28457e8403a2ff6f796d707e1ff,50,2,48
0x236672ed575e1e479b8e101aeeb920f32361f6f9,267,9,258
0xe857734840dc188b4283d5af14ab8685467ab87d,15,0,15
0x2091457430924515e23d7cd4e6a23d2c01fd446e,51,44,7
0x3903d4ffaaa700b62578a66e7a67ba4cb67787f9,292,95,197
0xc710263aa825da26b82b76c83dfaacb4a2ab5efd,64,63,1
0xb2e4e69527d57fa108c535721c057075a7a82e86,186,137,49
0x8cc2671da0f0e4a7f92b35b4e23e3cf71054fee0,62,39,23
0xc9677cd8e9652f1b1aadd3429769b0ef8d7a0425,97,34,63
0x33308b19bdb7311f3d96c3e24bb05f960b1a445f,42,0,42
0xac0f9629ade8446927bf4d4b66e6e6e7af80a3ed,98,97,1
0x22d4c35a4f2b229a928b1b569b2f60225976426a,392,116,276
0x23a9c477bd2e4a492a5a83e2d415a7172145c3be,347,5,342
0xc87537b7ae7311766ac789213d78e0a019e3d69e,403,283,120
0xb8692e69a01d480c48bdc246044fd53e74df469d,61,61,0
0xa9cb55d05d3351dcd02dd5dc4614e764ce3e1d6e,141,83,58
0xce735f825732f23ce52674e3c5cc048d461637d2,151,65,86
0xfa1eba2c29806d2f462c778a62a3da33fcd90f7e,76,53,23
0xfb7d186e24e128be1f1339fb9c2ba6fdbd87c6f9,161,59,102
0xa310425046661c523d98344f7e9d66b32195365d,443,432,11
0x64c2efcf94129656f1c859e92120252844162513,158,11,147
0x610515341ec8ddd0c1499dc3a96e9c2eed873409,140,16,124
0x03e99afd576eaf6b818d58a4efc59d2d0cbf1678,198,46,152
0x926baa7445d56d5e8632046409cdc7d5844ce344,290,68,222
0x1d96ee1c333cff3ce2a860fc79b10fed86304a43,35,0,35
0xc14c90973732fdf33deefecca12c843e0bae82ab,72,0,72
0xefcb0688c679d99ee1b78876e11ebe5be2e4292b,459,171,288
0x84d821f7fbdd595c4c4a50842913e6b1e07d7a53,52,52,0
0xcbb2f3f0887c3cb0471d1c2a4044ba0702b5ec45,46,2,44
0x415f65adfa35bc957507944554492c75ff1dc45f,224,205,19
0xa3332d74bbf2a4b93d2cac74a5573e105ae268c4,124,70,54
0xdb8951ee3d827a533db0d953b77421d87a10b353,48,1,47
0xa4a6848b22b2ff45d32e88a02c5ad2eeabd6763f,159,116,43
0x009668a9691e456972c8ec4cc84e99486308b84d,220,2,218
0xe014666e0791076f56c6143df8ba510b7cf3512a,77,77,0
0x36a196993805e2e57411250864e2faafe33fb945,173,0,173
0x8798249c2e607446efb7ad49ec89dd1865ff4272,474,474,0
0x9934ecf8a194a05e59a45838292ca4890120d396,41,6,35
0x3e70227d9c1d02f48ca5c90dff7a6cabfb5934f3,105,104,1
0xb156adf8523fdc6152affdba076a2143fd7e3c69,141,110,31
0x913fdb91e6a9410914ad6f1eede22488300cd941,51,2,49
0xc9d8f15803c645e98b17710a0b6593f097064bef,117,117,0
0x52887060b33c8527721f74e9cd531cf350b0ab2f,29,0,29
0x7350b11e511695f51d8182aa899f6e6aa59061fc,111,83,28
0x814b02c1ebc9164972d888495927fe1697f0fb4c,318,318,0
0xf9cf177bf777824952edbde021eac8cc5c45f681,44,43,1
0xf64e6fb725f04042b5197e2529b84be4a925902c,159,133,26
0x85917d42315734cfd735e1c35469ed685de71d80,30,2,28
0x489a4c0ce6111cb9146d3675054a0ff0128a6b71,41,40,1
0xd9a0139d78fcb906b5a39a9e289a7ae846f29798,45,18,27
0x195847eeeaa0865605ea3045f7c2ebb5f8f19651,96,3,93
0x4d635983382b90ecc9e9d467f5dd4511368d1d57,82,82,0
0xf9f5d80e053f1a40afd9b75cca443d15f4f25f04,156,29,127
0x65c84648bcc421d87f2c594638de560d38c45e6d,14,14,0
0xf26759ef1d63de6b3fc45dba67b0571020d21241,41,32,9
0xe786916e1daa92d5260bc990a86103b617c51409,95,95,0
0xae12c5930881c53715b369cec7606b70d8eb229f,101,84,17
0xfa615d59ebe8736527e36b32364012e9db8dad06,87,1,86
0xac99ad5568d5d4ef7c4e0259ca73c492b11fcd42,30,23,7
0x6d31f9e190801483b211be84d51af10978da3bf0,112,96,16
0xec1b7eb3d3cfac7027fa60b5376e5eadef4f1300,78,78,0
0x491604c0fdf08347dd1fa4ee062a822a5dd06b5d,252,241,11
0x0202be363b8a4820f3f4de7faf5224ff05943ab1,205,198,7
0xd5fe54a4af685e7eed64bbb042282b2a7ec0c87f,54,54,0
0xc673228ca99c55b0f88880f971b14d7e161c011a,123,3,120
0xb7d1cd8775fc723d7604c005124fbe4121aced8b,80,3,77
0xe5a3229ccb22b6484594973a03a3851dcd948756,372,372,0
0xef9c21e3ba31a74910fc7e7cb3fc814ad842ad6e,192,2,190
0x0e116154d53c89803af778aed251103096b7a67d,231,152,79
0xbe6d1fbfd71b1a5a2f546df5dc0fa3b080626be8,133,71,62
0x3adb04e127b9c0a5d36094125669d4603ac52a0c,56,36,20
0x0cdc3052f7a13634ed1f30abae4b92953dd35fa6,147,66,81
0x0e043e39e1f9382e4b3cb9b859a1452a93993be7,147,4,143
0x52e66ca968010d064938a8099a172cbaaf08c125,110,108,2
0x77d34ce2a73166d82d990432ed2e7c14c39539b2,51,51,0
0x430ef9263e76dae63c84292c3409d61c598e9682,133,77,56
0x1fee5588cb1de19c70b6ad5399152d8c643fae7b,47,47,0
0xffffeed14c6c4c3cfb897526fa4a23b2f862833b,421,10,411
0x062e6604ffa8d4ae459df58aec848a2d3171d881,93,93,0
0x6e8f13c63a4b45f951bbfd1465518c3dcf632ed2,34,25,9
0x19248acd9af5d0fc0606fcdf1e5365b18cab8406,157,30,127
0x68810fb2b13d48b2f4a0fb1fea2397a2a106ad2d,32,32,0
0x4218948d1da133cf4b0758639a8c065dbdccb2bb,65,3,62
0xb4c6811435d09bac109fb1bd1492740d45160978,35,34,1
0xc382e04099a435439725bb40647e2b32dc136806,98,98,0
0x0215cc1eed633665d3cd385f7a891df616ab1706,117,1,116
0x50beffd8a0808314d3cc81b3cbf7f1afa3a6b56c,99,4,95
0x7c4fa5d6a6ad98195ec60678ac4048e5531618c6,186,4,182
0xf3ae5d769e153ef72b4e3591ac004e89f48107a1,354,217,137
0xf7ee5b608d1b96ef828815d64da2bb8cc05c399a,151,2,149
0x8ca4ad3ca9a6d20d56b443626bb30b5088202fa2,24,23,1
0x23e74d969ebe2e269e4d03477d95f128f47fd2b1,48,48,0
0x6e9e6bb4b369c809d73012bd12baa98d1d85f462,20,19,1
0x2761d225a3bd0f308c5481d0fffff2442e7fa98b,139,4,135
0x2e9d63788249371f1dfc918a52f8d799f4a38c94,126,126,0
0x4ae6ca23ead67b714bd71195c2c3b71861c7aa8a,35,32,3
0x87a3747c9942d8351cc85aac2f94807b27a37c0d,87,19,68
0xd61838a1829231cf6681e6c308053e92308ad76f,67,66,1
0x2342cf5bab24b863ec933d97d1aafddc972e8a9d,81,2,79
0x2f7ccd382345965cec776f6e7777837d14229638,156,98,58
0xac14864ce5a98af3248ffbf549441b04421247d3,190,144,46
0x154874ab720ca3569b55806cb61abba7ccd6e4ae,220,134,86
0x5628d47c26f2f7cc21443614188ad4aa2cc3b4e5,68,46,22
0xd590aaf48eae15c9ba0e893692e0d639869272ba,23,16,7
0x625d9e54d4346bc8c1b377e8bfcabb64bbb8dc89,66,63,3
0xd6acd704f1d8e007d934e1ec64838af3c8818015,159,12,147
0x72263a0423867373abc83e71b9b551582d4ffefe,234,201,33
0xc7ac0a8705ab032f9ae77b7fdd42cf84c0268dd1,35,0,35
0x8589c7718aaffe4de692e8136f5d09893bcdb765,72,72,0
0x58086c15079d07d690c8c1b08720425103b95803,123,123,0
0x71b928c299d6e227462e0753b828f218c6aab1af,360,359,1
0x2ceac5e021efd3d6d770fe9c403996afc4db36a7,45,45,0
0xdd70af84ba86f29bf437756b655110d134b5651c,167,95,72
0xc6d556c34a179a224aebe42e77c6e76594148b97,177,9,168
0x8088f435f3f33d00f3454df357f28316c2fffbac,47,1,46
0xb56a1f3310578f23120182fb2e58c087efe6e147,103,32,71
0x5895b13da9beb11e36136817cdcf3c4fcb16aaea,53,14,39
0xb9a4a79c424a385e5cf719e116ccb5b68461e7cd,84,49,35
0xba3e5f8b4200a5eb856ff2c3e001ab29444491aa,37,37,0
0x9401518f4ebba857baa879d9f76e1cc8b31ed197,264,8,256
0x1a87077c4f834884691b8ba4fc808d2ec93a9f30,68,17,51
0x495f1ec64467539cad047629086e3cd95459e374,89,1,88
0xf7718f0309838337e3e02546b2e0f87d7c8ed58d,87,59,28
0x3e69baab7a742c83499661c5db92386b2424df11,127,44,83
0x9ece069523f02b69a042b15f58d3834d22b8a26d,280,1,279
0x2a15dfac1d5567dec8560e14b2e551a7a4a23dc4,80,79,1
0x35b7d1fd19ae93f8c510e1b152bb4bcf0615a505,62,59,3
0x7a41e410bb784d9875fa14f2d7d2fa825466cdae,424,175,249
0x05e0d5f4d2f937c1146a8425cb1e92723310f191,132,1,131
0xf17e65822b568b3903685a7c9f496cf7656cc6c2,139,139,0
0x39a851da97f97c64c64f6782b4d166e0b55d5eb6,32,32,0
0xeebda3866e162fcec3db1a8a70fc1eb74e68e25f,137,101,36
0x7ae0d42f23c33338de15bfa89c7405c068d9dc0a,93,2,91
0xc16b2419494ae0604432297d40cdf0e8d68de8d6,170,57,113
0xf8c08433dd41eaee2e424c9e91467ab27772d9ec,146,14,132
0x125e7d9c33ca878fa6a151662f6770e61e09908a,47,1,46
0x2950639f48edbfc4625e0244d35987aeb4e6cb63,224,13,211
0x78f190efe7b9198b76207f14d90ba96fb782680e,184,170,14
0x6fe56c0bcdd471359019fcbc48863d6c3e9d4f41,397,397,0
0x13bf84c626e0e3cd92aed83fbf288acb4f3ec8d8,92,4,88
0x828011c75c71d2149d4625b3ae9d57e9441a9825,100,22,78
0xf39c29d8f6851d87c40c83b61078eb7384f7cb51,113,26,87
0xe7acedec9b330c27aa1c103f473eba6401c9f7bd,102,8,94
0x86c2fd70688453b485a4eb81a5073ca9bfb701c6,242,93,149
0xd084944d3c05cd115c09d072b9f44ba3e0e45921,123,123,0
0x62eb144fe92ddc1b10bcade03a0c09f6fbffbffb,200,184,16
0x7c4dc14eb57de02c2ad3d71ff58d2394ee39eebb,285,62,223
0xb8f9bfc712e77f9dffe22ea8f9adae8d4314d0d2,93,91,2
0xc3f8a0f5841abff777d3eefa5047e8d413a1c9ab,160,64,96
0x3ed1c90f3b0b7812e78151f43b846bbbe8e4d421,115,69,46
0x2d6775c1673d4ce55e1f827a0d53e62c43d1f304,390,390,0
0xa8e9a8c6bc3a29d1ac93c41238cd881aedec78fd,46,45,1
0xafe2c381c385cbbcbb570d8b39b36449be6b35c4,118,70,48
0x131157c6760f78f7ddf877c0019eba175ba4b6f6,105,80,25
0x04dc37b220a055c5f93680815f670babcd912c2c,85,5,80
0xbc4ca0eda7647a8ab7c2061c2e118a18a936f13d,482,83,399
0x63e75e367ffd4e47f2a32e2e1b674f12b4f40623,22,21,1
0x2e8349fe39326833de048e63664f570a2a9c8904,58,48,10
0x4da4c01b3db8f298a2f49ca07842f00b460cf237,51,17,34
0x685b7705dadf92212c2910e41159d15ae0e10a75,72,72,0
0x4236f7324469ec26dfa0370e7ec017d99536b674,83,83,0
0x9ac70d7d63701e230446885776818d7734eb33f6,346,65,281
0xb9eee9dbf9f4815524e532164e44694b6232abc0,46,44,2
0xece8531550fc599ccb2c7734494fbc358d0a9483,226,66,160
0xc2bbacc2cefb8aa233233caad4746fcc29f6661c,64,2,62
0xc3be2b71800a9ea49ddaf76b4d45c3b027ead6cf,49,1,48
0xe94deb6ebed282ab8a9610089ee5b0afc9d9a018,185,185,0
0xa4bc3207aa638a30a3cc6a23e71e311bfc7bf689,314,265,49
0xe2ca7205e609dd383a6a83a7591f2f9182ab1b7b,51,15,36
0x90085fb517a0b46676b3efc6a56e255cbd0f22b9,80,80,0
0xe440654a00b757446b4914c56ad56a804a6bc6af,88,35,53
0xd50faccb745b6983111bb95522e0e7889eb35724,52,29,23
0x29b062eea5700591aa4ff763a1cade4877e8987c,103,46,57
0xf25c5932bb6efc7afa4895d9916f2abd7151bf97,54,54,0
0xc934e429360e2b55d5ba95751d31d3da1e3410cd,248,234,14
0x8a2d988fe2e8c6716cbcef1b33df626c692f7b98,68,43,25
0x099689220846644f87d1137665cded7bf3422747,244,15,229
0x8f57ae7ddde63412509e71997b2438a3e6dcb763,169,169,0
0x84db02930e0f9c1c68679726e6b1e0d2f41c7cc3,40,1,39
0x4ab4fb27052c1f6adbf81125379e54fe1e81efd4,69,68,1
0x735bd0fae92d460b5c6c69a3eaa1db5674da3d35,93,41,52
0xf56408077487cb879c992909c5b5c66d68c02eb4,39,39,0
0xb0218715e1107961e6685b1acf5c65ef96d44bf9,403,337,66
0xdc7d40722422066381b840d531251b31c480b699,21,3,18
0x4c8a326e9bc8b76db1f6f58eab5ff936752ff51d,232,60,172
0x429ca183c5f4b43f09d70580c5365a6d21cccd47,463,77,386
0x3063c77c4ef5c1de185321ae2bc5675e17344f7f,61,49,12
0xe1030b48b2033314979143766d7dc1f40ef8ce11,147,46,101
0xccba0b2bc4babe4cbfb6bd2f1edc2a9e86b7845f,130,31,99
0x620b70123fb810f6c653da7644b5dd0b6312e4d8,318,234,84
0x9984bd85adfef02cea2c28819af81a6d17a3cb96,103,2,101
0x90b3832e2f2ade2fe382a911805b6933c056d6ed,84,65,19
0x2963ba471e265e5f51cafafca78310fe87f8e6d1,209,11,198
0xf8a35605a1317e666b4945c9e452e93c5f044673,400,400,0
0xd59e4fa2e3ba26e386e964f697ae9289af05a502,61,53,8
0x496299d8497a02b01f5bc355298b0a831f06c522,175,34,141
0xe4812b063daf6345bd16e2c9ed285ff5d740ae09,111,98,13
0x35b0ecc952cef736c12a7ef3a830f438f67912b3,351,350,1
0xed595cfd58d32bb9d200aab5b9afd9dbdebdf9f4,159,159,0
0xd4809cb2537c11525ee4f624367f674c385e301c,20,20,0
0xe80c0cd204d654cebe8dd64a4857cab6be8345a3,119,1,118
0x25cd67e2dfec471acd3cdd3b22ccf7147596dd8b,206,204,2
0x7c2e2ab0c04b3f0ec882ceb41462e8c998f11a65,147,20,127
0x656b9e24de2e41a94a7dbbaeb3937777cf34e448,175,116,59
0x355891dbe6bd9e1856ae2d293da9d1f411ef991f,69,2,67
0xe3bf8660426becbcbc66bf3b6d255aae6203d5be,166,58,108
0x05287b5dfd2a570a9311861fca3eb161c4a1f3ae,286,286,0
0x6a4c76874e686a7d080d173987a35a9c48905583,62,62,0
0x5c8c8d560048f34e5f7f8ad71f2f81a89dbd273e,96,58,38
0x9385625f808a8749bb00398e04718a76c1de5c40,80,29,51
0x48783486ddd7fa85eca6b0c4ae8920bc25dfbcd7,193,193,0
0x352bb674cd16ad62eeb2266809c9c2a395166c56,243,44,199
0xca21d4228cdcc68d4e23807e5e370c07577dd152,417,164,253
0x059edd72cd353df5106d2b9cc5ab83a52287ac3a,460,460,0
0x9fb256ef5465b33a766ece2f319c178376f6bbf8,63,63,0
0xc481a850aead5002598b7ed355cbb3349c148072,52,52,0
0xe312cfbd731ba5f393bfbb4743bc002c5f676f79,305,258,47
0x09f717f77b5e7f2d2f37604fec3d0e3d53eb9808,115,47,68
0x12d7b28a055621f4ba0c146d1728082ecf1b9390,31,31,0
0x3f948349daab5607c8ec3e7a6cdca9f825aa8e1c,4,4,0
0x757f0e9e8a4f84650ae94caab516a00fd7fb2961,90,1,89
0x20bbec0d4ef1cf8f903ef071e8cd15a3c02f301a,113,17,96
0x92545aa3524e59fe383c2cfb703f5cb0ce6006f9,76,0,76
0x84f6c4b892547a6acee98a3954bc2089f97c43f3,97,4,93
0x56a86d648c435dc707c8405b78e2ae8eb4e60ba4,101,98,3
0x63076d11041ce966180280d3d3e87a75afc3dd5c,69,68,1
0xf7686cf0d88b3c1b474ec76735b4e94a0c3a28f3,340,106,234
0xd0a69fd9da28840603fbd76a8a0bccf0adb979e8,166,12,154
0x702e43601e6353dc0f74d169e7250b91a269d5b3,17,16,1
0x1a7768f279666c808f3bbbc44955bd87560189b0,99,99,0
0xd62899a44ddd9c57a5320d86c421123f8ec4c6bf,152,99,53
0x72710727a1cc4cc052b19c3d1ada79c0e0d90fbf,48,41,7
0x2ab6bb8408ca3199b8fa6c92d5b455f820af03c4,198,198,0
0x773c74a6af9fc8ffcdcf46155caa9f68e0eb774f,60,2,58
0xe6602b34d8510b033e000975b3322537c7172441,78,25,53
0x8dcb8b2d721c022552d826f8bcf2995747248d31,322,63,259
0xe0d68717eec8b702ca795098bf5997e178c125ba,23,18,5
0x716f29b8972d551294d9e02b3eb0fc1107fbf4aa,332,193,139
0x912a19f510b1cec1ac292e140be4f250a6840de7,51,50,1
0x304243a820d4a3718becc89a3f33513586162cf0,93,89,4
0xb82929f842fc30f395384067d144b12af9715c44,27,27,0
0x1552cd2805e1b15d7f28eebb0b1f566f29df91b7,27,26,1
0xc723302d2c00e37814dde01e9d3cfb336705bf21,27,0,27
0x4b3406a41399c7fd2ba65cbc93697ad9e7ea61e5,139,75,64
0x86b18d285c1990ea16f67d3f22d79970d418c3ce,77,57,20
0x3708b86fb5c879e1ec06eee4a608becf64c95744,99,78,21
0x7b32982a32bb71150fcaa99bfbaddd72c1775a10,285,40,245
0xc191eedd88c236180e69f62c1a41c1240355f5e4,72,72,0
0x40803cea2b2a32bda1be61d3604af6a814e70976,54,54,0
0xd48a5b0c8bc760aafced576504fcb884a2cbeb14,85,1,84
0xfdaf1168cafc74ca359b3184860dcf37fa147cd6,67,67,0
0xbccc669cb89041aafc7834cc7a07c8d94b697791,167,23,144
0x3ec8798b81485a254928b70cda1cf0a2bb0b74d7,80,80,0
0x684e4ed51d350b4d76a3a07864df572d24e6dc4c,262,245,17
0xfee8d0abe3b894b4242f667251be353ed57845da,31,0,31
0x40eb746dee876ac1e78697b7ca85142d178a1fc8,75,1,74
0x7f4dd825f2e9cb89ae1091134c65356ba36dd50e,66,0,66
0x0f7f961648ae6db43c75663ac7e5414eb79b5704,239,46,193
0xffa397285ce46fb78c588a9e993286aac68c37cd,56,56,0
0xc05a4ed46ef5b0678d56fff5a877b4b6b32077bb,41,0,41
0x0e099d20e5f8fad56c3bdb18fe499bc958248251,206,2,204
0xca7cbac9599e1703ec3a628613772349de3a6710,22,22,0
0x649a8f180276520bd521fd478d8094826a4e5c61,290,25,265
0xcb1db96a5bc140861104b546d4a416b6e39f8e32,260,250,10
0x65c58fc083a0ac8a3461e8e91a600d2838a294db,16,16,0
0xd2f6b9225ed446c1b445ac0656c8ccc97d096fb8,150,149,1
0x306b1ea3ecdf94ab739f1910bbda052ed4a9f949,416,264,152
0x53d917d66ecfec3ef379434b0ad481e4ddedcf66,93,80,13
0xddb3422497e61e13543bea06989c0789117555c5,360,360,0
0x54d59c4596c7ea66fd62188ba1e16db39e6f5472,216,216,0
0x34f08f2a3f4a86531e9c4139fde571a62689afec,115,66,49
0x13bfb6bd5b9e1e943dc08c1ff7b8fca2d06b20b2,462,230,232
0xfeb56aaf59f8c17300f4d8306365a491b05b6602,129,6,123
0x8ae0d617f1a6f6d3fdb2b398f4814bebd3939ddf,137,90,47
0x7d1381587af48d1a90d3bd5089119b5844c913ba,31,0,31
0x569718d9e7562312cebf9316c31d000c80d542e3,120,61,59
0x361d9583614e2e47305eb0fb95aab6f66f436bef,133,130,3
0xf250313c48ce3a522caa6b25998b9248b34bfc0d,53,52,1
0xc1762ff4406330caeef8a8a189947e27b0b87341,54,53,1
0x412acad86ffa3b287c1043ab4e56f7c4a6a9e385,173,22,151
0x20ec51ce2b1fd7425521d6e916cafe9a0a91cef5,124,93,31
0x5b4e9a810321e168989802474f689269ec442681,98,16,82
0x90efb5f0dae691ac3b19fcd229b3843414046142,81,4,77
0x151719ae9aaeb0ac0da9650968980475d4df2817,58,54,4
0xcc7ff3cdb2c6e5dd7969c3e4589f8ed284594774,52,51,1
0x27c08eedbf56fb51ac5d13727d1c9476e2b5cd7b,22,22,0
0x6e92a68f85464a47491331945825a5745066b771,91,0,91
0x54f7a006bcb479b85a8d1f969056234eff1c18d8,23,12,11
0x1657e2200216ebacb92475b69d6bc0fdad48b068,143,76,67
0x29aa0bf7e7bd17a201ac9270cdd21bdd53d2abb6,271,144,127
0x1e9d0bb190ac34492aa11b80d28c1c86487a341f,153,19,134
0xfef4185594457050cc9c23980d301908fe057bb1,191,109,82
0x9508f760833b82cdfc030d66aa278c296e013f57,120,119,1
0xd7a75a1b17dd9552bf62e438c58bb048a5ae085e,34,30,4
0x1338b785ce4d54677cde509931af4b37a5f3d17d,94,15,79
0x6f289adb10ed4636b6d4dfb33c4fcb6b6b1f1d66,26,18,8
0x4691b302c37b53c68093f1f5490711d3b0cd2b9c,210,53,157
0xec6963b0ce0e83d58aceb4818ecf9f3b4128450e,118,89,29
0x588230ed92012aefc6bc8c387024f5f15489165e,38,33,5
0x8d94b8ea78a51d783a413c73811511c900c8f365,57,17,40
0xa37418780ab7e9f3659f4e5b245484e7bf8a30d9,61,45,16
0x032a7bc562719e4a7fa43b7d2608a494b8fd8868,191,134,57
0x311eb72906c65d1b11432e9ec862a084a9b397d4,204,3,201
0x7b7dad77e4090160f9cb6ba57a5a774c12d4c28a,205,205,0
0xfa7af64fb565483df3015ccc500263b114b587e1,23,3,20
0x6c4648aad676e2dda78c1c58b888b13bebf428b5,32,0,32
0xeb58343b36c7528f23caae63a150240241310049,321,321,0
0x6b00de202e3cd03c523ca05d8b47231dbdd9142b,115,27,88
0x806bf9a1c54d76b86ed1c871e38c6d373ce6c809,297,296,1
0x22b6c31c2beb8f2d0d5373146eed41ab9ede3caf,93,93,0
0xfe1e98f940e211eb72c81dd337b8c76c80b82ff3,33,33,0
0xb047f45188398023238de91c08479bb426c0afd7,81,53,28
0xd4c7d17565de4108dd1d01877d9424f899e058d8,30,27,3
0xed4064f376cb8d68f770fb1ff088a3d0f3ff5c4d,36,36,0
0x255aa6df07540cb5d3d297f0d0d4d84cb52bc8e6,373,373,0
0x6895f2cfc5718caa11ceed437e5f38d45c30f07b,45,41,4
0xaab679e21a9c73a02c9ed33bbb6bb9e59f11afa9,215,8,207
0xe25c43b59c04030bd9bb393f77d9f7da1bdb73b9,117,6,111
0x569ae11686f1a6b3182224f6b041f50d4eb758e4,20,20,0
0x2ed251752da7f24f33cfbd38438748bb8eeb44e1,4,4,0
0x7ca4408137eb639570f8e647d9bd7b7e8717514a,168,168,0
0xea26c4ac16d4a5a106820bc8aee85fd0b7b2b664,394,394,0
0x7ad403dfdb0125bd941c3a29801051f89681e9bf,52,0,52
0xaf9f549774ecedbd0966c52f250acc548d3f36e5,240,240,0
0x616a549dac470585d32a119649039f2e09c2098e,63,0,63
0x98ef4ce5fc49a3ade9b241da9b1d60de86e32aa9,38,38,0
0x26a65227be0973f455945d7f89a7a539b059bf78,33,32,1
0x7b4328c127b85369d9f82ca0503b000d09cf9180,158,4,154
0x87cae5606f8db56e607a6508eec830ce32514f51,52,51,1
0xb5a1b8ff19bd3cd5b2671606f7d5ac64a85b7a37,129,89,40
0xa9c454abac6fd0d177af04c92bfd0445c2a99eed,69,38,31
0xc7d84b7d4a04abcb9ade97b8af212423f51d2aea,227,64,163
0x01a1f73b1f4726eb6eb189ffa5cbb91af8e14025,123,35,88
0x1b61b3c844a8e986ae75448857fac881208a1e5e,33,16,17
0x566309d3523a216287bfb39c6b6bbb3a504ef5f0,58,58,0
0x837d420bbb100a12d8483b3cb5a7291261bfe710,64,39,25
0x06bc70a8b30609d70149f0dbcb65b2b8cf6e917e,78,40,38
0xbacb34bcf94442dba033e9cf7216888b8170f0ce,111,109,2
0xd374410e9bb22f3771ffbd0b40a07c0cf44a04fc,140,15,125
0xeb4c5ab9b36437f969888be99af42fc9087005a5,54,54,0
0x2781b28934943f51a8a08375d6f95e0208d7150e,25,5,20
0x138c2f1123cf3f82e4596d097c118eac6684940b,389,74,315
0x38333e00484e410b5d4e93b3b433885d12d76e86,226,60,166
0xb4ebc2c371182deea04b2264b9ff5ac4f0159c69,239,31,208
0x038bb7cd980a0803cb74f2fc9620981f846ae7b1,37,0,37
0x85122a589fc2a92cbe6c6606e2b6661fedfa67ee,54,22,32
0xa096f609f66328c27c3bdb7d78529d6d615c771a,30,0,30
0x35e1402fa69c60851ea8b86f04d823ff41796a51,255,109,146
0xfe190723a465c99293c4f035045c0a6880d25dbe,462,53,409
0xd8a785a6818dd38be350dcac7b8a1c4ae65f09a3,94,63,31
0x9e8a92f833c0ae4842574ce9cc0ef4c7300ddb12,329,327,2
0x0a1e21c169ff261fe6f370068a4f71c25f096a55,376,32,344
0x858aa6f8e7a344b6bd6879a4517d36e22cc92555,178,124,54
0xf91523bc0ffa151abd971f1b11d2567d4167db3e,267,0,267
0x55e0f7a3bb39a28bd7bcc458e04b3cf00ad3219e,90,90,0
0x1e845fba4bb4437558707c5bf005246874736f7b,195,0,195
0x47da5456bc2e1ce391b645ce80f2e97192e4976a,172,172,0
0x3adf71d5fbb59e32730ceb8e6605af958a204e6b,220,50,170
0x5bd815fd6c096bab38b4c6553cfce3585194dff9,368,243,125
0xab2a7b5876d707e0126b3a75ef7781c77c8877ee,47,0,47
0x91094bc91e7a3b86a69980433d0bee55a1d6cbb3,199,154,45
0x3ae3f7558f19690f75eb8a93938c99f1f1f379d5,181,0,181
0x35f3b8f37e9341f289398b70fa2c576dd102df75,147,3,144
0xc5b3d3231001a776123194cf1290068e8b0c783b,89,89,0
0x5bddbfdc228e1bbdb9ef5ca1dc56b54c4d6d6621,195,60,135
0x427dfec6749523423e0e53109f2a081163ee68e3,40,34,6
0xb1bb22c3101e7653d0d969f42f831bd9accc38a5,140,48,92
0x71eb5c179ceb640160853144cbb8df5bd24ab5cc,78,31,47
0x12f649a9e821f90bb143089a6e56846945892ffb,222,114,108
0x4a527d8fc13c5203ab24ba0944f4cb14658d1db6,361,361,0
0xc5ae96ef99832e0cb8409877f47fbfed97004b79,165,7,158
0xbba39fd2935d5769116ce38d46a71bde9cf03099,76,74,2
0xb8e8fa84a25321ed11ad5f054d24b3bb0722ce9b,97,32,65
0xd692ced124a474f051f9744a301c26d1017b3d54,137,118,19
0xc24a365a870821eb83fd216c9596edd89479d8d7,187,89,98
0x41c7cfb8a06ce712b99dfb8992a1e235bce44ec1,58,40,18
0xf1a91c7d44768070f711c68f33a7ca25c8d30268,139,134,5
0x10be9a8dae441d276a5027936c3aaded2d82bc15,159,154,5
0x30575dc53503d4f31edf515f34ada9d8f135c377,36,35,1
0xf89d8127d449d7809a2ff10a35a5c149523b66c0,22,21,1
0x26524e35e44e265eb181c7ba6ec084983181aae3,47,24,23
0xf148438326e50ec1c703cb8fc946a6b5a7884e98,105,1,104
0xdfb22066b609da04eddd6bda885b18d0b2153150,233,89,144
0xd49eccf40689095ad9e8334d8407f037e2cf5e42,72,62,10
0xcf76932ad61672d7719f90c1600f7b9acbf32baf,164,89,75
0x2f4ee6e7f190d477288d3612e4270ef649d33953,84,82,2
0x7c5d5100b339fe7d995a893af6cb496b9474373c,92,92,0
0x2217e5921b7edfb4bb193a6228459974010d2198,69,10,59
0xb56011fbfdafe460b905a40a4845a49c94712272,469,94,375
0x1e4ede388cbc9f4b5c79681b7f94d36a11abebc9,185,185,0
0xcc94faf235cc5d3bf4bed3a30db5984306c86abc,68,68,0
0xffc619dfe88967cba135e82e00dd23cf904f1394,358,357,1
0xbbcd93a1809239e3a4beb1b02fa6f8a83f7000b2,169,148,21
0x7767ead2f1b4b214ceca6b93f4cb21f61dda8010,35,2,33
0x5fce9fc9b5d62af082a59d0823a062f7529efa5a,254,44,210
0xf54cc94f1f2f5de012b6aa51f1e7ebdc43ef5afc,183,112,71
0x76f2881ed261617232d2cdc9b7498fba1640e242,60,56,4
0xa0c38108bbb0f5f2fb46a2019d7314cce38f3f22,287,5,282
0xcc758086e13e99c0e75bbe3bcbe39c4199258381,132,17,115
0x38e6b922545cd931030ad7fb4c00409a04b213c4,29,0,29
0x4961db588dd962abb20927aa38fa33e5225b3be2,109,2,107
0x164afe96912099543bc2c48bb9358a095db8e784,18,17,1
0x08a52b2055ad666240a9491a1dd375b4b34104a9,62,40,22
0x0ff1f3a53f521d74af73fe7433abf802f91ddd4e,100,13,87
0x1d48842ed318b739a2f8d251bc53fefac6d96372,18,18,0
0xa5bb28eecc6134f89745e34ec6ab5d5bcb16dad7,401,162,239
0x12b4bcc0ae54ed4fec2fd3effc832f7b9685ee00,71,3,68
0x5f96fdf27fb8d38d317ba94f642f6be39080c71e,108,68,40
0xa6c1c8ef0179071c16e066171d660da4ad314687,159,159,0
0xb7ac861e409fb56274919ab8f202e9b3dcc22374,75,45,30
0xa1faa113cbe53436df28ff0aee54275c13b40975,260,231,29
0x638b496de69f117da030b5935c0c2a278bc36c3d,120,111,9
0x2b2d96cfe49a97ce3ea2fa71c952b38139fb8457,53,22,31
0xdc12fce52414707f84e73e64e782e1a43278fa76,58,42,16
0x9f8eef61b1ad834b44c089dbf33eb854746a6bf9,65,21,44
0x0197374b08702ee7bd26112abd8b174c068051bb,103,102,1
0xcd1faff6e578fa5cac469d2418c95671ba1a62fe,108,107,1
0xada86b1b313d1d5267e3fc0bb303f0a2b66d0ea7,163,94,69
0xfb28293c75296e10dfde194f3da9a99c29b9fa3e,39,0,39
0x89686fcba3b65f4bdf96c3c69c2db099200f3fa6,140,139,1
0x0f7f90a5274ec882597be323f43347bf73e09bce,92,61,31
0x435ce588a7d5ec64eed87c5c9cd0e60050de3d55,41,32,9
0xe529b502fec3ff0ea86fe63da505ec62fdf4f387,40,0,40
0xbe65296688723dde4d977d22588b5f50afa7070b,101,69,32
0x198478f870d97d62d640368d111b979d7ca3c38f,209,46,163
0xbd091f143ee754f1d755494441aee781d918cb93,63,63,0
0xcfbc9103362aec4ce3089f155c2da2eea1cb7602,133,58,75
0x7413cb703c754b6c5951da49c85ab2f3ddb6792a,4,4,0
0x960bf873da3e1f06a65905456122d6f9d9868648,150,93,57
0xed6c62794e4ed3dec82d00c7ca58ae9512b13eb1,77,57,20
0xa8005fb2278e7b34f4d25ec1d8308690711dfd3b,104,98,6
0x229e44923c4c0d0ef1dd41127d30c50f6b8ac2b4,50,50,0
0xb4e9123bd3ef4df17f8cc6ef7c2be66428cf4931,261,84,177
0xa142c94656fc57b4a8aa725341a2b496df375da7,182,164,18
0x8652168693827ff341f2ad5ad9a091f2a975710a,467,154,313
0xa04d2e019fc4f97645bb85d24dd2fed1bd39846d,81,14,67
0x0efb9579ae285b90c10d0d54c95041c9acecf166,213,199,14
0x1718e4266bae449ea145ab791aaa6b5d977ebff5,54,50,4
0x3b233b7bca413bb7fefb56735b8ac8bc3c280d46,90,85,5
0x64ce124acb65046c8ec62a98dfff4ad8c7626b6b,54,0,54
0xd49ae67a8354b7eb96b9534be2fda66dea801885,133,133,0
0x33825285eb66c11237cc68cc182c1e9bf01ba00b,121,11,110
0xc7b76846de3db54db45c8b5debcabff4b0834f78,112,64,48
0x71e24f80f2f7cbcd07009ad91ccc469d53bb10e0,86,35,51
0x8a14897ea5f668f36671678593fae44ae23b39fb,46,46,0
0xda4128a4fc209df510e9e4483acd059d84620419,162,121,41
0xd938a398a923e7a2c266df6842ee3b0391cd5d90,102,2,100
0xd30a54192b482125b86db9fa230666b0ddb68c2f,110,45,65
0x0aa9d1c726acbfa1ef8683a6b105ef46c5889a7c,26,26,0
0xc8a75cfe4a0b9362ff2e201f960549e875b10e2d,88,81,7
0x1a42fe0bd339cefecb36cc1cf407a6375d7a6954,24,0,24
0xfa7f908fa4ab3b66487c0341f057b265edb845af,31,31,0
0x0000000de40dfa9b17854cbc7869d80f9f98d823,88,2,86
0xf4ded30b6ca5a6a40f56d9fe066a9951571c6e3c,206,192,14
0x67283ee31ea17bb03d958c0386155e6665de5fbf,21,21,0
0xf6d63d48362fd3ee18a9c1ab054017f291f6aafd,67,67,0
0xae619f94d35328b4c15d235d45ac72ebdeca93f9,57,1,56
0x8de878b9b29bfbb33eec346965194a37a83b45b1,234,80,154
0x3d4264bff123e68dba7647469787bc763c6c5389,331,70,261
0xdcc596a145af23a2627936ebcb9518a16bbdb43b,89,88,1
0x54522da62a15225c95b01bd61ff58b866c50471f,335,208,127
0xfee5f54e1070e7ed31be341e0a5b1e847f6a84ab,59,59,0
0x6911f552842236bd9e8ea8ddbb3fb414e2c5fa9d,145,145,0
0xe38359d5fc91c203fe033982b305a52573b85949,142,4,138
0x2ab53acee8410c92b0d6878a69d063dccf556ec9,401,8,393
0x6264e45d7118f727314633d8e4c503d51d3b0d03,345,161,184
0xb6bd46621c3085b7882937a84016be949b6fdd8c,171,104,67
0x0ab185f6f9e8e3fabde5d8e144a800f6b1882a82,341,4,337
0x016cb05fe18c0960a605a3a25320439c20824aac,26,23,3
0x656a6d3081692a7da5d8cff1f8951bd078ec82d5,98,2,96
0x14da230d6726c50f759bc1838717f8ce6373509c,161,161,0
0x65f53a8b88cdace856a2b1813f05f3e876e4f36f,193,18,175
0xaaef88cea01475125522e117bfe45cf32044e238,124,4,120
0x0e223db582e3fc2c47ba39f67a1e55b7a75f09fd,109,69,40
0xa5d37c0364b9e6d96ee37e03964e7ad2b33a93f4,81,80,1
0x97d94ee89d24b02a1c05941ef32fcb83bbb04dd9,97,4,93
0x1247108d553b15bdd07824ac7d9ac363556ba18d,24,24,0
0x88bb0be8202f9c66650e525ebea37febb03564c1,116,64,52
0x569f26145f0c2fcc3da68395be3639009c53b6d8,194,84,110
0x0965811aad6f8d534a7a879d5f5d119d4bae82e6,117,17,100
0x88acdd2a6425c3faae4bc9650fd7e27e0bebb7ab,428,86,342
0x5c38df0cba8dcd7250a14cd2fefaa4c452c74e75,170,16,154
0x618e75ac90b12c6049ba3b27f5d5f8651b0037f6,260,260,0
0x8e83a9ebc6954cc8182d9b9abc711c601905ac2d,38,13,25
0xaebbd7b2eb03f84126f6849753b809755d7532f9,105,105,0
0x20ed6cdf9344b3a187063a3ff4d883b6b1947b81,257,125,132
0xa904f27b1de7e82ba587677ee1f5af0ad0a8c79a,243,243,0
0xd8cc0efbd1c7b0be32b5f4b3613ff3cc4d2af5f2,192,58,134
0x68037790a0229e9ce6eaa8a99ea92964106c4703,115,21,94
0xa3bed4e1c75d00fa6f4e5e6922db7261b5e9acd2,241,216,25
0x4a9f00de5d8a244944313faee23849ff725e680d,85,85,0
0x11095f3f213f88c149f7f8cc00e2b036a079ffff,54,4,50
0x23c5b6cf81d93068faad0b50dc609c8473355ede,60,0,60
0x7a3661eda8f70783213f7d0534c2ed26c11b253b,475,463,12
0x19350eb381ab2f88d274e740bd062ab5ff15542e,16,9,7
0xfeaea5e904d6e8b88888ea1101c59f4084a94557,108,10,98
0x36006894df97a07a649ffabd56ff3c40caf99345,152,52,100
0x4d57b36c1555b48a63feab9f90d38a9b7ebc4419,148,129,19
0x3077674dd77c532b2e2d9945808c900940de50ae,66,66,0
0x0fb3eebe1996d9aa36e77d74ea7f38a9c4c4f0ba,52,43,9
0x7104ac4abcecf1680f933b04c214b0c491d43ecc,143,132,11
0x94f931e7c3e50518afd862ce049e2eb673fc16ba,60,34,26
0xb3d2619bcb83f8ed8cd3436aabd05ad47e6c5230,10,0,10
0x22b1cbb8d98a01a3b71d034bb899775a76eb1cc2,282,66,216
0xca0e0542fc78cb24445cc380e364f41833922508,147,58,89
0x0151f9726d0c056b8c29311029cc43bec291820c,359,127,232
0xb0c1ff8d73b1e191ff72a3d19591194bedd523d8,55,54,1
0x98257c876ace5009e7b97843f8c71b3ae795c71e,328,34,294
0x98f884cb9af48f94da68203cbf80acfbf17ee300,43,0,43
0xa5c62f4a5c7b7454c4754eefa88365e69c11a3c7,124,4,120
0x8fa600364b93c53e0c71c7a33d2ade21f4351da3,140,113,27
0x7a552a49396cb6141926235f76c94abb208f6e43,328,327,1
0x038bb98cf983b043d9a8114ed7c45475b7a6f94b,95,95,0
0xa67e9f021b9d208f7e3365b2a155e3c55b27de71,248,51,197
0xc8aee6151a7f775fc4d5be23c9d4452828240e42,27,3,24
0xd10ef2a513cee0db54e959ef16cac711470b62cf,141,141,0
0xdddc0ae3a8b3700101d1d78b3b0275c72afa072b,213,38,175
0x074c532b1659bc47065a6c4e784f8965971c3e7c,73,2,71
0x3881048368ddad20005d1453800e0a4039471479,181,171,10
0xdfa5aea0d5d591f418dfb4116fc9c04643825bba,30,10,20
0x75e9abc7e69fc46177d2f3538c0b92d89054ec91,129,31,98
0x7c770076e40b55bccf441074ed57dce00616cda0,145,144,1
0xb0eb8487ef785122d2d04bd4194c17685eaeab2a,92,54,38
0xd1bb5afc41bf57a04e5729f7bf9276e8f300b417,92,88,4
0x66935172bcc9322bf8ac16c41c8e489d237b8fce,157,111,46
0x7deda0afe6df3da6a85a87b371f8b464c30c6803,113,3,110
0x4a44be08516b2a10a99e92bc31f4e924d0ed2fb5,54,1,53
0x03e8d58c103ee6f15337fde1f1c7d0e5b18578c6,440,439,1
0x53530d8094ba4b8382d570746539c952c54ea240,42,3,39
0x59462feab184428cb7caf4a6c885ffcd84fa2396,92,1,91
0x537b9af55dadcad9d22309e5b8ce35cffd8c1925,156,46,110
0xc5db94d706e240a8083b22e7f51cd9539154cc22,54,6,48
0xf7d90652b8d267a6e011fe629dafe1e3719917a9,159,158,1
0x64ad353bc90a04361c4810ae7b3701f3beb48d7e,321,314,7
0x5650ca3f0289c762f83dde1894faa9b6d0d89798,390,390,0
0xb711bac062f74c5c6d4a2cb55639a270881a12ee,51,1,50
0x628e1ae54610f6c553ec227019526776351cb6d4,67,56,11
0x37fc4b48ce93469dbea9918468993c735049642a,60,2,58
0xa9cfc6d2c3a5c9a3702b730394287f836778f728,47,2,45
0xeaf101970c7cb6f82e9bb51f0879f93ed56d4f50,83,0,83
0x07cd221b2fe54094277a2f4e1c1bc6df14e63678,219,165,54
0x71cc8b0ce35bee7467f7162ba201965bb10dfe68,105,10,95
0x0316eb71485b0ab14103307bf65a021042c6d380,313,307,6
0x0ff10e92c5f3d97439c42fec37d3f84de97d7790,98,4,94
0x4f7e2a72a99d45f4fd5a2fc211f8dc5c36a049bd,117,116,1
0xf487f4102adecd1d24b63c66b5dc5ed3718f7a0a,303,9,294
0x9440e5e537b730d138a6d6392eb29d0245150e8f,36,35,1
0x64e45f6735671b07390c34fe2af2054da12876f9,210,207,3
0xf1264e771b24d5f1bde8fb6074ca34e48df257b6,379,373,6
0x20bd0551f05dc40117d6b91dfa9f67d25307d1d8,306,47,259
0x51f96a7fcf1d81c1c634d00bcbdb4648f6504ef4,197,0,197
0x21ad647b8f4fe333212e735bfc1f36b4941e6ad2,45,45,0
0xc11637b601cc0f271a6141dcf20872929b208b75,81,80,1
0x090d32fe14dda07d820d54c0514a351725a8fc1a,74,33,41
0xc0cb97a0e22e9c14fb0b39da6cf6ccdab8078fa9,154,40,114
0x9b00e6e8d787b13756eb919786c9745054db64f9,104,56,48
0x9f1f2696f4e8f138c1cc92361960665cb2d4617e,100,0,100
0x60d9b4f9d85695274a5777537f204675082bd745,230,5,225
0xb46e200071db640dbb2a72991248a50061cbb9b8,56,0,56
0x2af743179e9d464c9bd687e90bc18f5ea146950f,272,100,172
0xf220db48f0d3ca8a9833e0353e7497dbceae7ac6,282,38,244
0xb361c21ced81ae39ee41083ea2126936133eb20c,229,40,189
0xd23367155b55d67492dfdc0fc7f8bb1df7114fd9,97,44,53
0x87d598064c736dd0c712d329afcfaa0ccc1921a1,203,187,16
0xba2aa4b18752e75e210fba0424e565af3afb8fc7,306,306,0
0x37c8896198b623cfd0d22c686a861a483edc6e4c,46,46,0
0x719d06f171f4979e1be5b3d6997033f177c34e46,18,0,18
0x2278e3d96387b46ccdd4f48db740f8f5f1b17cba,26,1,25
0xea6504ba9ec2352133e6a194bb35ad4b1a3b68e7,158,8,150
0x0219379399b46f898a11775a6fc7bbe6de55f7a1,102,90,12
0xace8a2d0f41702161d8363eddae981e844c35c6e,182,22,160
0x0a76dcd25c9edba6639d2b3f77f8ad522622f548,124,2,122
0x43e9103650ea0462afecf35b6b46b745a4eb4fab,82,52,30
0xc9bee5e3eec9188c5e357e34531ca6912d8f2718,96,0,96
0x8d133c7e7d54a3ebbcd75cbeaf6b0b69971c96f4,27,25,2
0x00758fb0c83a68b6ce4fcf1d2665600f3f0e4570,161,60,101
0xe5884fb34d47482e1ffd89f928c6985253f3eb5d,90,2,88
0xcfcfb4a650a36198cb85960c0610662cf6a4dc9d,101,2,99
0x9e9103b91ee813dba47d5fcb82830262fb6c383f,37,37,0
0xaf1250fa68d7decd34fd75de8742bc03b29bd58e,306,306,0
0x9d0b65a76274645b29e4cc41b8f23081fa09f4a3,81,3,78
0x2a8bf7cb9b8970ddae479a2d3c66459145c38d3c,73,55,18
0xc46077aae8f87b10be3a1fe8e4e69ee135ec6759,102,100,2
0x70732c08fb6dbb06a64bf619c816c22aed12267a,350,19,331
0x9205c049c231dda51bace0ba569f047e3e1e9979,206,206,0
0xb1469271ff094d7fb2710b0a69a80a01ec5dbf24,135,135,0
0xd26e223018bfd1d5230416dafceaef1db0b092da,130,129,1
0x04d80f282701aa827d81ceb87a204a21cad78d64,51,50,1
0x33b137581da26941b7d9a11f367dc76ece7b24c5,42,22,20
0x6a99ba86ddfe67fddfc340159fb7b43db5f90e4f,26,17,9
0x7e3ef31186d1bec0d3f35ad701d065743b84c790,217,216,1
0x327682779bab2bf4d1337e8974ab9de8275a7ca8,232,232,0
0x741dd3e9f762d40571302f6e1bf9b794ffb7058f,20,0,20
0xf59afe732b2793d541780fd02945228db1fad8ed,311,207,104
0xc67ded0ec78b849e17771b2e8a7e303b4dad6dd4,142,142,0
0x759c55b14190ce6c5a74c15d62cd04a1ad9e49d7,242,174,68
0x0bb217e40f8a5cb79adf04e1aab60e5abd0dfc1e,270,270,0
0x44c01e5e4216f3162538914d9c7f5e6a0d87820e,302,32,270
0x96429e4af2fac1a1ca6c620588ee9458b88832ec,112,64,48
0xba4698cbaa15f124316fdfbe871fa4df4fd6f3c1,43,36,7
0xd7e9085c499c60d77264388f518a4ca4356b751f,454,452,2
0x1d3ada5856b14d9df178ea5cab137d436dc55f1d,401,7,394
0x40f8a8b7479f6ed1737f0dcf49c19b11753d7571,48,31,17
0x4e34ec528a663194f4dfe40641e8a3a98abb6e84,168,9,159
0x39643e01ca914cc147828910550a74bd1c676a5b,316,207,109
0xdfb3209a77afaa7cec3745d1c68ec617f3803326,26,8,18
0x53fd2342b43ecd24aef1535bc3797f509616ce8c,51,26,25
0x26baebef64ba69705adff49d3c10bf8ed5fe1573,279,6,273
0x7dd62f37e239e393b94fee38621d8f04842ee75b,96,5,91
0xad0db7368cdfbd3153f7dfaca51a78eeb39f6d71,347,32,315
0x68cf439ba5d2897524091ef81cb0a3d1f56e5500,81,52,29
0x485d17a6f1b8780392d53d64751824253011a260,126,126,0
0x449cfee3ec002862a9bbb841791e6e86a028a96e,16,16,0
0x3266b70962a61f1917f79c387749e3bd95a9ff52,75,14,61
0xeeca143947ae66d5f74acb0dbb105faf47b29596,70,1,69
0x9010a15184da16e3a7c5b4aa50094dfe3bb36989,66,1,65
0x7ee5b03bf4153bcb466a224411b46655bb5566c9,34,34,0
0x07e3c70653548b04f0a75970c1f81b4cbbfb606f,206,206,0
0x690626a28676301c3254ce909d4eb0437ebfade3,45,33,12
0x2030881f8d1b26428360b200c76e8516bd0d9b9b,127,127,0
0x000c100050e98c91f9114fa5dd75ce6869bf4f53,361,361,0
0xbe6e3669464e7db1e1528212f0bff5039461cb82,186,103,83
0x90390b630afe8f86dcb9199ba847736ffd450ec1,208,12,196
0x4524c943c2dd99775adf427577c2c7b09d22b865,61,0,61
0x0f78c6eee3c89ff37fd9ef96bd685830993636f2,374,65,309
0x08c32b0726c5684024ea6e141c50ade9690bbdcc,130,4,126
0xe5983a97adb1cd238c552c6b43a9f788fdeeea4b,27,2,25
0x461b71cff4d4334bba09489ace4b5dc1a1813445,58,58,0
0x1f8483664620ff1278f4c1b0d11e4d7daa11a035,109,109,0
0x51e2543c55db78d129dc8c82e4447942b957f82b,22,22,0
0x6f38b6b808e68e031f11bf9d321c6085aedda185,17,16,1
0x54f456b544abfb785694400bcb1d85629b2d437f,46,18,28
0x67e23ce9d03aaaa1a95b6784eca0942c3f7d85fe,154,153,1
0xeb7140b4273fb51c08cd66b1462ca4adcee9b01c,36,35,1
0x2b867efd2de4ad2b583ca0cb3df9c4040ef4d329,71,71,0
0x43b3be9344465e472a0359cce73b433bd6641c8d,32,32,0
0x6c0f9679de42ca516e0aaeb3a661d3acc1fc04a8,58,47,11
0x15526af86721e8265139e4f3d759c343ac1d53ce,72,26,46
0xc719d010b63e5bbf2c0551872cd5316ed26acd83,248,248,0
0x109a81f1e0a35d4c1d0cae8acc6597cd54b47bc6,103,22,81
0x416de360946ecabb4665781cae3417a1d0c90690,284,7,277
0x0ce0b6585564a5e790476b80d567b257cb708e18,189,14,175
0xf8ad42ab76862a934ad2e4578c6a108b172cd287,165,103,62
0xc051aab77edf25119b1a37740636ddbfb803c4e5,173,172,1
0xfc74fd0f2c7ead04f1e5e9fd82aef55620710d7c,41,41,0
0x05218d1744caf09190f72333f9167ce12d18af5c,104,0,104
0xbd356a39bff2cada8e9248532dd879147221cf76,185,185,0
0x0b569fa433faa7f01f3ea880193de38044b41de0,87,35,52
0xc4638af1e01720c4b5df3bc8d833db6be85d2211,132,69,63
0xe3edd17272c618693757a917e566749a03397165,270,5,265
0x155b25c0014080deff72d382ce1dc49163ab9fc8,173,173,0
0xbb97e381f1d1e94ffa2a5844f6875e6146981009,268,104,164
0x47dabc1ca8a38c7c24359345e1f16d93ba81d795,117,79,38
0x9e46a38f5daabe8683e10793b06749eef7d733d1,232,232,0
0x5a48d3aaee0ae55577fa80eabfc484a4a6e876e8,207,27,180
0x0b42c04305ffd4b1aaf9942af59820aefccd57b8,393,72,321
